Id,Question,partialDRS,Solution,Gen Query,Gen.contains(Man)
1,Which is the nationality of the creator of A Flowered Gown?," X1-be-is-null,X2-which-Which-null,X5-Gown-Gown-a,X4-creator-creator-the,X3-nationality-nationality-the, X1-subj-X2,X5-flowered-true,X5-has_name-Gown,X4-of-X5,X3-of-X4,X1-obj-X3, X1-be-is-null,X2-which-Which-null,X5-Gown-Gown-a,X4-creator-creator-the,X3-nationality-nationality-the, X1-subj-X2,X5-has_name-Flowered,X5-has_name-Gown,X4-of-X5,X3-of-X4,X1-obj-X3, X1-be-is-null,X2-which-Which-null,X3-nationality-nationality-the,X5-Gown-Gown-a,X4-creator-creator-the, X1-subj-X2,X1-obj-X3,X5-flowered-true,X5-has_name-Gown,X4-of-X5,X1-obl_of-X4, X1-be-is-null,X2-which-Which-null,X3-nationality-nationality-the,X5-Gown-Gown-a,X4-creator-creator-the, X1-subj-X2,X1-obj-X3,X5-has_name-Flowered,X5-has_name-Gown,X4-of-X5,X1-obl_of-X4, X1-be-is-null,X2-which-Which-null,X3-nationality-nationality-the,X4-creator-creator-the,X5-Gown-Gown-a, X1-subj-X2,X1-obj-X3,X1-obl_of-X4,X5-flowered-true,X5-has_name-Gown,X1-obl_of-X5, X1-be-is-null,X2-which-Which-null,X3-nationality-nationality-the,X4-creator-creator-the,X5-Gown-Gown-a, X1-subj-X2,X1-obj-X3,X1-obl_of-X4,X5-has_name-Flowered,X5-has_name-Gown,X1-obl_of-X5, X1-be-is-null,X2-which-Which-null,X4-creator-creator-the,X5-Gown-Gown-a,X3-nationality-nationality-the, X1-subj-X2,X3-of-X4,X5-flowered-true,X5-has_name-Gown,X3-of-X5,X1-obj-X3, X1-be-is-null,X2-which-Which-null,X4-creator-creator-the,X5-Gown-Gown-a,X3-nationality-nationality-the, X1-subj-X2,X3-of-X4,X5-has_name-Flowered,X5-has_name-Gown,X3-of-X5,X1-obj-X3, X1-be-is-null,X2-which-Which-null,X4-Gown-Gown-a,X3-nationality-nationality-the,X5-creator-creator-the, X1-subj-X2,X4-flowered-true,X4-has_name-Gown,X3-of-X4,X1-obj-X3,X1-obl_of-X5, X1-be-is-null,X2-which-Which-null,X4-Gown-Gown-a,X3-nationality-nationality-the,X5-creator-creator-the, X1-subj-X2,X4-has_name-Flowered,X4-has_name-Gown,X3-of-X4,X1-obj-X3,X1-obl_of-X5, X1-be-is-null,X2-which-Which-null,X4-creator-creator-the,X3-nationality-nationality-the,X5-Gown-Gown-a, X1-subj-X2,X3-of-X4,X1-obj-X3,X5-flowered-true,X5-has_name-Gown,X1-obl_of-X5, X1-be-is-null,X2-which-Which-null,X4-creator-creator-the,X3-nationality-nationality-the,X5-Gown-Gown-a, X1-subj-X2,X3-of-X4,X1-obj-X3,X5-has_name-Flowered,X5-has_name-Gown,X1-obl_of-X5,","Drs [
 tokens=[],
 dEntities=[
DEntity(X1, be, is, VERB, null, false, Query1, Query), 
DEntity(X2, which, Which, PRON, null, false, Qualifier2, Qualifier), 
DEntity(X5, Gown, Gown, PROPN, a, false, Artefact3, Artefact), 
DEntity(X4, creator, creator, NOUN, the, false, Artist4, Artist), 
DEntity(X3, nationality, nationality, NOUN, the, false, ConceptArtist5, ConceptArtist)],
 dConditions=[
DCondition(X1, subj, X2, propriedades= [qQualifier] --- []), 
DCondition(X5, flowered, true, propriedades= [] --- [has_name, has_text, who]), 
DCondition(X5, has_name, Gown, propriedades= [] --- [has_name, has_text, who]), 
DCondition(X4, of, X5, propriedades= [author_of] --- []), 
DCondition(X3, of, X4, propriedades= [conc_of_Artist] --- []), 
DCondition(X1, obj, X3, propriedades= [select] --- []), 
DCondition(X1, has_text, be, propriedades= [] --- [has_name, has_text, who]), 
DCondition(X2, has_text, which, propriedades= [] --- [has_name, has_text, who]), 
DCondition(X5, has_text, Gown, propriedades= [] --- [has_name, has_text, who]), 
DCondition(X4, has_text, creator, propriedades= [] --- [has_name, has_text, who]), 
DCondition(X3, has_text, nationality, propriedades= [] --- [has_name, has_text, who]), 
DCondition(X2, has_name, null list, propriedades= [] --- [has_name, has_text, who]), 
DCondition(X1, obj, X2, propriedades= [qQualifier] --- [])]
 solu��es = []
 numeroFrase = 0
 numHasNames = 2
 numIndividuals = 5
 numEntitiesOk = 10
 numIsClass = 0
 numPropsOk = 5
 numEntitiesNOk = 0
 numClassesOk = 4]"," PREFIX rdf: <http://www.w3.org/1999/02/22-rdf-syntax-ns#> PREFIX xsd: <http://www.w3.org/2001/XMLSchema#> PREFIX rdfs: <http://www.w3.org/2000/01/rdf-schema#> PREFIX cidoc: <http://www.cidoc-crm.org/cidoc-crm/> SELECT  DISTINCT  ?snameConceptArtist5 ?ConceptArtist5 ?snameArtefact3 ?Artefact3 WHERE { {{?Artefact3 cidoc:P131_is_identified_by ?nameArtefact3 . ?nameArtefact3 rdf:value ?snameArtefact3 .}  UNION {?Artefact3 rdfs:label ?snameArtefact3 .}}  filter(regex(?snameArtefact3,""Gown"",""i"")) . ?prod cidoc:P14_carried_out_by ?Artist4 . ?Artefact3 cidoc:P108i_was_produced_by ?prod . ?Artist4 rdfs:label ?snameArtist4 . ?Artist4 cidoc:P107i_is_current_or_former_member_of ?ConceptArtist5. ?ConceptArtist5 rdfs:label ?snameConceptArtist5. }",true
2,Which is the nationality of the creator of A Pine Tree?," X1-be-is-null,X2-which-Which-null,X5-Pine Tree-Pine Tree-a,X4-creator-creator-the,X3-nationality-nationality-the, X1-subj-X2,X5-has_name-Pine Tree,X4-of-X5,X3-of-X4,X1-obj-X3, X1-be-is-null,X2-which-Which-null,X3-nationality-nationality-the,X5-Pine Tree-Pine Tree-a,X4-creator-creator-the, X1-subj-X2,X1-obj-X3,X5-has_name-Pine Tree,X4-of-X5,X1-obl_of-X4, X1-be-is-null,X2-which-Which-null,X3-nationality-nationality-the,X4-creator-creator-the,X5-Pine Tree-Pine Tree-a, X1-subj-X2,X1-obj-X3,X1-obl_of-X4,X5-has_name-Pine Tree,X1-obl_of-X5, X1-be-is-null,X2-which-Which-null,X4-creator-creator-the,X5-Pine Tree-Pine Tree-a,X3-nationality-nationality-the, X1-subj-X2,X3-of-X4,X5-has_name-Pine Tree,X3-of-X5,X1-obj-X3, X1-be-is-null,X2-which-Which-null,X4-Pine Tree-Pine Tree-a,X3-nationality-nationality-the,X5-creator-creator-the, X1-subj-X2,X4-has_name-Pine Tree,X3-of-X4,X1-obj-X3,X1-obl_of-X5, X1-be-is-null,X2-which-Which-null,X4-creator-creator-the,X3-nationality-nationality-the,X5-Pine Tree-Pine Tree-a, X1-subj-X2,X3-of-X4,X1-obj-X3,X5-has_name-Pine Tree,X1-obl_of-X5,","Drs [
 tokens=[],
 dEntities=[
DEntity(X1, be, is, VERB, null, false, Query1, Query), 
DEntity(X2, which, Which, PRON, null, false, Qualifier2, Qualifier), 
DEntity(X5, Pine Tree, Pine Tree, PROPN, a, false, Artefact3, Artefact), 
DEntity(X4, creator, creator, NOUN, the, false, Artist4, Artist), 
DEntity(X3, nationality, nationality, NOUN, the, false, ConceptArtist5, ConceptArtist)],
 dConditions=[
DCondition(X1, subj, X2, propriedades= [qQualifier] --- []), 
DCondition(X5, has_name, Pine Tree, propriedades= [] --- [has_name, has_text, who]), 
DCondition(X4, of, X5, propriedades= [author_of] --- []), 
DCondition(X3, of, X4, propriedades= [conc_of_Artist] --- []), 
DCondition(X1, obj, X3, propriedades= [select] --- []), 
DCondition(X1, has_text, be, propriedades= [] --- [has_name, has_text, who]), 
DCondition(X2, has_text, which, propriedades= [] --- [has_name, has_text, who]), 
DCondition(X5, has_text, Pine Tree, propriedades= [] --- [has_name, has_text, who]), 
DCondition(X4, has_text, creator, propriedades= [] --- [has_name, has_text, who]), 
DCondition(X3, has_text, nationality, propriedades= [] --- [has_name, has_text, who]), 
DCondition(X2, has_name, null list, propriedades= [] --- [has_name, has_text, who]), 
DCondition(X1, obj, X2, propriedades= [qQualifier] --- [])]
 solu��es = []
 numeroFrase = 0
 numHasNames = 2
 numIndividuals = 5
 numEntitiesOk = 10
 numIsClass = 0
 numPropsOk = 5
 numEntitiesNOk = 0
 numClassesOk = 4]"," PREFIX rdf: <http://www.w3.org/1999/02/22-rdf-syntax-ns#> PREFIX xsd: <http://www.w3.org/2001/XMLSchema#> PREFIX rdfs: <http://www.w3.org/2000/01/rdf-schema#> PREFIX cidoc: <http://www.cidoc-crm.org/cidoc-crm/> SELECT  DISTINCT  ?snameConceptArtist5 ?ConceptArtist5 ?snameArtefact3 ?Artefact3 WHERE { {{?Artefact3 cidoc:P131_is_identified_by ?nameArtefact3 . ?nameArtefact3 rdf:value ?snameArtefact3 .}  UNION {?Artefact3 rdfs:label ?snameArtefact3 .}}  filter(regex(?snameArtefact3,""Pine Tree"",""i"")) . ?prod cidoc:P14_carried_out_by ?Artist4 . ?Artefact3 cidoc:P108i_was_produced_by ?prod . ?Artist4 rdfs:label ?snameArtist4 . ?Artist4 cidoc:P107i_is_current_or_former_member_of ?ConceptArtist5. ?ConceptArtist5 rdfs:label ?snameConceptArtist5. }",true
3,Which is the nationality of the creator of A Scouting Party?," X1-be-is-null,X2-which-Which-null,X5-Scouting Party-Scouting Party-a,X4-creator-creator-the,X3-nationality-nationality-the, X1-subj-X2,X5-has_name-Scouting Party,X4-of-X5,X3-of-X4,X1-obj-X3, X1-be-is-null,X2-which-Which-null,X3-nationality-nationality-the,X5-Scouting Party-Scouting Party-a,X4-creator-creator-the, X1-subj-X2,X1-obj-X3,X5-has_name-Scouting Party,X4-of-X5,X1-obl_of-X4, X1-be-is-null,X2-which-Which-null,X3-nationality-nationality-the,X4-creator-creator-the,X5-Scouting Party-Scouting Party-a, X1-subj-X2,X1-obj-X3,X1-obl_of-X4,X5-has_name-Scouting Party,X1-obl_of-X5, X1-be-is-null,X2-which-Which-null,X4-creator-creator-the,X5-Scouting Party-Scouting Party-a,X3-nationality-nationality-the, X1-subj-X2,X3-of-X4,X5-has_name-Scouting Party,X3-of-X5,X1-obj-X3, X1-be-is-null,X2-which-Which-null,X4-Scouting Party-Scouting Party-a,X3-nationality-nationality-the,X5-creator-creator-the, X1-subj-X2,X4-has_name-Scouting Party,X3-of-X4,X1-obj-X3,X1-obl_of-X5, X1-be-is-null,X2-which-Which-null,X4-creator-creator-the,X3-nationality-nationality-the,X5-Scouting Party-Scouting Party-a, X1-subj-X2,X3-of-X4,X1-obj-X3,X5-has_name-Scouting Party,X1-obl_of-X5,","Drs [
 tokens=[],
 dEntities=[
DEntity(X1, be, is, VERB, null, false, Query1, Query), 
DEntity(X2, which, Which, PRON, null, false, Qualifier2, Qualifier), 
DEntity(X5, Scouting Party, Scouting Party, PROPN, a, false, Artefact3, Artefact), 
DEntity(X4, creator, creator, NOUN, the, false, Artist4, Artist), 
DEntity(X3, nationality, nationality, NOUN, the, false, ConceptArtist5, ConceptArtist)],
 dConditions=[
DCondition(X1, subj, X2, propriedades= [qQualifier] --- []), 
DCondition(X5, has_name, Scouting Party, propriedades= [] --- [has_name, has_text, who]), 
DCondition(X4, of, X5, propriedades= [author_of] --- []), 
DCondition(X3, of, X4, propriedades= [conc_of_Artist] --- []), 
DCondition(X1, obj, X3, propriedades= [select] --- []), 
DCondition(X1, has_text, be, propriedades= [] --- [has_name, has_text, who]), 
DCondition(X2, has_text, which, propriedades= [] --- [has_name, has_text, who]), 
DCondition(X5, has_text, Scouting Party, propriedades= [] --- [has_name, has_text, who]), 
DCondition(X4, has_text, creator, propriedades= [] --- [has_name, has_text, who]), 
DCondition(X3, has_text, nationality, propriedades= [] --- [has_name, has_text, who]), 
DCondition(X2, has_name, null list, propriedades= [] --- [has_name, has_text, who]), 
DCondition(X1, obj, X2, propriedades= [qQualifier] --- [])]
 solu��es = []
 numeroFrase = 0
 numHasNames = 2
 numIndividuals = 5
 numEntitiesOk = 10
 numIsClass = 0
 numPropsOk = 5
 numEntitiesNOk = 0
 numClassesOk = 4]"," PREFIX rdf: <http://www.w3.org/1999/02/22-rdf-syntax-ns#> PREFIX xsd: <http://www.w3.org/2001/XMLSchema#> PREFIX rdfs: <http://www.w3.org/2000/01/rdf-schema#> PREFIX cidoc: <http://www.cidoc-crm.org/cidoc-crm/> SELECT  DISTINCT  ?snameConceptArtist5 ?ConceptArtist5 ?snameArtefact3 ?Artefact3 WHERE { {{?Artefact3 cidoc:P131_is_identified_by ?nameArtefact3 . ?nameArtefact3 rdf:value ?snameArtefact3 .}  UNION {?Artefact3 rdfs:label ?snameArtefact3 .}}  filter(regex(?snameArtefact3,""Scouting Party"",""i"")) . ?prod cidoc:P14_carried_out_by ?Artist4 . ?Artefact3 cidoc:P108i_was_produced_by ?prod . ?Artist4 rdfs:label ?snameArtist4 . ?Artist4 cidoc:P107i_is_current_or_former_member_of ?ConceptArtist5. ?ConceptArtist5 rdfs:label ?snameConceptArtist5. }",true
4,Which is the nationality of the creator of A Study of Trees?," X1-be-is-null,X2-which-Which-null,X6-tree-Trees-null,X5-Study-Study-a,X4-creator-creator-the,X3-nationality-nationality-the, X1-subj-X2,X5-of-X6,X5-has_name-Study,X4-of-X5,X3-of-X4,X1-obj-X3, X1-be-is-null,X2-which-Which-null,X3-nationality-nationality-the,X6-tree-Trees-null,X5-Study-Study-a,X4-creator-creator-the, X1-subj-X2,X1-obj-X3,X5-of-X6,X5-has_name-Study,X4-of-X5,X1-obl_of-X4, X1-be-is-null,X2-which-Which-null,X3-nationality-nationality-the,X4-creator-creator-the,X6-tree-Trees-null,X5-Study-Study-a, X1-subj-X2,X1-obj-X3,X1-obl_of-X4,X5-of-X6,X5-has_name-Study,X1-obl_of-X5, X1-be-is-null,X2-which-Which-null,X3-nationality-nationality-the,X4-creator-creator-the,X5-Study-Study-a,X6-tree-Trees-null, X1-subj-X2,X1-obj-X3,X1-obl_of-X4,X5-has_name-Study,X1-obl_of-X5,X1-obl_of-X6, X1-be-is-null,X2-which-Which-null,X3-nationality-nationality-the,X5-Study-Study-a,X6-tree-Trees-null,X4-creator-creator-the, X1-subj-X2,X1-obj-X3,X5-has_name-Study,X4-of-X5,X4-of-X6,X1-obl_of-X4, X1-be-is-null,X2-which-Which-null,X4-creator-creator-the,X6-tree-Trees-null,X5-Study-Study-a,X3-nationality-nationality-the, X1-subj-X2,X3-of-X4,X5-of-X6,X5-has_name-Study,X3-of-X5,X1-obj-X3, X1-be-is-null,X2-which-Which-null,X5-tree-Trees-null,X4-Study-Study-a,X3-nationality-nationality-the,X6-creator-creator-the, X1-subj-X2,X4-of-X5,X4-has_name-Study,X3-of-X4,X1-obj-X3,X1-obl_of-X6, X1-be-is-null,X2-which-Which-null,X4-creator-creator-the,X3-nationality-nationality-the,X6-tree-Trees-null,X5-Study-Study-a, X1-subj-X2,X3-of-X4,X1-obj-X3,X5-of-X6,X5-has_name-Study,X1-obl_of-X5, X1-be-is-null,X2-which-Which-null,X4-creator-creator-the,X5-Study-Study-a,X6-tree-Trees-null,X3-nationality-nationality-the, X1-subj-X2,X3-of-X4,X5-has_name-Study,X3-of-X5,X3-of-X6,X1-obj-X3, X1-be-is-null,X2-which-Which-null,X5-Study-Study-a,X6-tree-Trees-null,X4-creator-creator-the,X3-nationality-nationality-the, X1-subj-X2,X5-has_name-Study,X4-of-X5,X4-of-X6,X3-of-X4,X1-obj-X3,",Incorrect partial DRS,null,null
5,Which is the nationality of the creator of Aanakin?," X1-be-is-null,X2-which-Which-null,X5-Aanakin-Aanakin-null,X4-creator-creator-the,X3-nationality-nationality-the, X1-subj-X2,X5-has_name-Aanakin,X4-of-X5,X3-of-X4,X1-obj-X3, X1-be-is-null,X2-which-Which-null,X3-nationality-nationality-the,X5-Aanakin-Aanakin-null,X4-creator-creator-the, X1-subj-X2,X1-obj-X3,X5-has_name-Aanakin,X4-of-X5,X1-obl_of-X4, X1-be-is-null,X2-which-Which-null,X3-nationality-nationality-the,X4-creator-creator-the,X5-Aanakin-Aanakin-null, X1-subj-X2,X1-obj-X3,X1-obl_of-X4,X5-has_name-Aanakin,X1-obl_of-X5, X1-be-is-null,X2-which-Which-null,X4-creator-creator-the,X5-Aanakin-Aanakin-null,X3-nationality-nationality-the, X1-subj-X2,X3-of-X4,X5-has_name-Aanakin,X3-of-X5,X1-obj-X3, X1-be-is-null,X2-which-Which-null,X4-Aanakin-Aanakin-null,X3-nationality-nationality-the,X5-creator-creator-the, X1-subj-X2,X4-has_name-Aanakin,X3-of-X4,X1-obj-X3,X1-obl_of-X5, X1-be-is-null,X2-which-Which-null,X4-creator-creator-the,X3-nationality-nationality-the,X5-Aanakin-Aanakin-null, X1-subj-X2,X3-of-X4,X1-obj-X3,X5-has_name-Aanakin,X1-obl_of-X5,","Drs [
 tokens=[],
 dEntities=[
DEntity(X1, be, is, VERB, null, false, Query1, Query), 
DEntity(X2, which, Which, PRON, null, false, Qualifier2, Qualifier), 
DEntity(X5, Aanakin, Aanakin, PROPN, null, false, Artefact3, Artefact), 
DEntity(X4, creator, creator, NOUN, the, false, Artist4, Artist), 
DEntity(X3, nationality, nationality, NOUN, the, false, ConceptArtist5, ConceptArtist)],
 dConditions=[
DCondition(X1, subj, X2, propriedades= [qQualifier] --- []), 
DCondition(X5, has_name, Aanakin, propriedades= [] --- [has_name, has_text, who]), 
DCondition(X4, of, X5, propriedades= [author_of] --- []), 
DCondition(X3, of, X4, propriedades= [conc_of_Artist] --- []), 
DCondition(X1, obj, X3, propriedades= [select] --- []), 
DCondition(X1, has_text, be, propriedades= [] --- [has_name, has_text, who]), 
DCondition(X2, has_text, which, propriedades= [] --- [has_name, has_text, who]), 
DCondition(X5, has_text, Aanakin, propriedades= [] --- [has_name, has_text, who]), 
DCondition(X4, has_text, creator, propriedades= [] --- [has_name, has_text, who]), 
DCondition(X3, has_text, nationality, propriedades= [] --- [has_name, has_text, who]), 
DCondition(X2, has_name, null list, propriedades= [] --- [has_name, has_text, who]), 
DCondition(X1, obj, X2, propriedades= [qQualifier] --- [])]
 solu��es = []
 numeroFrase = 0
 numHasNames = 2
 numIndividuals = 5
 numEntitiesOk = 10
 numIsClass = 0
 numPropsOk = 5
 numEntitiesNOk = 0
 numClassesOk = 4]"," PREFIX rdf: <http://www.w3.org/1999/02/22-rdf-syntax-ns#> PREFIX xsd: <http://www.w3.org/2001/XMLSchema#> PREFIX rdfs: <http://www.w3.org/2000/01/rdf-schema#> PREFIX cidoc: <http://www.cidoc-crm.org/cidoc-crm/> SELECT  DISTINCT  ?snameConceptArtist5 ?ConceptArtist5 ?snameArtefact3 ?Artefact3 WHERE { {{?Artefact3 cidoc:P131_is_identified_by ?nameArtefact3 . ?nameArtefact3 rdf:value ?snameArtefact3 .}  UNION {?Artefact3 rdfs:label ?snameArtefact3 .}}  filter(regex(?snameArtefact3,""Aanakin"",""i"")) . ?prod cidoc:P14_carried_out_by ?Artist4 . ?Artefact3 cidoc:P108i_was_produced_by ?prod . ?Artist4 rdfs:label ?snameArtist4 . ?Artist4 cidoc:P107i_is_current_or_former_member_of ?ConceptArtist5. ?ConceptArtist5 rdfs:label ?snameConceptArtist5. }",true
6,Which is the nationality of the creator of Abstract Still Life?,,Incorrect Stanza Parsing,null,null
7,Which is the nationality of the creator of Adjuster Tequila?," X1-be-is-null,X2-which-Which-null,X5-Adjuster Tequila-Adjuster Tequila-null,X4-creator-creator-the,X3-nationality-nationality-the, X1-subj-X2,X5-has_name-Adjuster Tequila,X4-of-X5,X3-of-X4,X1-obj-X3, X1-be-is-null,X2-which-Which-null,X3-nationality-nationality-the,X5-Adjuster Tequila-Adjuster Tequila-null,X4-creator-creator-the, X1-subj-X2,X1-obj-X3,X5-has_name-Adjuster Tequila,X4-of-X5,X1-obl_of-X4, X1-be-is-null,X2-which-Which-null,X3-nationality-nationality-the,X4-creator-creator-the,X5-Adjuster Tequila-Adjuster Tequila-null, X1-subj-X2,X1-obj-X3,X1-obl_of-X4,X5-has_name-Adjuster Tequila,X1-obl_of-X5, X1-be-is-null,X2-which-Which-null,X4-creator-creator-the,X5-Adjuster Tequila-Adjuster Tequila-null,X3-nationality-nationality-the, X1-subj-X2,X3-of-X4,X5-has_name-Adjuster Tequila,X3-of-X5,X1-obj-X3, X1-be-is-null,X2-which-Which-null,X4-Adjuster Tequila-Adjuster Tequila-null,X3-nationality-nationality-the,X5-creator-creator-the, X1-subj-X2,X4-has_name-Adjuster Tequila,X3-of-X4,X1-obj-X3,X1-obl_of-X5, X1-be-is-null,X2-which-Which-null,X4-creator-creator-the,X3-nationality-nationality-the,X5-Adjuster Tequila-Adjuster Tequila-null, X1-subj-X2,X3-of-X4,X1-obj-X3,X5-has_name-Adjuster Tequila,X1-obl_of-X5,","Drs [
 tokens=[],
 dEntities=[
DEntity(X1, be, is, VERB, null, false, Query1, Query), 
DEntity(X2, which, Which, PRON, null, false, Qualifier2, Qualifier), 
DEntity(X5, Adjuster Tequila, Adjuster Tequila, PROPN, null, false, Artefact3, Artefact), 
DEntity(X4, creator, creator, NOUN, the, false, Artist4, Artist), 
DEntity(X3, nationality, nationality, NOUN, the, false, ConceptArtist5, ConceptArtist)],
 dConditions=[
DCondition(X1, subj, X2, propriedades= [qQualifier] --- []), 
DCondition(X5, has_name, Adjuster Tequila, propriedades= [] --- [has_name, has_text, who]), 
DCondition(X4, of, X5, propriedades= [author_of] --- []), 
DCondition(X3, of, X4, propriedades= [conc_of_Artist] --- []), 
DCondition(X1, obj, X3, propriedades= [select] --- []), 
DCondition(X1, has_text, be, propriedades= [] --- [has_name, has_text, who]), 
DCondition(X2, has_text, which, propriedades= [] --- [has_name, has_text, who]), 
DCondition(X5, has_text, Adjuster Tequila, propriedades= [] --- [has_name, has_text, who]), 
DCondition(X4, has_text, creator, propriedades= [] --- [has_name, has_text, who]), 
DCondition(X3, has_text, nationality, propriedades= [] --- [has_name, has_text, who]), 
DCondition(X2, has_name, null list, propriedades= [] --- [has_name, has_text, who]), 
DCondition(X1, obj, X2, propriedades= [qQualifier] --- [])]
 solu��es = []
 numeroFrase = 0
 numHasNames = 2
 numIndividuals = 5
 numEntitiesOk = 10
 numIsClass = 0
 numPropsOk = 5
 numEntitiesNOk = 0
 numClassesOk = 4]"," PREFIX rdf: <http://www.w3.org/1999/02/22-rdf-syntax-ns#> PREFIX xsd: <http://www.w3.org/2001/XMLSchema#> PREFIX rdfs: <http://www.w3.org/2000/01/rdf-schema#> PREFIX cidoc: <http://www.cidoc-crm.org/cidoc-crm/> SELECT  DISTINCT  ?snameConceptArtist5 ?ConceptArtist5 ?snameArtefact3 ?Artefact3 WHERE { {{?Artefact3 cidoc:P131_is_identified_by ?nameArtefact3 . ?nameArtefact3 rdf:value ?snameArtefact3 .}  UNION {?Artefact3 rdfs:label ?snameArtefact3 .}}  filter(regex(?snameArtefact3,""Adjuster Tequila"",""i"")) . ?prod cidoc:P14_carried_out_by ?Artist4 . ?Artefact3 cidoc:P108i_was_produced_by ?prod . ?Artist4 rdfs:label ?snameArtist4 . ?Artist4 cidoc:P107i_is_current_or_former_member_of ?ConceptArtist5. ?ConceptArtist5 rdfs:label ?snameConceptArtist5. }",true
8,Which is the nationality of the creator of After the Bath?,,Incorrect Stanza Parsing,null,null
9,Which is the nationality of the creator of Afterglow?," X1-be-is-null,X2-which-Which-null,X5-Afterglow-Afterglow-null,X4-creator-creator-the,X3-nationality-nationality-the, X1-subj-X2,X5-has_name-Afterglow,X4-of-X5,X3-of-X4,X1-obj-X3, X1-be-is-null,X2-which-Which-null,X3-nationality-nationality-the,X5-Afterglow-Afterglow-null,X4-creator-creator-the, X1-subj-X2,X1-obj-X3,X5-has_name-Afterglow,X4-of-X5,X1-obl_of-X4, X1-be-is-null,X2-which-Which-null,X3-nationality-nationality-the,X4-creator-creator-the,X5-Afterglow-Afterglow-null, X1-subj-X2,X1-obj-X3,X1-obl_of-X4,X5-has_name-Afterglow,X1-obl_of-X5, X1-be-is-null,X2-which-Which-null,X4-creator-creator-the,X5-Afterglow-Afterglow-null,X3-nationality-nationality-the, X1-subj-X2,X3-of-X4,X5-has_name-Afterglow,X3-of-X5,X1-obj-X3, X1-be-is-null,X2-which-Which-null,X4-Afterglow-Afterglow-null,X3-nationality-nationality-the,X5-creator-creator-the, X1-subj-X2,X4-has_name-Afterglow,X3-of-X4,X1-obj-X3,X1-obl_of-X5, X1-be-is-null,X2-which-Which-null,X4-creator-creator-the,X3-nationality-nationality-the,X5-Afterglow-Afterglow-null, X1-subj-X2,X3-of-X4,X1-obj-X3,X5-has_name-Afterglow,X1-obl_of-X5,","Drs [
 tokens=[],
 dEntities=[
DEntity(X1, be, is, VERB, null, false, Query1, Query), 
DEntity(X2, which, Which, PRON, null, false, Qualifier2, Qualifier), 
DEntity(X5, Afterglow, Afterglow, PROPN, null, false, Artefact3, Artefact), 
DEntity(X4, creator, creator, NOUN, the, false, Artist4, Artist), 
DEntity(X3, nationality, nationality, NOUN, the, false, ConceptArtist5, ConceptArtist)],
 dConditions=[
DCondition(X1, subj, X2, propriedades= [qQualifier] --- []), 
DCondition(X5, has_name, Afterglow, propriedades= [] --- [has_name, has_text, who]), 
DCondition(X4, of, X5, propriedades= [author_of] --- []), 
DCondition(X3, of, X4, propriedades= [conc_of_Artist] --- []), 
DCondition(X1, obj, X3, propriedades= [select] --- []), 
DCondition(X1, has_text, be, propriedades= [] --- [has_name, has_text, who]), 
DCondition(X2, has_text, which, propriedades= [] --- [has_name, has_text, who]), 
DCondition(X5, has_text, Afterglow, propriedades= [] --- [has_name, has_text, who]), 
DCondition(X4, has_text, creator, propriedades= [] --- [has_name, has_text, who]), 
DCondition(X3, has_text, nationality, propriedades= [] --- [has_name, has_text, who]), 
DCondition(X2, has_name, null list, propriedades= [] --- [has_name, has_text, who]), 
DCondition(X1, obj, X2, propriedades= [qQualifier] --- [])]
 solu��es = []
 numeroFrase = 0
 numHasNames = 2
 numIndividuals = 5
 numEntitiesOk = 10
 numIsClass = 0
 numPropsOk = 5
 numEntitiesNOk = 0
 numClassesOk = 4]"," PREFIX rdf: <http://www.w3.org/1999/02/22-rdf-syntax-ns#> PREFIX xsd: <http://www.w3.org/2001/XMLSchema#> PREFIX rdfs: <http://www.w3.org/2000/01/rdf-schema#> PREFIX cidoc: <http://www.cidoc-crm.org/cidoc-crm/> SELECT  DISTINCT  ?snameConceptArtist5 ?ConceptArtist5 ?snameArtefact3 ?Artefact3 WHERE { {{?Artefact3 cidoc:P131_is_identified_by ?nameArtefact3 . ?nameArtefact3 rdf:value ?snameArtefact3 .}  UNION {?Artefact3 rdfs:label ?snameArtefact3 .}}  filter(regex(?snameArtefact3,""Afterglow"",""i"")) . ?prod cidoc:P14_carried_out_by ?Artist4 . ?Artefact3 cidoc:P108i_was_produced_by ?prod . ?Artist4 rdfs:label ?snameArtist4 . ?Artist4 cidoc:P107i_is_current_or_former_member_of ?ConceptArtist5. ?ConceptArtist5 rdfs:label ?snameConceptArtist5. }",true
10,Which is the nationality of the creator of All Good Dogs?," X1-be-is-null,X2-which-Which-null,X5-dog-Dogs-all,X4-creator-creator-the,X3-nationality-nationality-the, X1-subj-X2,X5-good-true,X5-has_name-dog,X4-of-X5,X3-of-X4,X1-obj-X3, X1-be-is-null,X2-which-Which-null,X5-dog-Dogs-all,X4-creator-creator-the,X3-nationality-nationality-the, X1-subj-X2,X5-has_name-Good,X5-has_name-dog,X4-of-X5,X3-of-X4,X1-obj-X3, X1-be-is-null,X2-which-Which-null,X3-nationality-nationality-the,X5-dog-Dogs-all,X4-creator-creator-the, X1-subj-X2,X1-obj-X3,X5-good-true,X5-has_name-dog,X4-of-X5,X1-obl_of-X4, X1-be-is-null,X2-which-Which-null,X3-nationality-nationality-the,X5-dog-Dogs-all,X4-creator-creator-the, X1-subj-X2,X1-obj-X3,X5-has_name-Good,X5-has_name-dog,X4-of-X5,X1-obl_of-X4, X1-be-is-null,X2-which-Which-null,X3-nationality-nationality-the,X4-creator-creator-the,X5-dog-Dogs-all, X1-subj-X2,X1-obj-X3,X1-obl_of-X4,X5-good-true,X5-has_name-dog,X1-obl_of-X5, X1-be-is-null,X2-which-Which-null,X3-nationality-nationality-the,X4-creator-creator-the,X5-dog-Dogs-all, X1-subj-X2,X1-obj-X3,X1-obl_of-X4,X5-has_name-Good,X5-has_name-dog,X1-obl_of-X5, X1-be-is-null,X2-which-Which-null,X4-creator-creator-the,X5-dog-Dogs-all,X3-nationality-nationality-the, X1-subj-X2,X3-of-X4,X5-good-true,X5-has_name-dog,X3-of-X5,X1-obj-X3, X1-be-is-null,X2-which-Which-null,X4-creator-creator-the,X5-dog-Dogs-all,X3-nationality-nationality-the, X1-subj-X2,X3-of-X4,X5-has_name-Good,X5-has_name-dog,X3-of-X5,X1-obj-X3, X1-be-is-null,X2-which-Which-null,X4-dog-Dogs-all,X3-nationality-nationality-the,X5-creator-creator-the, X1-subj-X2,X4-good-true,X4-has_name-dog,X3-of-X4,X1-obj-X3,X1-obl_of-X5, X1-be-is-null,X2-which-Which-null,X4-dog-Dogs-all,X3-nationality-nationality-the,X5-creator-creator-the, X1-subj-X2,X4-has_name-Good,X4-has_name-dog,X3-of-X4,X1-obj-X3,X1-obl_of-X5, X1-be-is-null,X2-which-Which-null,X4-creator-creator-the,X3-nationality-nationality-the,X5-dog-Dogs-all, X1-subj-X2,X3-of-X4,X1-obj-X3,X5-good-true,X5-has_name-dog,X1-obl_of-X5, X1-be-is-null,X2-which-Which-null,X4-creator-creator-the,X3-nationality-nationality-the,X5-dog-Dogs-all, X1-subj-X2,X3-of-X4,X1-obj-X3,X5-has_name-Good,X5-has_name-dog,X1-obl_of-X5,",Incorrect partial DRS,null,null
11,Which is the nationality of the creator of Allegro?," X1-be-is-null,X2-which-Which-null,X5-Allegro-Allegro-null,X4-creator-creator-the,X3-nationality-nationality-the, X1-subj-X2,X5-has_name-Allegro,X4-of-X5,X3-of-X4,X1-obj-X3, X1-be-is-null,X2-which-Which-null,X3-nationality-nationality-the,X5-Allegro-Allegro-null,X4-creator-creator-the, X1-subj-X2,X1-obj-X3,X5-has_name-Allegro,X4-of-X5,X1-obl_of-X4, X1-be-is-null,X2-which-Which-null,X3-nationality-nationality-the,X4-creator-creator-the,X5-Allegro-Allegro-null, X1-subj-X2,X1-obj-X3,X1-obl_of-X4,X5-has_name-Allegro,X1-obl_of-X5, X1-be-is-null,X2-which-Which-null,X4-creator-creator-the,X5-Allegro-Allegro-null,X3-nationality-nationality-the, X1-subj-X2,X3-of-X4,X5-has_name-Allegro,X3-of-X5,X1-obj-X3, X1-be-is-null,X2-which-Which-null,X4-Allegro-Allegro-null,X3-nationality-nationality-the,X5-creator-creator-the, X1-subj-X2,X4-has_name-Allegro,X3-of-X4,X1-obj-X3,X1-obl_of-X5, X1-be-is-null,X2-which-Which-null,X4-creator-creator-the,X3-nationality-nationality-the,X5-Allegro-Allegro-null, X1-subj-X2,X3-of-X4,X1-obj-X3,X5-has_name-Allegro,X1-obl_of-X5,","Drs [
 tokens=[],
 dEntities=[
DEntity(X1, be, is, VERB, null, false, Query1, Query), 
DEntity(X2, which, Which, PRON, null, false, Qualifier2, Qualifier), 
DEntity(X5, Allegro, Allegro, PROPN, null, false, Artefact3, Artefact), 
DEntity(X4, creator, creator, NOUN, the, false, Artist4, Artist), 
DEntity(X3, nationality, nationality, NOUN, the, false, ConceptArtist5, ConceptArtist)],
 dConditions=[
DCondition(X1, subj, X2, propriedades= [qQualifier] --- []), 
DCondition(X5, has_name, Allegro, propriedades= [] --- [has_name, has_text, who]), 
DCondition(X4, of, X5, propriedades= [author_of] --- []), 
DCondition(X3, of, X4, propriedades= [conc_of_Artist] --- []), 
DCondition(X1, obj, X3, propriedades= [select] --- []), 
DCondition(X1, has_text, be, propriedades= [] --- [has_name, has_text, who]), 
DCondition(X2, has_text, which, propriedades= [] --- [has_name, has_text, who]), 
DCondition(X5, has_text, Allegro, propriedades= [] --- [has_name, has_text, who]), 
DCondition(X4, has_text, creator, propriedades= [] --- [has_name, has_text, who]), 
DCondition(X3, has_text, nationality, propriedades= [] --- [has_name, has_text, who]), 
DCondition(X2, has_name, null list, propriedades= [] --- [has_name, has_text, who]), 
DCondition(X1, obj, X2, propriedades= [qQualifier] --- [])]
 solu��es = []
 numeroFrase = 0
 numHasNames = 2
 numIndividuals = 5
 numEntitiesOk = 10
 numIsClass = 0
 numPropsOk = 5
 numEntitiesNOk = 0
 numClassesOk = 4]"," PREFIX rdf: <http://www.w3.org/1999/02/22-rdf-syntax-ns#> PREFIX xsd: <http://www.w3.org/2001/XMLSchema#> PREFIX rdfs: <http://www.w3.org/2000/01/rdf-schema#> PREFIX cidoc: <http://www.cidoc-crm.org/cidoc-crm/> SELECT  DISTINCT  ?snameConceptArtist5 ?ConceptArtist5 ?snameArtefact3 ?Artefact3 WHERE { {{?Artefact3 cidoc:P131_is_identified_by ?nameArtefact3 . ?nameArtefact3 rdf:value ?snameArtefact3 .}  UNION {?Artefact3 rdfs:label ?snameArtefact3 .}}  filter(regex(?snameArtefact3,""Allegro"",""i"")) . ?prod cidoc:P14_carried_out_by ?Artist4 . ?Artefact3 cidoc:P108i_was_produced_by ?prod . ?Artist4 rdfs:label ?snameArtist4 . ?Artist4 cidoc:P107i_is_current_or_former_member_of ?ConceptArtist5. ?ConceptArtist5 rdfs:label ?snameConceptArtist5. }",true
12,Which is the nationality of the creator of Amazon Region Series?,,Incorrect Stanza Parsing,null,null
13,Which is the nationality of the creator of Anagama?," X1-be-is-null,X2-which-Which-null,X5-Anagama-Anagama-null,X4-creator-creator-the,X3-nationality-nationality-the, X1-subj-X2,X5-has_name-Anagama,X4-of-X5,X3-of-X4,X1-obj-X3, X1-be-is-null,X2-which-Which-null,X3-nationality-nationality-the,X5-Anagama-Anagama-null,X4-creator-creator-the, X1-subj-X2,X1-obj-X3,X5-has_name-Anagama,X4-of-X5,X1-obl_of-X4, X1-be-is-null,X2-which-Which-null,X3-nationality-nationality-the,X4-creator-creator-the,X5-Anagama-Anagama-null, X1-subj-X2,X1-obj-X3,X1-obl_of-X4,X5-has_name-Anagama,X1-obl_of-X5, X1-be-is-null,X2-which-Which-null,X4-creator-creator-the,X5-Anagama-Anagama-null,X3-nationality-nationality-the, X1-subj-X2,X3-of-X4,X5-has_name-Anagama,X3-of-X5,X1-obj-X3, X1-be-is-null,X2-which-Which-null,X4-Anagama-Anagama-null,X3-nationality-nationality-the,X5-creator-creator-the, X1-subj-X2,X4-has_name-Anagama,X3-of-X4,X1-obj-X3,X1-obl_of-X5, X1-be-is-null,X2-which-Which-null,X4-creator-creator-the,X3-nationality-nationality-the,X5-Anagama-Anagama-null, X1-subj-X2,X3-of-X4,X1-obj-X3,X5-has_name-Anagama,X1-obl_of-X5,","Drs [
 tokens=[],
 dEntities=[
DEntity(X1, be, is, VERB, null, false, Query1, Query), 
DEntity(X2, which, Which, PRON, null, false, Qualifier2, Qualifier), 
DEntity(X5, Anagama, Anagama, PROPN, null, false, Artefact3, Artefact), 
DEntity(X4, creator, creator, NOUN, the, false, Artist4, Artist), 
DEntity(X3, nationality, nationality, NOUN, the, false, ConceptArtist5, ConceptArtist)],
 dConditions=[
DCondition(X1, subj, X2, propriedades= [qQualifier] --- []), 
DCondition(X5, has_name, Anagama, propriedades= [] --- [has_name, has_text, who]), 
DCondition(X4, of, X5, propriedades= [author_of] --- []), 
DCondition(X3, of, X4, propriedades= [conc_of_Artist] --- []), 
DCondition(X1, obj, X3, propriedades= [select] --- []), 
DCondition(X1, has_text, be, propriedades= [] --- [has_name, has_text, who]), 
DCondition(X2, has_text, which, propriedades= [] --- [has_name, has_text, who]), 
DCondition(X5, has_text, Anagama, propriedades= [] --- [has_name, has_text, who]), 
DCondition(X4, has_text, creator, propriedades= [] --- [has_name, has_text, who]), 
DCondition(X3, has_text, nationality, propriedades= [] --- [has_name, has_text, who]), 
DCondition(X2, has_name, null list, propriedades= [] --- [has_name, has_text, who]), 
DCondition(X1, obj, X2, propriedades= [qQualifier] --- [])]
 solu��es = []
 numeroFrase = 0
 numHasNames = 2
 numIndividuals = 5
 numEntitiesOk = 10
 numIsClass = 0
 numPropsOk = 5
 numEntitiesNOk = 0
 numClassesOk = 4]"," PREFIX rdf: <http://www.w3.org/1999/02/22-rdf-syntax-ns#> PREFIX xsd: <http://www.w3.org/2001/XMLSchema#> PREFIX rdfs: <http://www.w3.org/2000/01/rdf-schema#> PREFIX cidoc: <http://www.cidoc-crm.org/cidoc-crm/> SELECT  DISTINCT  ?snameConceptArtist5 ?ConceptArtist5 ?snameArtefact3 ?Artefact3 WHERE { {{?Artefact3 cidoc:P131_is_identified_by ?nameArtefact3 . ?nameArtefact3 rdf:value ?snameArtefact3 .}  UNION {?Artefact3 rdfs:label ?snameArtefact3 .}}  filter(regex(?snameArtefact3,""Anagama"",""i"")) . ?prod cidoc:P14_carried_out_by ?Artist4 . ?Artefact3 cidoc:P108i_was_produced_by ?prod . ?Artist4 rdfs:label ?snameArtist4 . ?Artist4 cidoc:P107i_is_current_or_former_member_of ?ConceptArtist5. ?ConceptArtist5 rdfs:label ?snameConceptArtist5. }",true
14,Which is the nationality of the creator of Angel Concert?," X1-be-is-null,X2-which-Which-null,X5-Angel Concert-Angel Concert-null,X4-creator-creator-the,X3-nationality-nationality-the, X1-subj-X2,X5-has_name-Angel Concert,X4-of-X5,X3-of-X4,X1-obj-X3, X1-be-is-null,X2-which-Which-null,X3-nationality-nationality-the,X5-Angel Concert-Angel Concert-null,X4-creator-creator-the, X1-subj-X2,X1-obj-X3,X5-has_name-Angel Concert,X4-of-X5,X1-obl_of-X4, X1-be-is-null,X2-which-Which-null,X3-nationality-nationality-the,X4-creator-creator-the,X5-Angel Concert-Angel Concert-null, X1-subj-X2,X1-obj-X3,X1-obl_of-X4,X5-has_name-Angel Concert,X1-obl_of-X5, X1-be-is-null,X2-which-Which-null,X4-creator-creator-the,X5-Angel Concert-Angel Concert-null,X3-nationality-nationality-the, X1-subj-X2,X3-of-X4,X5-has_name-Angel Concert,X3-of-X5,X1-obj-X3, X1-be-is-null,X2-which-Which-null,X4-Angel Concert-Angel Concert-null,X3-nationality-nationality-the,X5-creator-creator-the, X1-subj-X2,X4-has_name-Angel Concert,X3-of-X4,X1-obj-X3,X1-obl_of-X5, X1-be-is-null,X2-which-Which-null,X4-creator-creator-the,X3-nationality-nationality-the,X5-Angel Concert-Angel Concert-null, X1-subj-X2,X3-of-X4,X1-obj-X3,X5-has_name-Angel Concert,X1-obl_of-X5,","Drs [
 tokens=[],
 dEntities=[
DEntity(X1, be, is, VERB, null, false, Query1, Query), 
DEntity(X2, which, Which, PRON, null, false, Qualifier2, Qualifier), 
DEntity(X5, Angel Concert, Angel Concert, PROPN, null, false, Artefact3, Artefact), 
DEntity(X4, creator, creator, NOUN, the, false, Artist4, Artist), 
DEntity(X3, nationality, nationality, NOUN, the, false, ConceptArtist5, ConceptArtist)],
 dConditions=[
DCondition(X1, subj, X2, propriedades= [qQualifier] --- []), 
DCondition(X5, has_name, Angel Concert, propriedades= [] --- [has_name, has_text, who]), 
DCondition(X4, of, X5, propriedades= [author_of] --- []), 
DCondition(X3, of, X4, propriedades= [conc_of_Artist] --- []), 
DCondition(X1, obj, X3, propriedades= [select] --- []), 
DCondition(X1, has_text, be, propriedades= [] --- [has_name, has_text, who]), 
DCondition(X2, has_text, which, propriedades= [] --- [has_name, has_text, who]), 
DCondition(X5, has_text, Angel Concert, propriedades= [] --- [has_name, has_text, who]), 
DCondition(X4, has_text, creator, propriedades= [] --- [has_name, has_text, who]), 
DCondition(X3, has_text, nationality, propriedades= [] --- [has_name, has_text, who]), 
DCondition(X2, has_name, null list, propriedades= [] --- [has_name, has_text, who]), 
DCondition(X1, obj, X2, propriedades= [qQualifier] --- [])]
 solu��es = []
 numeroFrase = 0
 numHasNames = 2
 numIndividuals = 5
 numEntitiesOk = 10
 numIsClass = 0
 numPropsOk = 5
 numEntitiesNOk = 0
 numClassesOk = 4]"," PREFIX rdf: <http://www.w3.org/1999/02/22-rdf-syntax-ns#> PREFIX xsd: <http://www.w3.org/2001/XMLSchema#> PREFIX rdfs: <http://www.w3.org/2000/01/rdf-schema#> PREFIX cidoc: <http://www.cidoc-crm.org/cidoc-crm/> SELECT  DISTINCT  ?snameConceptArtist5 ?ConceptArtist5 ?snameArtefact3 ?Artefact3 WHERE { {{?Artefact3 cidoc:P131_is_identified_by ?nameArtefact3 . ?nameArtefact3 rdf:value ?snameArtefact3 .}  UNION {?Artefact3 rdfs:label ?snameArtefact3 .}}  filter(regex(?snameArtefact3,""Angel Concert"",""i"")) . ?prod cidoc:P14_carried_out_by ?Artist4 . ?Artefact3 cidoc:P108i_was_produced_by ?prod . ?Artist4 rdfs:label ?snameArtist4 . ?Artist4 cidoc:P107i_is_current_or_former_member_of ?ConceptArtist5. ?ConceptArtist5 rdfs:label ?snameConceptArtist5. }",true
15,"Which is the nationality of the creator of Angry Waves, State I?"," X1-be-is-null,X2-which-Which-null,X5-wave-Waves-null,X4-creator-creator-the,X3-nationality-nationality-the, X1-subj-X2,X5-has_name-State,X5-Angry-true,X5-has_name-I,X5-has_name-wave,X4-of-X5,X3-of-X4,X1-obj-X3, X1-be-is-null,X2-which-Which-null,X5-wave-Waves-null,X4-creator-creator-the,X3-nationality-nationality-the, X1-subj-X2,X5-has_name-State,X5-has_name-Angry,X5-has_name-I,X5-has_name-wave,X4-of-X5,X3-of-X4,X1-obj-X3, X1-be-is-null,X2-which-Which-null,X3-nationality-nationality-the,X5-wave-Waves-null,X4-creator-creator-the, X1-subj-X2,X1-obj-X3,X5-has_name-State,X5-Angry-true,X5-has_name-I,X5-has_name-wave,X4-of-X5,X1-obl_of-X4, X1-be-is-null,X2-which-Which-null,X3-nationality-nationality-the,X5-wave-Waves-null,X4-creator-creator-the, X1-subj-X2,X1-obj-X3,X5-has_name-State,X5-has_name-Angry,X5-has_name-I,X5-has_name-wave,X4-of-X5,X1-obl_of-X4, X1-be-is-null,X2-which-Which-null,X3-nationality-nationality-the,X4-creator-creator-the,X5-wave-Waves-null, X1-subj-X2,X1-obj-X3,X1-obl_of-X4,X5-has_name-State,X5-Angry-true,X5-has_name-I,X5-has_name-wave,X1-obl_of-X5, X1-be-is-null,X2-which-Which-null,X3-nationality-nationality-the,X4-creator-creator-the,X5-wave-Waves-null, X1-subj-X2,X1-obj-X3,X1-obl_of-X4,X5-has_name-State,X5-has_name-Angry,X5-has_name-I,X5-has_name-wave,X1-obl_of-X5, X1-be-is-null,X2-which-Which-null,X4-creator-creator-the,X5-wave-Waves-null,X3-nationality-nationality-the, X1-subj-X2,X3-of-X4,X5-has_name-State,X5-Angry-true,X5-has_name-I,X5-has_name-wave,X3-of-X5,X1-obj-X3, X1-be-is-null,X2-which-Which-null,X4-creator-creator-the,X5-wave-Waves-null,X3-nationality-nationality-the, X1-subj-X2,X3-of-X4,X5-has_name-State,X5-has_name-Angry,X5-has_name-I,X5-has_name-wave,X3-of-X5,X1-obj-X3, X1-be-is-null,X2-which-Which-null,X4-wave-Waves-null,X3-nationality-nationality-the,X5-creator-creator-the, X1-subj-X2,X4-has_name-State,X4-Angry-true,X4-has_name-I,X4-has_name-wave,X3-of-X4,X1-obj-X3,X1-obl_of-X5, X1-be-is-null,X2-which-Which-null,X4-wave-Waves-null,X3-nationality-nationality-the,X5-creator-creator-the, X1-subj-X2,X4-has_name-State,X4-has_name-Angry,X4-has_name-I,X4-has_name-wave,X3-of-X4,X1-obj-X3,X1-obl_of-X5, X1-be-is-null,X2-which-Which-null,X4-creator-creator-the,X3-nationality-nationality-the,X5-wave-Waves-null, X1-subj-X2,X3-of-X4,X1-obj-X3,X5-has_name-State,X5-Angry-true,X5-has_name-I,X5-has_name-wave,X1-obl_of-X5, X1-be-is-null,X2-which-Which-null,X4-creator-creator-the,X3-nationality-nationality-the,X5-wave-Waves-null, X1-subj-X2,X3-of-X4,X1-obj-X3,X5-has_name-State,X5-has_name-Angry,X5-has_name-I,X5-has_name-wave,X1-obl_of-X5, X1-be-is-null,X2-which-Which-null,X6-State-State-null,X5-wave-Waves-null,X4-creator-creator-the,X3-nationality-nationality-the, X1-subj-X2,X6-has_name-State,X5-rel-X6,X5-has_name-I,X5-Angry-true,X5-has_name-wave,X4-of-X5,X3-of-X4,X1-obj-X3, X1-be-is-null,X2-which-Which-null,X6-State-State-null,X5-wave-Waves-null,X4-creator-creator-the,X3-nationality-nationality-the, X1-subj-X2,X6-has_name-State,X5-rel-X6,X5-has_name-I,X5-has_name-Angry,X5-has_name-wave,X4-of-X5,X3-of-X4,X1-obj-X3, X1-be-is-null,X2-which-Which-null,X6-State-State-null,X5-Angry Waves-Angry Waves-null,X4-creator-creator-the,X3-nationality-nationality-the, X1-subj-X2,X6-has_name-State,X5-rel-X6,X5-has_name-I,X5-has_name-Angry Waves,X4-of-X5,X3-of-X4,X1-obj-X3, X1-be-is-null,X2-which-Which-null,X6-State-State-null,X7-I-I-null,X5-wave-Waves-null,X4-creator-creator-the,X3-nationality-nationality-the, X1-subj-X2,X6-has_name-State,X5-rel-X6,X5-rel-X7,X5-Angry-true,X5-has_name-wave,X4-of-X5,X3-of-X4,X1-obj-X3, X1-be-is-null,X2-which-Which-null,X6-State-State-null,X7-I-I-null,X5-wave-Waves-null,X4-creator-creator-the,X3-nationality-nationality-the, X1-subj-X2,X6-has_name-State,X5-rel-X6,X5-rel-X7,X5-has_name-Angry,X5-has_name-wave,X4-of-X5,X3-of-X4,X1-obj-X3, X1-be-is-null,X2-which-Which-null,X6-State-State-null,X7-I-I-null,X5-Angry Waves-Angry Waves-null,X4-creator-creator-the,X3-nationality-nationality-the, X1-subj-X2,X6-has_name-State,X5-rel-X6,X5-rel-X7,X5-has_name-Angry Waves,X4-of-X5,X3-of-X4,X1-obj-X3, X1-be-is-null,X2-which-Which-null,X6-I-I-null,X5-wave-Waves-null,X4-creator-creator-the,X3-nationality-nationality-the, X1-subj-X2,X5-rel-X6,X5-has_name-State,X5-Angry-true,X5-has_name-wave,X4-of-X5,X3-of-X4,X1-obj-X3, X1-be-is-null,X2-which-Which-null,X6-I-I-null,X5-wave-Waves-null,X4-creator-creator-the,X3-nationality-nationality-the, X1-subj-X2,X5-rel-X6,X5-has_name-State,X5-has_name-Angry,X5-has_name-wave,X4-of-X5,X3-of-X4,X1-obj-X3, X1-be-is-null,X2-which-Which-null,X6-I-I-null,X5-Angry Waves-Angry Waves-null,X4-creator-creator-the,X3-nationality-nationality-the, X1-subj-X2,X5-rel-X6,X5-has_name-State,X5-has_name-Angry Waves,X4-of-X5,X3-of-X4,X1-obj-X3, X1-be-is-null,X2-which-Which-null,X3-nationality-nationality-the,X6-State-State-null,X5-wave-Waves-null,X4-creator-creator-the, X1-subj-X2,X1-obj-X3,X6-has_name-State,X5-rel-X6,X5-has_name-I,X5-Angry-true,X5-has_name-wave,X4-of-X5,X1-obl_of-X4, X1-be-is-null,X2-which-Which-null,X3-nationality-nationality-the,X6-State-State-null,X5-wave-Waves-null,X4-creator-creator-the, X1-subj-X2,X1-obj-X3,X6-has_name-State,X5-rel-X6,X5-has_name-I,X5-has_name-Angry,X5-has_name-wave,X4-of-X5,X1-obl_of-X4, X1-be-is-null,X2-which-Which-null,X3-nationality-nationality-the,X6-State-State-null,X5-Angry Waves-Angry Waves-null,X4-creator-creator-the, X1-subj-X2,X1-obj-X3,X6-has_name-State,X5-rel-X6,X5-has_name-I,X5-has_name-Angry Waves,X4-of-X5,X1-obl_of-X4, X1-be-is-null,X2-which-Which-null,X3-nationality-nationality-the,X6-State-State-null,X7-I-I-null,X5-wave-Waves-null,X4-creator-creator-the, X1-subj-X2,X1-obj-X3,X6-has_name-State,X5-rel-X6,X5-rel-X7,X5-Angry-true,X5-has_name-wave,X4-of-X5,X1-obl_of-X4, X1-be-is-null,X2-which-Which-null,X3-nationality-nationality-the,X6-State-State-null,X7-I-I-null,X5-wave-Waves-null,X4-creator-creator-the, X1-subj-X2,X1-obj-X3,X6-has_name-State,X5-rel-X6,X5-rel-X7,X5-has_name-Angry,X5-has_name-wave,X4-of-X5,X1-obl_of-X4, X1-be-is-null,X2-which-Which-null,X3-nationality-nationality-the,X6-State-State-null,X7-I-I-null,X5-Angry Waves-Angry Waves-null,X4-creator-creator-the, X1-subj-X2,X1-obj-X3,X6-has_name-State,X5-rel-X6,X5-rel-X7,X5-has_name-Angry Waves,X4-of-X5,X1-obl_of-X4, X1-be-is-null,X2-which-Which-null,X3-nationality-nationality-the,X6-I-I-null,X5-wave-Waves-null,X4-creator-creator-the, X1-subj-X2,X1-obj-X3,X5-rel-X6,X5-has_name-State,X5-Angry-true,X5-has_name-wave,X4-of-X5,X1-obl_of-X4, X1-be-is-null,X2-which-Which-null,X3-nationality-nationality-the,X6-I-I-null,X5-wave-Waves-null,X4-creator-creator-the, X1-subj-X2,X1-obj-X3,X5-rel-X6,X5-has_name-State,X5-has_name-Angry,X5-has_name-wave,X4-of-X5,X1-obl_of-X4, X1-be-is-null,X2-which-Which-null,X3-nationality-nationality-the,X6-I-I-null,X5-Angry Waves-Angry Waves-null,X4-creator-creator-the, X1-subj-X2,X1-obj-X3,X5-rel-X6,X5-has_name-State,X5-has_name-Angry Waves,X4-of-X5,X1-obl_of-X4, X1-be-is-null,X2-which-Which-null,X3-nationality-nationality-the,X4-creator-creator-the,X6-State-State-null,X5-wave-Waves-null, X1-subj-X2,X1-obj-X3,X1-obl_of-X4,X6-has_name-State,X5-rel-X6,X5-has_name-I,X5-Angry-true,X5-has_name-wave,X1-obl_of-X5, X1-be-is-null,X2-which-Which-null,X3-nationality-nationality-the,X4-creator-creator-the,X6-State-State-null,X5-wave-Waves-null, X1-subj-X2,X1-obj-X3,X1-obl_of-X4,X6-has_name-State,X5-rel-X6,X5-has_name-I,X5-has_name-Angry,X5-has_name-wave,X1-obl_of-X5, X1-be-is-null,X2-which-Which-null,X3-nationality-nationality-the,X4-creator-creator-the,X6-State-State-null,X5-Angry Waves-Angry Waves-null, X1-subj-X2,X1-obj-X3,X1-obl_of-X4,X6-has_name-State,X5-rel-X6,X5-has_name-I,X5-has_name-Angry Waves,X1-obl_of-X5, X1-be-is-null,X2-which-Which-null,X3-nationality-nationality-the,X4-creator-creator-the,X6-State-State-null,X7-I-I-null,X5-wave-Waves-null, X1-subj-X2,X1-obj-X3,X1-obl_of-X4,X6-has_name-State,X5-rel-X6,X5-rel-X7,X5-Angry-true,X5-has_name-wave,X1-obl_of-X5, X1-be-is-null,X2-which-Which-null,X3-nationality-nationality-the,X4-creator-creator-the,X6-State-State-null,X7-I-I-null,X5-wave-Waves-null, X1-subj-X2,X1-obj-X3,X1-obl_of-X4,X6-has_name-State,X5-rel-X6,X5-rel-X7,X5-has_name-Angry,X5-has_name-wave,X1-obl_of-X5, X1-be-is-null,X2-which-Which-null,X3-nationality-nationality-the,X4-creator-creator-the,X6-State-State-null,X7-I-I-null,X5-Angry Waves-Angry Waves-null, X1-subj-X2,X1-obj-X3,X1-obl_of-X4,X6-has_name-State,X5-rel-X6,X5-rel-X7,X5-has_name-Angry Waves,X1-obl_of-X5, X1-be-is-null,X2-which-Which-null,X3-nationality-nationality-the,X4-creator-creator-the,X6-I-I-null,X5-wave-Waves-null, X1-subj-X2,X1-obj-X3,X1-obl_of-X4,X5-rel-X6,X5-has_name-State,X5-Angry-true,X5-has_name-wave,X1-obl_of-X5, X1-be-is-null,X2-which-Which-null,X3-nationality-nationality-the,X4-creator-creator-the,X6-I-I-null,X5-wave-Waves-null, X1-subj-X2,X1-obj-X3,X1-obl_of-X4,X5-rel-X6,X5-has_name-State,X5-has_name-Angry,X5-has_name-wave,X1-obl_of-X5, X1-be-is-null,X2-which-Which-null,X3-nationality-nationality-the,X4-creator-creator-the,X6-I-I-null,X5-Angry Waves-Angry Waves-null, X1-subj-X2,X1-obj-X3,X1-obl_of-X4,X5-rel-X6,X5-has_name-State,X5-has_name-Angry Waves,X1-obl_of-X5, X1-be-is-null,X2-which-Which-null,X4-creator-creator-the,X6-State-State-null,X5-wave-Waves-null,X3-nationality-nationality-the, X1-subj-X2,X3-of-X4,X6-has_name-State,X5-rel-X6,X5-has_name-I,X5-Angry-true,X5-has_name-wave,X3-of-X5,X1-obj-X3, X1-be-is-null,X2-which-Which-null,X4-creator-creator-the,X6-State-State-null,X5-wave-Waves-null,X3-nationality-nationality-the, X1-subj-X2,X3-of-X4,X6-has_name-State,X5-rel-X6,X5-has_name-I,X5-has_name-Angry,X5-has_name-wave,X3-of-X5,X1-obj-X3, X1-be-is-null,X2-which-Which-null,X4-creator-creator-the,X6-State-State-null,X5-Angry Waves-Angry Waves-null,X3-nationality-nationality-the, X1-subj-X2,X3-of-X4,X6-has_name-State,X5-rel-X6,X5-has_name-I,X5-has_name-Angry Waves,X3-of-X5,X1-obj-X3, X1-be-is-null,X2-which-Which-null,X4-creator-creator-the,X6-State-State-null,X7-I-I-null,X5-wave-Waves-null,X3-nationality-nationality-the, X1-subj-X2,X3-of-X4,X6-has_name-State,X5-rel-X6,X5-rel-X7,X5-Angry-true,X5-has_name-wave,X3-of-X5,X1-obj-X3, X1-be-is-null,X2-which-Which-null,X4-creator-creator-the,X6-State-State-null,X7-I-I-null,X5-wave-Waves-null,X3-nationality-nationality-the, X1-subj-X2,X3-of-X4,X6-has_name-State,X5-rel-X6,X5-rel-X7,X5-has_name-Angry,X5-has_name-wave,X3-of-X5,X1-obj-X3, X1-be-is-null,X2-which-Which-null,X4-creator-creator-the,X6-State-State-null,X7-I-I-null,X5-Angry Waves-Angry Waves-null,X3-nationality-nationality-the, X1-subj-X2,X3-of-X4,X6-has_name-State,X5-rel-X6,X5-rel-X7,X5-has_name-Angry Waves,X3-of-X5,X1-obj-X3, X1-be-is-null,X2-which-Which-null,X4-creator-creator-the,X6-I-I-null,X5-wave-Waves-null,X3-nationality-nationality-the, X1-subj-X2,X3-of-X4,X5-rel-X6,X5-has_name-State,X5-Angry-true,X5-has_name-wave,X3-of-X5,X1-obj-X3, X1-be-is-null,X2-which-Which-null,X4-creator-creator-the,X6-I-I-null,X5-wave-Waves-null,X3-nationality-nationality-the, X1-subj-X2,X3-of-X4,X5-rel-X6,X5-has_name-State,X5-has_name-Angry,X5-has_name-wave,X3-of-X5,X1-obj-X3, X1-be-is-null,X2-which-Which-null,X4-creator-creator-the,X6-I-I-null,X5-Angry Waves-Angry Waves-null,X3-nationality-nationality-the, X1-subj-X2,X3-of-X4,X5-rel-X6,X5-has_name-State,X5-has_name-Angry Waves,X3-of-X5,X1-obj-X3, X1-be-is-null,X2-which-Which-null,X5-State-State-null,X4-wave-Waves-null,X3-nationality-nationality-the,X6-creator-creator-the, X1-subj-X2,X5-has_name-State,X4-rel-X5,X4-has_name-I,X4-Angry-true,X4-has_name-wave,X3-of-X4,X1-obj-X3,X1-obl_of-X6, X1-be-is-null,X2-which-Which-null,X5-State-State-null,X4-wave-Waves-null,X3-nationality-nationality-the,X6-creator-creator-the, X1-subj-X2,X5-has_name-State,X4-rel-X5,X4-has_name-I,X4-has_name-Angry,X4-has_name-wave,X3-of-X4,X1-obj-X3,X1-obl_of-X6, X1-be-is-null,X2-which-Which-null,X5-State-State-null,X4-Angry Waves-Angry Waves-null,X3-nationality-nationality-the,X6-creator-creator-the, X1-subj-X2,X5-has_name-State,X4-rel-X5,X4-has_name-I,X4-has_name-Angry Waves,X3-of-X4,X1-obj-X3,X1-obl_of-X6, X1-be-is-null,X2-which-Which-null,X5-State-State-null,X6-I-I-null,X4-wave-Waves-null,X3-nationality-nationality-the,X7-creator-creator-the, X1-subj-X2,X5-has_name-State,X4-rel-X5,X4-rel-X6,X4-Angry-true,X4-has_name-wave,X3-of-X4,X1-obj-X3,X1-obl_of-X7, X1-be-is-null,X2-which-Which-null,X5-State-State-null,X6-I-I-null,X4-wave-Waves-null,X3-nationality-nationality-the,X7-creator-creator-the, X1-subj-X2,X5-has_name-State,X4-rel-X5,X4-rel-X6,X4-has_name-Angry,X4-has_name-wave,X3-of-X4,X1-obj-X3,X1-obl_of-X7, X1-be-is-null,X2-which-Which-null,X5-State-State-null,X6-I-I-null,X4-Angry Waves-Angry Waves-null,X3-nationality-nationality-the,X7-creator-creator-the, X1-subj-X2,X5-has_name-State,X4-rel-X5,X4-rel-X6,X4-has_name-Angry Waves,X3-of-X4,X1-obj-X3,X1-obl_of-X7, X1-be-is-null,X2-which-Which-null,X5-I-I-null,X4-wave-Waves-null,X3-nationality-nationality-the,X6-creator-creator-the, X1-subj-X2,X4-rel-X5,X4-has_name-State,X4-Angry-true,X4-has_name-wave,X3-of-X4,X1-obj-X3,X1-obl_of-X6, X1-be-is-null,X2-which-Which-null,X5-I-I-null,X4-wave-Waves-null,X3-nationality-nationality-the,X6-creator-creator-the, X1-subj-X2,X4-rel-X5,X4-has_name-State,X4-has_name-Angry,X4-has_name-wave,X3-of-X4,X1-obj-X3,X1-obl_of-X6, X1-be-is-null,X2-which-Which-null,X5-I-I-null,X4-Angry Waves-Angry Waves-null,X3-nationality-nationality-the,X6-creator-creator-the, X1-subj-X2,X4-rel-X5,X4-has_name-State,X4-has_name-Angry Waves,X3-of-X4,X1-obj-X3,X1-obl_of-X6, X1-be-is-null,X2-which-Which-null,X4-creator-creator-the,X3-nationality-nationality-the,X6-State-State-null,X5-wave-Waves-null, X1-subj-X2,X3-of-X4,X1-obj-X3,X6-has_name-State,X5-rel-X6,X5-has_name-I,X5-Angry-true,X5-has_name-wave,X1-obl_of-X5, X1-be-is-null,X2-which-Which-null,X4-creator-creator-the,X3-nationality-nationality-the,X6-State-State-null,X5-wave-Waves-null, X1-subj-X2,X3-of-X4,X1-obj-X3,X6-has_name-State,X5-rel-X6,X5-has_name-I,X5-has_name-Angry,X5-has_name-wave,X1-obl_of-X5, X1-be-is-null,X2-which-Which-null,X4-creator-creator-the,X3-nationality-nationality-the,X6-State-State-null,X5-Angry Waves-Angry Waves-null, X1-subj-X2,X3-of-X4,X1-obj-X3,X6-has_name-State,X5-rel-X6,X5-has_name-I,X5-has_name-Angry Waves,X1-obl_of-X5, X1-be-is-null,X2-which-Which-null,X4-creator-creator-the,X3-nationality-nationality-the,X6-State-State-null,X7-I-I-null,X5-wave-Waves-null, X1-subj-X2,X3-of-X4,X1-obj-X3,X6-has_name-State,X5-rel-X6,X5-rel-X7,X5-Angry-true,X5-has_name-wave,X1-obl_of-X5, X1-be-is-null,X2-which-Which-null,X4-creator-creator-the,X3-nationality-nationality-the,X6-State-State-null,X7-I-I-null,X5-wave-Waves-null, X1-subj-X2,X3-of-X4,X1-obj-X3,X6-has_name-State,X5-rel-X6,X5-rel-X7,X5-has_name-Angry,X5-has_name-wave,X1-obl_of-X5, X1-be-is-null,X2-which-Which-null,X4-creator-creator-the,X3-nationality-nationality-the,X6-State-State-null,X7-I-I-null,X5-Angry Waves-Angry Waves-null, X1-subj-X2,X3-of-X4,X1-obj-X3,X6-has_name-State,X5-rel-X6,X5-rel-X7,X5-has_name-Angry Waves,X1-obl_of-X5, X1-be-is-null,X2-which-Which-null,X4-creator-creator-the,X3-nationality-nationality-the,X6-I-I-null,X5-wave-Waves-null, X1-subj-X2,X3-of-X4,X1-obj-X3,X5-rel-X6,X5-has_name-State,X5-Angry-true,X5-has_name-wave,X1-obl_of-X5, X1-be-is-null,X2-which-Which-null,X4-creator-creator-the,X3-nationality-nationality-the,X6-I-I-null,X5-wave-Waves-null, X1-subj-X2,X3-of-X4,X1-obj-X3,X5-rel-X6,X5-has_name-State,X5-has_name-Angry,X5-has_name-wave,X1-obl_of-X5, X1-be-is-null,X2-which-Which-null,X4-creator-creator-the,X3-nationality-nationality-the,X6-I-I-null,X5-Angry Waves-Angry Waves-null, X1-subj-X2,X3-of-X4,X1-obj-X3,X5-rel-X6,X5-has_name-State,X5-has_name-Angry Waves,X1-obl_of-X5,",Incorrect partial DRS,null,null
16,Which is the nationality of the creator of Annecy?," X1-be-is-null,X2-which-Which-null,X5-Annecy-Annecy-null,X4-creator-creator-the,X3-nationality-nationality-the, X1-subj-X2,X5-has_name-Annecy,X4-of-X5,X3-of-X4,X1-obj-X3, X1-be-is-null,X2-which-Which-null,X3-nationality-nationality-the,X5-Annecy-Annecy-null,X4-creator-creator-the, X1-subj-X2,X1-obj-X3,X5-has_name-Annecy,X4-of-X5,X1-obl_of-X4, X1-be-is-null,X2-which-Which-null,X3-nationality-nationality-the,X4-creator-creator-the,X5-Annecy-Annecy-null, X1-subj-X2,X1-obj-X3,X1-obl_of-X4,X5-has_name-Annecy,X1-obl_of-X5, X1-be-is-null,X2-which-Which-null,X4-creator-creator-the,X5-Annecy-Annecy-null,X3-nationality-nationality-the, X1-subj-X2,X3-of-X4,X5-has_name-Annecy,X3-of-X5,X1-obj-X3, X1-be-is-null,X2-which-Which-null,X4-Annecy-Annecy-null,X3-nationality-nationality-the,X5-creator-creator-the, X1-subj-X2,X4-has_name-Annecy,X3-of-X4,X1-obj-X3,X1-obl_of-X5, X1-be-is-null,X2-which-Which-null,X4-creator-creator-the,X3-nationality-nationality-the,X5-Annecy-Annecy-null, X1-subj-X2,X3-of-X4,X1-obj-X3,X5-has_name-Annecy,X1-obl_of-X5,","Drs [
 tokens=[],
 dEntities=[
DEntity(X1, be, is, VERB, null, false, Query1, Query), 
DEntity(X2, which, Which, PRON, null, false, Qualifier2, Qualifier), 
DEntity(X5, Annecy, Annecy, PROPN, null, false, Artefact3, Artefact), 
DEntity(X4, creator, creator, NOUN, the, false, Artist4, Artist), 
DEntity(X3, nationality, nationality, NOUN, the, false, ConceptArtist5, ConceptArtist)],
 dConditions=[
DCondition(X1, subj, X2, propriedades= [qQualifier] --- []), 
DCondition(X5, has_name, Annecy, propriedades= [] --- [has_name, has_text, who]), 
DCondition(X4, of, X5, propriedades= [author_of] --- []), 
DCondition(X3, of, X4, propriedades= [conc_of_Artist] --- []), 
DCondition(X1, obj, X3, propriedades= [select] --- []), 
DCondition(X1, has_text, be, propriedades= [] --- [has_name, has_text, who]), 
DCondition(X2, has_text, which, propriedades= [] --- [has_name, has_text, who]), 
DCondition(X5, has_text, Annecy, propriedades= [] --- [has_name, has_text, who]), 
DCondition(X4, has_text, creator, propriedades= [] --- [has_name, has_text, who]), 
DCondition(X3, has_text, nationality, propriedades= [] --- [has_name, has_text, who]), 
DCondition(X2, has_name, null list, propriedades= [] --- [has_name, has_text, who]), 
DCondition(X1, obj, X2, propriedades= [qQualifier] --- [])]
 solu��es = []
 numeroFrase = 0
 numHasNames = 2
 numIndividuals = 5
 numEntitiesOk = 10
 numIsClass = 0
 numPropsOk = 5
 numEntitiesNOk = 0
 numClassesOk = 4]"," PREFIX rdf: <http://www.w3.org/1999/02/22-rdf-syntax-ns#> PREFIX xsd: <http://www.w3.org/2001/XMLSchema#> PREFIX rdfs: <http://www.w3.org/2000/01/rdf-schema#> PREFIX cidoc: <http://www.cidoc-crm.org/cidoc-crm/> SELECT  DISTINCT  ?snameConceptArtist5 ?ConceptArtist5 ?snameArtefact3 ?Artefact3 WHERE { {{?Artefact3 cidoc:P131_is_identified_by ?nameArtefact3 . ?nameArtefact3 rdf:value ?snameArtefact3 .}  UNION {?Artefact3 rdfs:label ?snameArtefact3 .}}  filter(regex(?snameArtefact3,""Annecy"",""i"")) . ?prod cidoc:P14_carried_out_by ?Artist4 . ?Artefact3 cidoc:P108i_was_produced_by ?prod . ?Artist4 rdfs:label ?snameArtist4 . ?Artist4 cidoc:P107i_is_current_or_former_member_of ?ConceptArtist5. ?ConceptArtist5 rdfs:label ?snameConceptArtist5. }",true
17,"Which is the nationality of the creator of Aphrodite, reverse?"," X1-be-is-null,X2-which-Which-null,X5-Aphrodite-Aphrodite-null,X4-creator-creator-the,X3-nationality-nationality-the, X1-subj-X2,X5-has_name-Aphrodite,X4-of-X5,X4-has_name-reverse,X3-of-X4,X1-obj-X3, X1-be-is-null,X2-which-Which-null,X3-nationality-nationality-the,X5-Aphrodite-Aphrodite-null,X4-creator-creator-the, X1-subj-X2,X1-obj-X3,X5-has_name-Aphrodite,X4-of-X5,X4-has_name-reverse,X1-obl_of-X4, X1-be-is-null,X2-which-Which-null,X3-nationality-nationality-the,X4-creator-creator-the,X5-Aphrodite-Aphrodite-null, X1-subj-X2,X1-obj-X3,X4-has_name-reverse,X1-obl_of-X4,X5-has_name-Aphrodite,X1-obl_of-X5, X1-be-is-null,X2-which-Which-null,X4-creator-creator-the,X5-Aphrodite-Aphrodite-null,X3-nationality-nationality-the, X1-subj-X2,X4-has_name-reverse,X3-of-X4,X5-has_name-Aphrodite,X3-of-X5,X1-obj-X3, X1-be-is-null,X2-which-Which-null,X4-Aphrodite-Aphrodite-null,X3-nationality-nationality-the,X5-creator-creator-the, X1-subj-X2,X4-has_name-Aphrodite,X3-of-X4,X1-obj-X3,X5-has_name-reverse,X1-obl_of-X5, X1-be-is-null,X2-which-Which-null,X4-creator-creator-the,X3-nationality-nationality-the,X5-Aphrodite-Aphrodite-null, X1-subj-X2,X4-has_name-reverse,X3-of-X4,X1-obj-X3,X5-has_name-Aphrodite,X1-obl_of-X5,","Drs [
 tokens=[],
 dEntities=[
DEntity(X1, be, is, VERB, null, false, Query1, Query), 
DEntity(X2, which, Which, PRON, null, false, Qualifier2, Qualifier), 
DEntity(X5, Aphrodite, Aphrodite, PROPN, null, false, Artefact3, Artefact), 
DEntity(X6, reverse, reverse, NOUN, null, false, Artefact4, Artefact), 
DEntity(X4, creator, creator, NOUN, the, false, Artist5, Artist), 
DEntity(X3, nationality, nationality, NOUN, the, false, ConceptArtist6, ConceptArtist)],
 dConditions=[
DCondition(X1, subj, X2, propriedades= [qQualifier] --- []), 
DCondition(X5, has_name, Aphrodite, propriedades= [] --- [has_name, has_text, who]), 
DCondition(X4, of, X5, propriedades= [author_of] --- []), 
DCondition(X4, rel, X6, propriedades= [author_of] --- []), 
DCondition(X3, of, X4, propriedades= [conc_of_Artist] --- []), 
DCondition(X1, obj, X3, propriedades= [select] --- []), 
DCondition(X1, has_text, be, propriedades= [] --- [has_name, has_text, who]), 
DCondition(X2, has_text, which, propriedades= [] --- [has_name, has_text, who]), 
DCondition(X5, has_text, Aphrodite, propriedades= [] --- [has_name, has_text, who]), 
DCondition(X6, has_text, reverse, propriedades= [] --- [has_name, has_text, who]), 
DCondition(X4, has_text, creator, propriedades= [] --- [has_name, has_text, who]), 
DCondition(X3, has_text, nationality, propriedades= [] --- [has_name, has_text, who]), 
DCondition(X2, has_name, null list, propriedades= [] --- [has_name, has_text, who]), 
DCondition(X1, obj, X2, propriedades= [qQualifier] --- [])]
 solu��es = []
 numeroFrase = 0
 numHasNames = 2
 numIndividuals = 6
 numEntitiesOk = 10
 numIsClass = 0
 numPropsOk = 5
 numEntitiesNOk = 0
 numClassesOk = 4]"," PREFIX rdf: <http://www.w3.org/1999/02/22-rdf-syntax-ns#> PREFIX xsd: <http://www.w3.org/2001/XMLSchema#> PREFIX rdfs: <http://www.w3.org/2000/01/rdf-schema#> PREFIX cidoc: <http://www.cidoc-crm.org/cidoc-crm/> SELECT  DISTINCT  ?snameConceptArtist6 ?ConceptArtist6 ?snameArtefact3 ?Artefact3 WHERE { {{?Artefact3 cidoc:P131_is_identified_by ?nameArtefact3 . ?nameArtefact3 rdf:value ?snameArtefact3 .}  UNION {?Artefact3 rdfs:label ?snameArtefact3 .}}  filter(regex(?snameArtefact3,""Aphrodite"",""i"")) . ?prod cidoc:P14_carried_out_by ?Artist5 . ?Artefact4 cidoc:P108i_was_produced_by ?prod . ?Artist5 rdfs:label ?snameArtist5 . ?prod cidoc:P14_carried_out_by ?Artist5 . ?Artefact3 cidoc:P108i_was_produced_by ?prod . ?Artist5 rdfs:label ?snameArtist5 . ?Artist5 cidoc:P107i_is_current_or_former_member_of ?ConceptArtist6. ?ConceptArtist6 rdfs:label ?snameConceptArtist6. }",true
18,Which is the nationality of the creator of Arachne?," X1-be-is-null,X2-which-Which-null,X5-Arachne-Arachne-null,X4-creator-creator-the,X3-nationality-nationality-the, X1-subj-X2,X5-has_name-Arachne,X4-of-X5,X3-of-X4,X1-obj-X3, X1-be-is-null,X2-which-Which-null,X3-nationality-nationality-the,X5-Arachne-Arachne-null,X4-creator-creator-the, X1-subj-X2,X1-obj-X3,X5-has_name-Arachne,X4-of-X5,X1-obl_of-X4, X1-be-is-null,X2-which-Which-null,X3-nationality-nationality-the,X4-creator-creator-the,X5-Arachne-Arachne-null, X1-subj-X2,X1-obj-X3,X1-obl_of-X4,X5-has_name-Arachne,X1-obl_of-X5, X1-be-is-null,X2-which-Which-null,X4-creator-creator-the,X5-Arachne-Arachne-null,X3-nationality-nationality-the, X1-subj-X2,X3-of-X4,X5-has_name-Arachne,X3-of-X5,X1-obj-X3, X1-be-is-null,X2-which-Which-null,X4-Arachne-Arachne-null,X3-nationality-nationality-the,X5-creator-creator-the, X1-subj-X2,X4-has_name-Arachne,X3-of-X4,X1-obj-X3,X1-obl_of-X5, X1-be-is-null,X2-which-Which-null,X4-creator-creator-the,X3-nationality-nationality-the,X5-Arachne-Arachne-null, X1-subj-X2,X3-of-X4,X1-obj-X3,X5-has_name-Arachne,X1-obl_of-X5,","Drs [
 tokens=[],
 dEntities=[
DEntity(X1, be, is, VERB, null, false, Query1, Query), 
DEntity(X2, which, Which, PRON, null, false, Qualifier2, Qualifier), 
DEntity(X5, Arachne, Arachne, PROPN, null, false, Artefact3, Artefact), 
DEntity(X4, creator, creator, NOUN, the, false, Artist4, Artist), 
DEntity(X3, nationality, nationality, NOUN, the, false, ConceptArtist5, ConceptArtist)],
 dConditions=[
DCondition(X1, subj, X2, propriedades= [qQualifier] --- []), 
DCondition(X5, has_name, Arachne, propriedades= [] --- [has_name, has_text, who]), 
DCondition(X4, of, X5, propriedades= [author_of] --- []), 
DCondition(X3, of, X4, propriedades= [conc_of_Artist] --- []), 
DCondition(X1, obj, X3, propriedades= [select] --- []), 
DCondition(X1, has_text, be, propriedades= [] --- [has_name, has_text, who]), 
DCondition(X2, has_text, which, propriedades= [] --- [has_name, has_text, who]), 
DCondition(X5, has_text, Arachne, propriedades= [] --- [has_name, has_text, who]), 
DCondition(X4, has_text, creator, propriedades= [] --- [has_name, has_text, who]), 
DCondition(X3, has_text, nationality, propriedades= [] --- [has_name, has_text, who]), 
DCondition(X2, has_name, null list, propriedades= [] --- [has_name, has_text, who]), 
DCondition(X1, obj, X2, propriedades= [qQualifier] --- [])]
 solu��es = []
 numeroFrase = 0
 numHasNames = 2
 numIndividuals = 5
 numEntitiesOk = 10
 numIsClass = 0
 numPropsOk = 5
 numEntitiesNOk = 0
 numClassesOk = 4]"," PREFIX rdf: <http://www.w3.org/1999/02/22-rdf-syntax-ns#> PREFIX xsd: <http://www.w3.org/2001/XMLSchema#> PREFIX rdfs: <http://www.w3.org/2000/01/rdf-schema#> PREFIX cidoc: <http://www.cidoc-crm.org/cidoc-crm/> SELECT  DISTINCT  ?snameConceptArtist5 ?ConceptArtist5 ?snameArtefact3 ?Artefact3 WHERE { {{?Artefact3 cidoc:P131_is_identified_by ?nameArtefact3 . ?nameArtefact3 rdf:value ?snameArtefact3 .}  UNION {?Artefact3 rdfs:label ?snameArtefact3 .}}  filter(regex(?snameArtefact3,""Arachne"",""i"")) . ?prod cidoc:P14_carried_out_by ?Artist4 . ?Artefact3 cidoc:P108i_was_produced_by ?prod . ?Artist4 rdfs:label ?snameArtist4 . ?Artist4 cidoc:P107i_is_current_or_former_member_of ?ConceptArtist5. ?ConceptArtist5 rdfs:label ?snameConceptArtist5. }",true
19,Which is the nationality of the creator of Architectonic Corner?," X1-be-is-null,X2-which-Which-null,X5-Corner-Corner-null,X4-creator-creator-the,X3-nationality-nationality-the, X1-subj-X2,X5-Architectonic-true,X5-has_name-Corner,X4-of-X5,X3-of-X4,X1-obj-X3, X1-be-is-null,X2-which-Which-null,X5-Corner-Corner-null,X4-creator-creator-the,X3-nationality-nationality-the, X1-subj-X2,X5-has_name-Architectonic,X5-has_name-Corner,X4-of-X5,X3-of-X4,X1-obj-X3, X1-be-is-null,X2-which-Which-null,X5-Architectonic Corner-Architectonic Corner-null,X4-creator-creator-the,X3-nationality-nationality-the, X1-subj-X2,X5-has_name-Architectonic Corner,X4-of-X5,X3-of-X4,X1-obj-X3, X1-be-is-null,X2-which-Which-null,X3-nationality-nationality-the,X5-Corner-Corner-null,X4-creator-creator-the, X1-subj-X2,X1-obj-X3,X5-Architectonic-true,X5-has_name-Corner,X4-of-X5,X1-obl_of-X4, X1-be-is-null,X2-which-Which-null,X3-nationality-nationality-the,X5-Corner-Corner-null,X4-creator-creator-the, X1-subj-X2,X1-obj-X3,X5-has_name-Architectonic,X5-has_name-Corner,X4-of-X5,X1-obl_of-X4, X1-be-is-null,X2-which-Which-null,X3-nationality-nationality-the,X5-Architectonic Corner-Architectonic Corner-null,X4-creator-creator-the, X1-subj-X2,X1-obj-X3,X5-has_name-Architectonic Corner,X4-of-X5,X1-obl_of-X4, X1-be-is-null,X2-which-Which-null,X3-nationality-nationality-the,X4-creator-creator-the,X5-Corner-Corner-null, X1-subj-X2,X1-obj-X3,X1-obl_of-X4,X5-Architectonic-true,X5-has_name-Corner,X1-obl_of-X5, X1-be-is-null,X2-which-Which-null,X3-nationality-nationality-the,X4-creator-creator-the,X5-Corner-Corner-null, X1-subj-X2,X1-obj-X3,X1-obl_of-X4,X5-has_name-Architectonic,X5-has_name-Corner,X1-obl_of-X5, X1-be-is-null,X2-which-Which-null,X3-nationality-nationality-the,X4-creator-creator-the,X5-Architectonic Corner-Architectonic Corner-null, X1-subj-X2,X1-obj-X3,X1-obl_of-X4,X5-has_name-Architectonic Corner,X1-obl_of-X5, X1-be-is-null,X2-which-Which-null,X4-creator-creator-the,X5-Corner-Corner-null,X3-nationality-nationality-the, X1-subj-X2,X3-of-X4,X5-Architectonic-true,X5-has_name-Corner,X3-of-X5,X1-obj-X3, X1-be-is-null,X2-which-Which-null,X4-creator-creator-the,X5-Corner-Corner-null,X3-nationality-nationality-the, X1-subj-X2,X3-of-X4,X5-has_name-Architectonic,X5-has_name-Corner,X3-of-X5,X1-obj-X3, X1-be-is-null,X2-which-Which-null,X4-creator-creator-the,X5-Architectonic Corner-Architectonic Corner-null,X3-nationality-nationality-the, X1-subj-X2,X3-of-X4,X5-has_name-Architectonic Corner,X3-of-X5,X1-obj-X3, X1-be-is-null,X2-which-Which-null,X4-Corner-Corner-null,X3-nationality-nationality-the,X5-creator-creator-the, X1-subj-X2,X4-Architectonic-true,X4-has_name-Corner,X3-of-X4,X1-obj-X3,X1-obl_of-X5, X1-be-is-null,X2-which-Which-null,X4-Corner-Corner-null,X3-nationality-nationality-the,X5-creator-creator-the, X1-subj-X2,X4-has_name-Architectonic,X4-has_name-Corner,X3-of-X4,X1-obj-X3,X1-obl_of-X5, X1-be-is-null,X2-which-Which-null,X4-Architectonic Corner-Architectonic Corner-null,X3-nationality-nationality-the,X5-creator-creator-the, X1-subj-X2,X4-has_name-Architectonic Corner,X3-of-X4,X1-obj-X3,X1-obl_of-X5, X1-be-is-null,X2-which-Which-null,X4-creator-creator-the,X3-nationality-nationality-the,X5-Corner-Corner-null, X1-subj-X2,X3-of-X4,X1-obj-X3,X5-Architectonic-true,X5-has_name-Corner,X1-obl_of-X5, X1-be-is-null,X2-which-Which-null,X4-creator-creator-the,X3-nationality-nationality-the,X5-Corner-Corner-null, X1-subj-X2,X3-of-X4,X1-obj-X3,X5-has_name-Architectonic,X5-has_name-Corner,X1-obl_of-X5, X1-be-is-null,X2-which-Which-null,X4-creator-creator-the,X3-nationality-nationality-the,X5-Architectonic Corner-Architectonic Corner-null, X1-subj-X2,X3-of-X4,X1-obj-X3,X5-has_name-Architectonic Corner,X1-obl_of-X5,","Drs [
 tokens=[],
 dEntities=[
DEntity(X1, be, is, VERB, null, false, Query1, Query), 
DEntity(X2, which, Which, PRON, null, false, Qualifier2, Qualifier), 
DEntity(X5, Corner, Corner, PROPN, null, false, Artefact3, Artefact), 
DEntity(X4, creator, creator, NOUN, the, false, Artist4, Artist), 
DEntity(X3, nationality, nationality, NOUN, the, false, ConceptArtist5, ConceptArtist)],
 dConditions=[
DCondition(X1, subj, X2, propriedades= [qQualifier] --- []), 
DCondition(X5, Architectonic, true, propriedades= [] --- [has_name, has_text, who]), 
DCondition(X5, has_name, Corner, propriedades= [] --- [has_name, has_text, who]), 
DCondition(X4, of, X5, propriedades= [author_of] --- []), 
DCondition(X3, of, X4, propriedades= [conc_of_Artist] --- []), 
DCondition(X1, obj, X3, propriedades= [select] --- []), 
DCondition(X1, has_text, be, propriedades= [] --- [has_name, has_text, who]), 
DCondition(X2, has_text, which, propriedades= [] --- [has_name, has_text, who]), 
DCondition(X5, has_text, Corner, propriedades= [] --- [has_name, has_text, who]), 
DCondition(X4, has_text, creator, propriedades= [] --- [has_name, has_text, who]), 
DCondition(X3, has_text, nationality, propriedades= [] --- [has_name, has_text, who]), 
DCondition(X2, has_name, null list, propriedades= [] --- [has_name, has_text, who]), 
DCondition(X1, obj, X2, propriedades= [qQualifier] --- [])]
 solu��es = []
 numeroFrase = 0
 numHasNames = 2
 numIndividuals = 5
 numEntitiesOk = 10
 numIsClass = 0
 numPropsOk = 5
 numEntitiesNOk = 0
 numClassesOk = 4]"," PREFIX rdf: <http://www.w3.org/1999/02/22-rdf-syntax-ns#> PREFIX xsd: <http://www.w3.org/2001/XMLSchema#> PREFIX rdfs: <http://www.w3.org/2000/01/rdf-schema#> PREFIX cidoc: <http://www.cidoc-crm.org/cidoc-crm/> SELECT  DISTINCT  ?snameConceptArtist5 ?ConceptArtist5 ?snameArtefact3 ?Artefact3 WHERE { {{?Artefact3 cidoc:P131_is_identified_by ?nameArtefact3 . ?nameArtefact3 rdf:value ?snameArtefact3 .}  UNION {?Artefact3 rdfs:label ?snameArtefact3 .}}  filter(regex(?snameArtefact3,""Corner"",""i"")) . ?prod cidoc:P14_carried_out_by ?Artist4 . ?Artefact3 cidoc:P108i_was_produced_by ?prod . ?Artist4 rdfs:label ?snameArtist4 . ?Artist4 cidoc:P107i_is_current_or_former_member_of ?ConceptArtist5. ?ConceptArtist5 rdfs:label ?snameConceptArtist5. }",true
20,Which is the nationality of the creator of Area Broken by Perpendiculars?," X1-be-is-null,X2-which-Which-null,X5-Area Broken-Area Broken-null,X6-Perpendiculars-Perpendiculars-null,X4-creator-creator-the,X3-nationality-nationality-the, X1-subj-X2,X5-has_name-Area Broken,X4-of-X5,X6-has_name-Perpendiculars,X4-by-X6,X3-of-X4,X1-obj-X3, X1-be-is-null,X2-which-Which-null,X3-nationality-nationality-the,X5-Area Broken-Area Broken-null,X6-Perpendiculars-Perpendiculars-null,X4-creator-creator-the, X1-subj-X2,X1-obj-X3,X5-has_name-Area Broken,X4-of-X5,X6-has_name-Perpendiculars,X4-by-X6,X1-obl_of-X4, X1-be-is-null,X2-which-Which-null,X3-nationality-nationality-the,X5-Perpendiculars-Perpendiculars-null,X4-creator-creator-the,X6-Area Broken-Area Broken-null, X1-subj-X2,X1-obj-X3,X5-has_name-Perpendiculars,X4-by-X5,X1-obl_of-X4,X6-has_name-Area Broken,X1-obl_of-X6, X1-be-is-null,X2-which-Which-null,X3-nationality-nationality-the,X4-creator-creator-the,X5-Area Broken-Area Broken-null,X6-Perpendiculars-Perpendiculars-null, X1-subj-X2,X1-obj-X3,X1-obl_of-X4,X5-has_name-Area Broken,X1-obl_of-X5,X6-has_name-Perpendiculars,X1-obl_by-X6, X1-be-is-null,X2-which-Which-null,X3-nationality-nationality-the,X5-Area Broken-Area Broken-null,X4-creator-creator-the,X6-Perpendiculars-Perpendiculars-null, X1-subj-X2,X1-obj-X3,X5-has_name-Area Broken,X4-of-X5,X1-obl_of-X4,X6-has_name-Perpendiculars,X1-obl_by-X6, X1-be-is-null,X2-which-Which-null,X5-Perpendiculars-Perpendiculars-null,X4-creator-creator-the,X6-Area Broken-Area Broken-null,X3-nationality-nationality-the, X1-subj-X2,X5-has_name-Perpendiculars,X4-by-X5,X3-of-X4,X6-has_name-Area Broken,X3-of-X6,X1-obj-X3, X1-be-is-null,X2-which-Which-null,X4-Area Broken-Area Broken-null,X3-nationality-nationality-the,X6-Perpendiculars-Perpendiculars-null,X5-creator-creator-the, X1-subj-X2,X4-has_name-Area Broken,X3-of-X4,X1-obj-X3,X6-has_name-Perpendiculars,X5-by-X6,X1-obl_of-X5, X1-be-is-null,X2-which-Which-null,X5-Perpendiculars-Perpendiculars-null,X4-creator-creator-the,X3-nationality-nationality-the,X6-Area Broken-Area Broken-null, X1-subj-X2,X5-has_name-Perpendiculars,X4-by-X5,X3-of-X4,X1-obj-X3,X6-has_name-Area Broken,X1-obl_of-X6, X1-be-is-null,X2-which-Which-null,X4-creator-creator-the,X5-Area Broken-Area Broken-null,X6-Perpendiculars-Perpendiculars-null,X3-nationality-nationality-the, X1-subj-X2,X3-of-X4,X5-has_name-Area Broken,X3-of-X5,X6-has_name-Perpendiculars,X3-by-X6,X1-obj-X3, X1-be-is-null,X2-which-Which-null,X5-Area Broken-Area Broken-null,X4-creator-creator-the,X6-Perpendiculars-Perpendiculars-null,X3-nationality-nationality-the, X1-subj-X2,X5-has_name-Area Broken,X4-of-X5,X3-of-X4,X6-has_name-Perpendiculars,X3-by-X6,X1-obj-X3,",Incorrect partial DRS,null,null
21,Which is the nationality of the creator of Arizona Night?," X1-be-is-null,X2-which-Which-null,X5-Arizona Night-Arizona Night-null,X4-creator-creator-the,X3-nationality-nationality-the, X1-subj-X2,X5-has_name-Arizona Night,X4-of-X5,X3-of-X4,X1-obj-X3, X1-be-is-null,X2-which-Which-null,X3-nationality-nationality-the,X5-Arizona Night-Arizona Night-null,X4-creator-creator-the, X1-subj-X2,X1-obj-X3,X5-has_name-Arizona Night,X4-of-X5,X1-obl_of-X4, X1-be-is-null,X2-which-Which-null,X3-nationality-nationality-the,X4-creator-creator-the,X5-Arizona Night-Arizona Night-null, X1-subj-X2,X1-obj-X3,X1-obl_of-X4,X5-has_name-Arizona Night,X1-obl_of-X5, X1-be-is-null,X2-which-Which-null,X4-creator-creator-the,X5-Arizona Night-Arizona Night-null,X3-nationality-nationality-the, X1-subj-X2,X3-of-X4,X5-has_name-Arizona Night,X3-of-X5,X1-obj-X3, X1-be-is-null,X2-which-Which-null,X4-Arizona Night-Arizona Night-null,X3-nationality-nationality-the,X5-creator-creator-the, X1-subj-X2,X4-has_name-Arizona Night,X3-of-X4,X1-obj-X3,X1-obl_of-X5, X1-be-is-null,X2-which-Which-null,X4-creator-creator-the,X3-nationality-nationality-the,X5-Arizona Night-Arizona Night-null, X1-subj-X2,X3-of-X4,X1-obj-X3,X5-has_name-Arizona Night,X1-obl_of-X5,","Drs [
 tokens=[],
 dEntities=[
DEntity(X1, be, is, VERB, null, false, Query1, Query), 
DEntity(X2, which, Which, PRON, null, false, Qualifier2, Qualifier), 
DEntity(X5, Arizona Night, Arizona Night, PROPN, null, false, Artefact3, Artefact), 
DEntity(X4, creator, creator, NOUN, the, false, Artist4, Artist), 
DEntity(X3, nationality, nationality, NOUN, the, false, ConceptArtist5, ConceptArtist)],
 dConditions=[
DCondition(X1, subj, X2, propriedades= [qQualifier] --- []), 
DCondition(X5, has_name, Arizona Night, propriedades= [] --- [has_name, has_text, who]), 
DCondition(X4, of, X5, propriedades= [author_of] --- []), 
DCondition(X3, of, X4, propriedades= [conc_of_Artist] --- []), 
DCondition(X1, obj, X3, propriedades= [select] --- []), 
DCondition(X1, has_text, be, propriedades= [] --- [has_name, has_text, who]), 
DCondition(X2, has_text, which, propriedades= [] --- [has_name, has_text, who]), 
DCondition(X5, has_text, Arizona Night, propriedades= [] --- [has_name, has_text, who]), 
DCondition(X4, has_text, creator, propriedades= [] --- [has_name, has_text, who]), 
DCondition(X3, has_text, nationality, propriedades= [] --- [has_name, has_text, who]), 
DCondition(X2, has_name, null list, propriedades= [] --- [has_name, has_text, who]), 
DCondition(X1, obj, X2, propriedades= [qQualifier] --- [])]
 solu��es = []
 numeroFrase = 0
 numHasNames = 2
 numIndividuals = 5
 numEntitiesOk = 10
 numIsClass = 0
 numPropsOk = 5
 numEntitiesNOk = 0
 numClassesOk = 4]"," PREFIX rdf: <http://www.w3.org/1999/02/22-rdf-syntax-ns#> PREFIX xsd: <http://www.w3.org/2001/XMLSchema#> PREFIX rdfs: <http://www.w3.org/2000/01/rdf-schema#> PREFIX cidoc: <http://www.cidoc-crm.org/cidoc-crm/> SELECT  DISTINCT  ?snameConceptArtist5 ?ConceptArtist5 ?snameArtefact3 ?Artefact3 WHERE { {{?Artefact3 cidoc:P131_is_identified_by ?nameArtefact3 . ?nameArtefact3 rdf:value ?snameArtefact3 .}  UNION {?Artefact3 rdfs:label ?snameArtefact3 .}}  filter(regex(?snameArtefact3,""Arizona Night"",""i"")) . ?prod cidoc:P14_carried_out_by ?Artist4 . ?Artefact3 cidoc:P108i_was_produced_by ?prod . ?Artist4 rdfs:label ?snameArtist4 . ?Artist4 cidoc:P107i_is_current_or_former_member_of ?ConceptArtist5. ?ConceptArtist5 rdfs:label ?snameConceptArtist5. }",true
22,Which is the nationality of the creator of Artist's Palette?,,Incorrect Stanza Parsing,null,null
23,Which is the nationality of the creator of At the Beach?,,Incorrect Stanza Parsing,null,null
24,"Which is the nationality of the creator of Austin, Nevada?"," X1-be-is-null,X2-which-Which-null,X5-Austin-Austin-null,X4-creator-creator-the,X3-nationality-nationality-the, X1-subj-X2,X5-has_name-Nevada,X5-has_name-Austin,X4-of-X5,X3-of-X4,X1-obj-X3, X1-be-is-null,X2-which-Which-null,X3-nationality-nationality-the,X5-Austin-Austin-null,X4-creator-creator-the, X1-subj-X2,X1-obj-X3,X5-has_name-Nevada,X5-has_name-Austin,X4-of-X5,X1-obl_of-X4, X1-be-is-null,X2-which-Which-null,X3-nationality-nationality-the,X4-creator-creator-the,X5-Austin-Austin-null, X1-subj-X2,X1-obj-X3,X1-obl_of-X4,X5-has_name-Nevada,X5-has_name-Austin,X1-obl_of-X5, X1-be-is-null,X2-which-Which-null,X4-creator-creator-the,X5-Austin-Austin-null,X3-nationality-nationality-the, X1-subj-X2,X3-of-X4,X5-has_name-Nevada,X5-has_name-Austin,X3-of-X5,X1-obj-X3, X1-be-is-null,X2-which-Which-null,X4-Austin-Austin-null,X3-nationality-nationality-the,X5-creator-creator-the, X1-subj-X2,X4-has_name-Nevada,X4-has_name-Austin,X3-of-X4,X1-obj-X3,X1-obl_of-X5, X1-be-is-null,X2-which-Which-null,X4-creator-creator-the,X3-nationality-nationality-the,X5-Austin-Austin-null, X1-subj-X2,X3-of-X4,X1-obj-X3,X5-has_name-Nevada,X5-has_name-Austin,X1-obl_of-X5,","Drs [
 tokens=[],
 dEntities=[
DEntity(X1, be, is, VERB, null, false, Query1, Query), 
DEntity(X2, which, Which, PRON, null, false, Qualifier2, Qualifier), 
DEntity(X5, Austin, Austin, PROPN, null, false, Artefact3, Artefact), 
DEntity(X4, creator, creator, NOUN, the, false, Artist4, Artist), 
DEntity(X3, nationality, nationality, NOUN, the, false, ConceptArtist5, ConceptArtist)],
 dConditions=[
DCondition(X1, subj, X2, propriedades= [qQualifier] --- []), 
DCondition(X5, has_name, Nevada, propriedades= [] --- [has_name, has_text, who]), 
DCondition(X5, has_name, Austin, propriedades= [] --- [has_name, has_text, who]), 
DCondition(X4, of, X5, propriedades= [author_of] --- []), 
DCondition(X3, of, X4, propriedades= [conc_of_Artist] --- []), 
DCondition(X1, obj, X3, propriedades= [select] --- []), 
DCondition(X1, has_text, be, propriedades= [] --- [has_name, has_text, who]), 
DCondition(X2, has_text, which, propriedades= [] --- [has_name, has_text, who]), 
DCondition(X5, has_text, Austin, propriedades= [] --- [has_name, has_text, who]), 
DCondition(X4, has_text, creator, propriedades= [] --- [has_name, has_text, who]), 
DCondition(X3, has_text, nationality, propriedades= [] --- [has_name, has_text, who]), 
DCondition(X2, has_name, null list, propriedades= [] --- [has_name, has_text, who]), 
DCondition(X1, obj, X2, propriedades= [qQualifier] --- [])]
 solu��es = []
 numeroFrase = 0
 numHasNames = 3
 numIndividuals = 5
 numEntitiesOk = 10
 numIsClass = 0
 numPropsOk = 5
 numEntitiesNOk = 0
 numClassesOk = 4]"," PREFIX rdf: <http://www.w3.org/1999/02/22-rdf-syntax-ns#> PREFIX xsd: <http://www.w3.org/2001/XMLSchema#> PREFIX rdfs: <http://www.w3.org/2000/01/rdf-schema#> PREFIX cidoc: <http://www.cidoc-crm.org/cidoc-crm/> SELECT  DISTINCT  ?snameConceptArtist5 ?ConceptArtist5 ?snameArtefact3 ?Artefact3 WHERE { {{?Artefact3 cidoc:P131_is_identified_by ?nameArtefact3 . ?nameArtefact3 rdf:value ?snameArtefact3 .}  UNION {?Artefact3 rdfs:label ?snameArtefact3 .}}  filter(regex(?snameArtefact3,""Austin"",""i"")) . {{?Artefact3 cidoc:P131_is_identified_by ?nameArtefact3 . ?nameArtefact3 rdf:value ?snameArtefact3 .}  UNION {?Artefact3 rdfs:label ?snameArtefact3 .}}  filter(regex(?snameArtefact3,""Nevada"",""i"")) . ?prod cidoc:P14_carried_out_by ?Artist4 . ?Artefact3 cidoc:P108i_was_produced_by ?prod . ?Artist4 rdfs:label ?snameArtist4 . ?Artist4 cidoc:P107i_is_current_or_former_member_of ?ConceptArtist5. ?ConceptArtist5 rdfs:label ?snameConceptArtist5. }",true
25,Which is the nationality of the creator of Autumn Still Life?,,Incorrect Stanza Parsing,null,null
26,Which is the nationality of the creator of Axial Incidence?," X1-be-is-null,X2-which-Which-null,X5-Incidence-Incidence-null,X4-creator-creator-the,X3-nationality-nationality-the, X1-subj-X2,X5-axial-true,X5-has_name-Incidence,X4-of-X5,X3-of-X4,X1-obj-X3, X1-be-is-null,X2-which-Which-null,X5-Incidence-Incidence-null,X4-creator-creator-the,X3-nationality-nationality-the, X1-subj-X2,X5-has_name-Axial,X5-has_name-Incidence,X4-of-X5,X3-of-X4,X1-obj-X3, X1-be-is-null,X2-which-Which-null,X5-Axial Incidence-Axial Incidence-null,X4-creator-creator-the,X3-nationality-nationality-the, X1-subj-X2,X5-has_name-Axial Incidence,X4-of-X5,X3-of-X4,X1-obj-X3, X1-be-is-null,X2-which-Which-null,X3-nationality-nationality-the,X5-Incidence-Incidence-null,X4-creator-creator-the, X1-subj-X2,X1-obj-X3,X5-axial-true,X5-has_name-Incidence,X4-of-X5,X1-obl_of-X4, X1-be-is-null,X2-which-Which-null,X3-nationality-nationality-the,X5-Incidence-Incidence-null,X4-creator-creator-the, X1-subj-X2,X1-obj-X3,X5-has_name-Axial,X5-has_name-Incidence,X4-of-X5,X1-obl_of-X4, X1-be-is-null,X2-which-Which-null,X3-nationality-nationality-the,X5-Axial Incidence-Axial Incidence-null,X4-creator-creator-the, X1-subj-X2,X1-obj-X3,X5-has_name-Axial Incidence,X4-of-X5,X1-obl_of-X4, X1-be-is-null,X2-which-Which-null,X3-nationality-nationality-the,X4-creator-creator-the,X5-Incidence-Incidence-null, X1-subj-X2,X1-obj-X3,X1-obl_of-X4,X5-axial-true,X5-has_name-Incidence,X1-obl_of-X5, X1-be-is-null,X2-which-Which-null,X3-nationality-nationality-the,X4-creator-creator-the,X5-Incidence-Incidence-null, X1-subj-X2,X1-obj-X3,X1-obl_of-X4,X5-has_name-Axial,X5-has_name-Incidence,X1-obl_of-X5, X1-be-is-null,X2-which-Which-null,X3-nationality-nationality-the,X4-creator-creator-the,X5-Axial Incidence-Axial Incidence-null, X1-subj-X2,X1-obj-X3,X1-obl_of-X4,X5-has_name-Axial Incidence,X1-obl_of-X5, X1-be-is-null,X2-which-Which-null,X4-creator-creator-the,X5-Incidence-Incidence-null,X3-nationality-nationality-the, X1-subj-X2,X3-of-X4,X5-axial-true,X5-has_name-Incidence,X3-of-X5,X1-obj-X3, X1-be-is-null,X2-which-Which-null,X4-creator-creator-the,X5-Incidence-Incidence-null,X3-nationality-nationality-the, X1-subj-X2,X3-of-X4,X5-has_name-Axial,X5-has_name-Incidence,X3-of-X5,X1-obj-X3, X1-be-is-null,X2-which-Which-null,X4-creator-creator-the,X5-Axial Incidence-Axial Incidence-null,X3-nationality-nationality-the, X1-subj-X2,X3-of-X4,X5-has_name-Axial Incidence,X3-of-X5,X1-obj-X3, X1-be-is-null,X2-which-Which-null,X4-Incidence-Incidence-null,X3-nationality-nationality-the,X5-creator-creator-the, X1-subj-X2,X4-axial-true,X4-has_name-Incidence,X3-of-X4,X1-obj-X3,X1-obl_of-X5, X1-be-is-null,X2-which-Which-null,X4-Incidence-Incidence-null,X3-nationality-nationality-the,X5-creator-creator-the, X1-subj-X2,X4-has_name-Axial,X4-has_name-Incidence,X3-of-X4,X1-obj-X3,X1-obl_of-X5, X1-be-is-null,X2-which-Which-null,X4-Axial Incidence-Axial Incidence-null,X3-nationality-nationality-the,X5-creator-creator-the, X1-subj-X2,X4-has_name-Axial Incidence,X3-of-X4,X1-obj-X3,X1-obl_of-X5, X1-be-is-null,X2-which-Which-null,X4-creator-creator-the,X3-nationality-nationality-the,X5-Incidence-Incidence-null, X1-subj-X2,X3-of-X4,X1-obj-X3,X5-axial-true,X5-has_name-Incidence,X1-obl_of-X5, X1-be-is-null,X2-which-Which-null,X4-creator-creator-the,X3-nationality-nationality-the,X5-Incidence-Incidence-null, X1-subj-X2,X3-of-X4,X1-obj-X3,X5-has_name-Axial,X5-has_name-Incidence,X1-obl_of-X5, X1-be-is-null,X2-which-Which-null,X4-creator-creator-the,X3-nationality-nationality-the,X5-Axial Incidence-Axial Incidence-null, X1-subj-X2,X3-of-X4,X1-obj-X3,X5-has_name-Axial Incidence,X1-obl_of-X5,","Drs [
 tokens=[],
 dEntities=[
DEntity(X1, be, is, VERB, null, false, Query1, Query), 
DEntity(X2, which, Which, PRON, null, false, Qualifier2, Qualifier), 
DEntity(X5, Incidence, Incidence, PROPN, null, false, Artefact3, Artefact), 
DEntity(X4, creator, creator, NOUN, the, false, Artist4, Artist), 
DEntity(X3, nationality, nationality, NOUN, the, false, ConceptArtist5, ConceptArtist)],
 dConditions=[
DCondition(X1, subj, X2, propriedades= [qQualifier] --- []), 
DCondition(X5, axial, true, propriedades= [] --- [has_name, has_text, who]), 
DCondition(X5, has_name, Incidence, propriedades= [] --- [has_name, has_text, who]), 
DCondition(X4, of, X5, propriedades= [author_of] --- []), 
DCondition(X3, of, X4, propriedades= [conc_of_Artist] --- []), 
DCondition(X1, obj, X3, propriedades= [select] --- []), 
DCondition(X1, has_text, be, propriedades= [] --- [has_name, has_text, who]), 
DCondition(X2, has_text, which, propriedades= [] --- [has_name, has_text, who]), 
DCondition(X5, has_text, Incidence, propriedades= [] --- [has_name, has_text, who]), 
DCondition(X4, has_text, creator, propriedades= [] --- [has_name, has_text, who]), 
DCondition(X3, has_text, nationality, propriedades= [] --- [has_name, has_text, who]), 
DCondition(X2, has_name, null list, propriedades= [] --- [has_name, has_text, who]), 
DCondition(X1, obj, X2, propriedades= [qQualifier] --- [])]
 solu��es = []
 numeroFrase = 0
 numHasNames = 2
 numIndividuals = 5
 numEntitiesOk = 10
 numIsClass = 0
 numPropsOk = 5
 numEntitiesNOk = 0
 numClassesOk = 4]"," PREFIX rdf: <http://www.w3.org/1999/02/22-rdf-syntax-ns#> PREFIX xsd: <http://www.w3.org/2001/XMLSchema#> PREFIX rdfs: <http://www.w3.org/2000/01/rdf-schema#> PREFIX cidoc: <http://www.cidoc-crm.org/cidoc-crm/> SELECT  DISTINCT  ?snameConceptArtist5 ?ConceptArtist5 ?snameArtefact3 ?Artefact3 WHERE { {{?Artefact3 cidoc:P131_is_identified_by ?nameArtefact3 . ?nameArtefact3 rdf:value ?snameArtefact3 .}  UNION {?Artefact3 rdfs:label ?snameArtefact3 .}}  filter(regex(?snameArtefact3,""Incidence"",""i"")) . ?prod cidoc:P14_carried_out_by ?Artist4 . ?Artefact3 cidoc:P108i_was_produced_by ?prod . ?Artist4 rdfs:label ?snameArtist4 . ?Artist4 cidoc:P107i_is_current_or_former_member_of ?ConceptArtist5. ?ConceptArtist5 rdfs:label ?snameConceptArtist5. }",true
27,"Which is the nationality of the creator of Ball-play Dance, Choctaw?",,Incorrect Stanza Parsing,null,null
28,"Which is the nationality of the creator of Baltit, Hunza, Pakistan?",,Incorrect Stanza Parsing,null,null
29,Which is the nationality of the creator of Banshee Pearls?," X1-be-is-null,X2-which-Which-null,X5-Banshee Pearls-Banshee Pearls-null,X4-creator-creator-the,X3-nationality-nationality-the, X1-subj-X2,X5-has_name-Banshee Pearls,X4-of-X5,X3-of-X4,X1-obj-X3, X1-be-is-null,X2-which-Which-null,X3-nationality-nationality-the,X5-Banshee Pearls-Banshee Pearls-null,X4-creator-creator-the, X1-subj-X2,X1-obj-X3,X5-has_name-Banshee Pearls,X4-of-X5,X1-obl_of-X4, X1-be-is-null,X2-which-Which-null,X3-nationality-nationality-the,X4-creator-creator-the,X5-Banshee Pearls-Banshee Pearls-null, X1-subj-X2,X1-obj-X3,X1-obl_of-X4,X5-has_name-Banshee Pearls,X1-obl_of-X5, X1-be-is-null,X2-which-Which-null,X4-creator-creator-the,X5-Banshee Pearls-Banshee Pearls-null,X3-nationality-nationality-the, X1-subj-X2,X3-of-X4,X5-has_name-Banshee Pearls,X3-of-X5,X1-obj-X3, X1-be-is-null,X2-which-Which-null,X4-Banshee Pearls-Banshee Pearls-null,X3-nationality-nationality-the,X5-creator-creator-the, X1-subj-X2,X4-has_name-Banshee Pearls,X3-of-X4,X1-obj-X3,X1-obl_of-X5, X1-be-is-null,X2-which-Which-null,X4-creator-creator-the,X3-nationality-nationality-the,X5-Banshee Pearls-Banshee Pearls-null, X1-subj-X2,X3-of-X4,X1-obj-X3,X5-has_name-Banshee Pearls,X1-obl_of-X5,","Drs [
 tokens=[],
 dEntities=[
DEntity(X1, be, is, VERB, null, false, Query1, Query), 
DEntity(X2, which, Which, PRON, null, false, Qualifier2, Qualifier), 
DEntity(X5, Banshee Pearls, Banshee Pearls, PROPN, null, false, Artefact3, Artefact), 
DEntity(X4, creator, creator, NOUN, the, false, Artist4, Artist), 
DEntity(X3, nationality, nationality, NOUN, the, false, ConceptArtist5, ConceptArtist)],
 dConditions=[
DCondition(X1, subj, X2, propriedades= [qQualifier] --- []), 
DCondition(X5, has_name, Banshee Pearls, propriedades= [] --- [has_name, has_text, who]), 
DCondition(X4, of, X5, propriedades= [author_of] --- []), 
DCondition(X3, of, X4, propriedades= [conc_of_Artist] --- []), 
DCondition(X1, obj, X3, propriedades= [select] --- []), 
DCondition(X1, has_text, be, propriedades= [] --- [has_name, has_text, who]), 
DCondition(X2, has_text, which, propriedades= [] --- [has_name, has_text, who]), 
DCondition(X5, has_text, Banshee Pearls, propriedades= [] --- [has_name, has_text, who]), 
DCondition(X4, has_text, creator, propriedades= [] --- [has_name, has_text, who]), 
DCondition(X3, has_text, nationality, propriedades= [] --- [has_name, has_text, who]), 
DCondition(X2, has_name, null list, propriedades= [] --- [has_name, has_text, who]), 
DCondition(X1, obj, X2, propriedades= [qQualifier] --- [])]
 solu��es = []
 numeroFrase = 0
 numHasNames = 2
 numIndividuals = 5
 numEntitiesOk = 10
 numIsClass = 0
 numPropsOk = 5
 numEntitiesNOk = 0
 numClassesOk = 4]"," PREFIX rdf: <http://www.w3.org/1999/02/22-rdf-syntax-ns#> PREFIX xsd: <http://www.w3.org/2001/XMLSchema#> PREFIX rdfs: <http://www.w3.org/2000/01/rdf-schema#> PREFIX cidoc: <http://www.cidoc-crm.org/cidoc-crm/> SELECT  DISTINCT  ?snameConceptArtist5 ?ConceptArtist5 ?snameArtefact3 ?Artefact3 WHERE { {{?Artefact3 cidoc:P131_is_identified_by ?nameArtefact3 . ?nameArtefact3 rdf:value ?snameArtefact3 .}  UNION {?Artefact3 rdfs:label ?snameArtefact3 .}}  filter(regex(?snameArtefact3,""Banshee Pearls"",""i"")) . ?prod cidoc:P14_carried_out_by ?Artist4 . ?Artefact3 cidoc:P108i_was_produced_by ?prod . ?Artist4 rdfs:label ?snameArtist4 . ?Artist4 cidoc:P107i_is_current_or_former_member_of ?ConceptArtist5. ?ConceptArtist5 rdfs:label ?snameConceptArtist5. }",true
30,Which is the nationality of the creator of Baseball Bat?," X1-be-is-null,X2-which-Which-null,X5-Baseball Bat-Baseball Bat-null,X4-creator-creator-the,X3-nationality-nationality-the, X1-subj-X2,X5-has_name-Baseball Bat,X4-of-X5,X3-of-X4,X1-obj-X3, X1-be-is-null,X2-which-Which-null,X3-nationality-nationality-the,X5-Baseball Bat-Baseball Bat-null,X4-creator-creator-the, X1-subj-X2,X1-obj-X3,X5-has_name-Baseball Bat,X4-of-X5,X1-obl_of-X4, X1-be-is-null,X2-which-Which-null,X3-nationality-nationality-the,X4-creator-creator-the,X5-Baseball Bat-Baseball Bat-null, X1-subj-X2,X1-obj-X3,X1-obl_of-X4,X5-has_name-Baseball Bat,X1-obl_of-X5, X1-be-is-null,X2-which-Which-null,X4-creator-creator-the,X5-Baseball Bat-Baseball Bat-null,X3-nationality-nationality-the, X1-subj-X2,X3-of-X4,X5-has_name-Baseball Bat,X3-of-X5,X1-obj-X3, X1-be-is-null,X2-which-Which-null,X4-Baseball Bat-Baseball Bat-null,X3-nationality-nationality-the,X5-creator-creator-the, X1-subj-X2,X4-has_name-Baseball Bat,X3-of-X4,X1-obj-X3,X1-obl_of-X5, X1-be-is-null,X2-which-Which-null,X4-creator-creator-the,X3-nationality-nationality-the,X5-Baseball Bat-Baseball Bat-null, X1-subj-X2,X3-of-X4,X1-obj-X3,X5-has_name-Baseball Bat,X1-obl_of-X5,","Drs [
 tokens=[],
 dEntities=[
DEntity(X1, be, is, VERB, null, false, Query1, Query), 
DEntity(X2, which, Which, PRON, null, false, Qualifier2, Qualifier), 
DEntity(X5, Baseball Bat, Baseball Bat, PROPN, null, false, Artefact3, Artefact), 
DEntity(X4, creator, creator, NOUN, the, false, Artist4, Artist), 
DEntity(X3, nationality, nationality, NOUN, the, false, ConceptArtist5, ConceptArtist)],
 dConditions=[
DCondition(X1, subj, X2, propriedades= [qQualifier] --- []), 
DCondition(X5, has_name, Baseball Bat, propriedades= [] --- [has_name, has_text, who]), 
DCondition(X4, of, X5, propriedades= [author_of] --- []), 
DCondition(X3, of, X4, propriedades= [conc_of_Artist] --- []), 
DCondition(X1, obj, X3, propriedades= [select] --- []), 
DCondition(X1, has_text, be, propriedades= [] --- [has_name, has_text, who]), 
DCondition(X2, has_text, which, propriedades= [] --- [has_name, has_text, who]), 
DCondition(X5, has_text, Baseball Bat, propriedades= [] --- [has_name, has_text, who]), 
DCondition(X4, has_text, creator, propriedades= [] --- [has_name, has_text, who]), 
DCondition(X3, has_text, nationality, propriedades= [] --- [has_name, has_text, who]), 
DCondition(X2, has_name, null list, propriedades= [] --- [has_name, has_text, who]), 
DCondition(X1, obj, X2, propriedades= [qQualifier] --- [])]
 solu��es = []
 numeroFrase = 0
 numHasNames = 2
 numIndividuals = 5
 numEntitiesOk = 10
 numIsClass = 0
 numPropsOk = 5
 numEntitiesNOk = 0
 numClassesOk = 4]"," PREFIX rdf: <http://www.w3.org/1999/02/22-rdf-syntax-ns#> PREFIX xsd: <http://www.w3.org/2001/XMLSchema#> PREFIX rdfs: <http://www.w3.org/2000/01/rdf-schema#> PREFIX cidoc: <http://www.cidoc-crm.org/cidoc-crm/> SELECT  DISTINCT  ?snameConceptArtist5 ?ConceptArtist5 ?snameArtefact3 ?Artefact3 WHERE { {{?Artefact3 cidoc:P131_is_identified_by ?nameArtefact3 . ?nameArtefact3 rdf:value ?snameArtefact3 .}  UNION {?Artefact3 rdfs:label ?snameArtefact3 .}}  filter(regex(?snameArtefact3,""Baseball Bat"",""i"")) . ?prod cidoc:P14_carried_out_by ?Artist4 . ?Artefact3 cidoc:P108i_was_produced_by ?prod . ?Artist4 rdfs:label ?snameArtist4 . ?Artist4 cidoc:P107i_is_current_or_former_member_of ?ConceptArtist5. ?ConceptArtist5 rdfs:label ?snameConceptArtist5. }",true
31,"Which is the nationality of the creator of Baton Rouge, Louisiana?"," X1-be-is-null,X2-which-Which-null,X5-Baton Rouge-Baton Rouge-null,X4-creator-creator-the,X3-nationality-nationality-the, X1-subj-X2,X5-has_name-Louisiana,X5-has_name-Baton Rouge,X4-of-X5,X3-of-X4,X1-obj-X3, X1-be-is-null,X2-which-Which-null,X3-nationality-nationality-the,X5-Baton Rouge-Baton Rouge-null,X4-creator-creator-the, X1-subj-X2,X1-obj-X3,X5-has_name-Louisiana,X5-has_name-Baton Rouge,X4-of-X5,X1-obl_of-X4, X1-be-is-null,X2-which-Which-null,X3-nationality-nationality-the,X4-creator-creator-the,X5-Baton Rouge-Baton Rouge-null, X1-subj-X2,X1-obj-X3,X1-obl_of-X4,X5-has_name-Louisiana,X5-has_name-Baton Rouge,X1-obl_of-X5, X1-be-is-null,X2-which-Which-null,X4-creator-creator-the,X5-Baton Rouge-Baton Rouge-null,X3-nationality-nationality-the, X1-subj-X2,X3-of-X4,X5-has_name-Louisiana,X5-has_name-Baton Rouge,X3-of-X5,X1-obj-X3, X1-be-is-null,X2-which-Which-null,X4-Baton Rouge-Baton Rouge-null,X3-nationality-nationality-the,X5-creator-creator-the, X1-subj-X2,X4-has_name-Louisiana,X4-has_name-Baton Rouge,X3-of-X4,X1-obj-X3,X1-obl_of-X5, X1-be-is-null,X2-which-Which-null,X4-creator-creator-the,X3-nationality-nationality-the,X5-Baton Rouge-Baton Rouge-null, X1-subj-X2,X3-of-X4,X1-obj-X3,X5-has_name-Louisiana,X5-has_name-Baton Rouge,X1-obl_of-X5, X1-be-is-null,X2-which-Which-null,X6-Louisiana-Louisiana-null,X5-Baton Rouge-Baton Rouge-null,X4-creator-creator-the,X3-nationality-nationality-the, X1-subj-X2,X6-has_name-Louisiana,X5-rel-X6,X5-has_name-Baton Rouge,X4-of-X5,X3-of-X4,X1-obj-X3, X1-be-is-null,X2-which-Which-null,X3-nationality-nationality-the,X6-Louisiana-Louisiana-null,X5-Baton Rouge-Baton Rouge-null,X4-creator-creator-the, X1-subj-X2,X1-obj-X3,X6-has_name-Louisiana,X5-rel-X6,X5-has_name-Baton Rouge,X4-of-X5,X1-obl_of-X4, X1-be-is-null,X2-which-Which-null,X3-nationality-nationality-the,X4-creator-creator-the,X6-Louisiana-Louisiana-null,X5-Baton Rouge-Baton Rouge-null, X1-subj-X2,X1-obj-X3,X1-obl_of-X4,X6-has_name-Louisiana,X5-rel-X6,X5-has_name-Baton Rouge,X1-obl_of-X5, X1-be-is-null,X2-which-Which-null,X4-creator-creator-the,X6-Louisiana-Louisiana-null,X5-Baton Rouge-Baton Rouge-null,X3-nationality-nationality-the, X1-subj-X2,X3-of-X4,X6-has_name-Louisiana,X5-rel-X6,X5-has_name-Baton Rouge,X3-of-X5,X1-obj-X3, X1-be-is-null,X2-which-Which-null,X5-Louisiana-Louisiana-null,X4-Baton Rouge-Baton Rouge-null,X3-nationality-nationality-the,X6-creator-creator-the, X1-subj-X2,X5-has_name-Louisiana,X4-rel-X5,X4-has_name-Baton Rouge,X3-of-X4,X1-obj-X3,X1-obl_of-X6, X1-be-is-null,X2-which-Which-null,X4-creator-creator-the,X3-nationality-nationality-the,X6-Louisiana-Louisiana-null,X5-Baton Rouge-Baton Rouge-null, X1-subj-X2,X3-of-X4,X1-obj-X3,X6-has_name-Louisiana,X5-rel-X6,X5-has_name-Baton Rouge,X1-obl_of-X5,",Incorrect partial DRS,null,null
32,"Which is the nationality of the creator of Bell Foundry, Germany?"," X1-be-is-null,X2-which-Which-null,X5-Bell Foundry-Bell Foundry-null,X4-creator-creator-the,X3-nationality-nationality-the, X1-subj-X2,X5-has_name-Germany,X5-has_name-Bell Foundry,X4-of-X5,X3-of-X4,X1-obj-X3, X1-be-is-null,X2-which-Which-null,X3-nationality-nationality-the,X5-Bell Foundry-Bell Foundry-null,X4-creator-creator-the, X1-subj-X2,X1-obj-X3,X5-has_name-Germany,X5-has_name-Bell Foundry,X4-of-X5,X1-obl_of-X4, X1-be-is-null,X2-which-Which-null,X3-nationality-nationality-the,X4-creator-creator-the,X5-Bell Foundry-Bell Foundry-null, X1-subj-X2,X1-obj-X3,X1-obl_of-X4,X5-has_name-Germany,X5-has_name-Bell Foundry,X1-obl_of-X5, X1-be-is-null,X2-which-Which-null,X4-creator-creator-the,X5-Bell Foundry-Bell Foundry-null,X3-nationality-nationality-the, X1-subj-X2,X3-of-X4,X5-has_name-Germany,X5-has_name-Bell Foundry,X3-of-X5,X1-obj-X3, X1-be-is-null,X2-which-Which-null,X4-Bell Foundry-Bell Foundry-null,X3-nationality-nationality-the,X5-creator-creator-the, X1-subj-X2,X4-has_name-Germany,X4-has_name-Bell Foundry,X3-of-X4,X1-obj-X3,X1-obl_of-X5, X1-be-is-null,X2-which-Which-null,X4-creator-creator-the,X3-nationality-nationality-the,X5-Bell Foundry-Bell Foundry-null, X1-subj-X2,X3-of-X4,X1-obj-X3,X5-has_name-Germany,X5-has_name-Bell Foundry,X1-obl_of-X5, X1-be-is-null,X2-which-Which-null,X6-Germany-Germany-null,X5-Bell Foundry-Bell Foundry-null,X4-creator-creator-the,X3-nationality-nationality-the, X1-subj-X2,X6-has_name-Germany,X5-rel-X6,X5-has_name-Bell Foundry,X4-of-X5,X3-of-X4,X1-obj-X3, X1-be-is-null,X2-which-Which-null,X3-nationality-nationality-the,X6-Germany-Germany-null,X5-Bell Foundry-Bell Foundry-null,X4-creator-creator-the, X1-subj-X2,X1-obj-X3,X6-has_name-Germany,X5-rel-X6,X5-has_name-Bell Foundry,X4-of-X5,X1-obl_of-X4, X1-be-is-null,X2-which-Which-null,X3-nationality-nationality-the,X4-creator-creator-the,X6-Germany-Germany-null,X5-Bell Foundry-Bell Foundry-null, X1-subj-X2,X1-obj-X3,X1-obl_of-X4,X6-has_name-Germany,X5-rel-X6,X5-has_name-Bell Foundry,X1-obl_of-X5, X1-be-is-null,X2-which-Which-null,X4-creator-creator-the,X6-Germany-Germany-null,X5-Bell Foundry-Bell Foundry-null,X3-nationality-nationality-the, X1-subj-X2,X3-of-X4,X6-has_name-Germany,X5-rel-X6,X5-has_name-Bell Foundry,X3-of-X5,X1-obj-X3, X1-be-is-null,X2-which-Which-null,X5-Germany-Germany-null,X4-Bell Foundry-Bell Foundry-null,X3-nationality-nationality-the,X6-creator-creator-the, X1-subj-X2,X5-has_name-Germany,X4-rel-X5,X4-has_name-Bell Foundry,X3-of-X4,X1-obj-X3,X1-obl_of-X6, X1-be-is-null,X2-which-Which-null,X4-creator-creator-the,X3-nationality-nationality-the,X6-Germany-Germany-null,X5-Bell Foundry-Bell Foundry-null, X1-subj-X2,X3-of-X4,X1-obj-X3,X6-has_name-Germany,X5-rel-X6,X5-has_name-Bell Foundry,X1-obl_of-X5,",Incorrect partial DRS,null,null
33,Which is the nationality of the creator of Bellissima?," X1-be-is-null,X2-which-Which-null,X5-Bellissima-Bellissima-null,X4-creator-creator-the,X3-nationality-nationality-the, X1-subj-X2,X5-has_name-Bellissima,X4-of-X5,X3-of-X4,X1-obj-X3, X1-be-is-null,X2-which-Which-null,X3-nationality-nationality-the,X5-Bellissima-Bellissima-null,X4-creator-creator-the, X1-subj-X2,X1-obj-X3,X5-has_name-Bellissima,X4-of-X5,X1-obl_of-X4, X1-be-is-null,X2-which-Which-null,X3-nationality-nationality-the,X4-creator-creator-the,X5-Bellissima-Bellissima-null, X1-subj-X2,X1-obj-X3,X1-obl_of-X4,X5-has_name-Bellissima,X1-obl_of-X5, X1-be-is-null,X2-which-Which-null,X4-creator-creator-the,X5-Bellissima-Bellissima-null,X3-nationality-nationality-the, X1-subj-X2,X3-of-X4,X5-has_name-Bellissima,X3-of-X5,X1-obj-X3, X1-be-is-null,X2-which-Which-null,X4-Bellissima-Bellissima-null,X3-nationality-nationality-the,X5-creator-creator-the, X1-subj-X2,X4-has_name-Bellissima,X3-of-X4,X1-obj-X3,X1-obl_of-X5, X1-be-is-null,X2-which-Which-null,X4-creator-creator-the,X3-nationality-nationality-the,X5-Bellissima-Bellissima-null, X1-subj-X2,X3-of-X4,X1-obj-X3,X5-has_name-Bellissima,X1-obl_of-X5,","Drs [
 tokens=[],
 dEntities=[
DEntity(X1, be, is, VERB, null, false, Query1, Query), 
DEntity(X2, which, Which, PRON, null, false, Qualifier2, Qualifier), 
DEntity(X5, Bellissima, Bellissima, PROPN, null, false, Artefact3, Artefact), 
DEntity(X4, creator, creator, NOUN, the, false, Artist4, Artist), 
DEntity(X3, nationality, nationality, NOUN, the, false, ConceptArtist5, ConceptArtist)],
 dConditions=[
DCondition(X1, subj, X2, propriedades= [qQualifier] --- []), 
DCondition(X5, has_name, Bellissima, propriedades= [] --- [has_name, has_text, who]), 
DCondition(X4, of, X5, propriedades= [author_of] --- []), 
DCondition(X3, of, X4, propriedades= [conc_of_Artist] --- []), 
DCondition(X1, obj, X3, propriedades= [select] --- []), 
DCondition(X1, has_text, be, propriedades= [] --- [has_name, has_text, who]), 
DCondition(X2, has_text, which, propriedades= [] --- [has_name, has_text, who]), 
DCondition(X5, has_text, Bellissima, propriedades= [] --- [has_name, has_text, who]), 
DCondition(X4, has_text, creator, propriedades= [] --- [has_name, has_text, who]), 
DCondition(X3, has_text, nationality, propriedades= [] --- [has_name, has_text, who]), 
DCondition(X2, has_name, null list, propriedades= [] --- [has_name, has_text, who]), 
DCondition(X1, obj, X2, propriedades= [qQualifier] --- [])]
 solu��es = []
 numeroFrase = 0
 numHasNames = 2
 numIndividuals = 5
 numEntitiesOk = 10
 numIsClass = 0
 numPropsOk = 5
 numEntitiesNOk = 0
 numClassesOk = 4]"," PREFIX rdf: <http://www.w3.org/1999/02/22-rdf-syntax-ns#> PREFIX xsd: <http://www.w3.org/2001/XMLSchema#> PREFIX rdfs: <http://www.w3.org/2000/01/rdf-schema#> PREFIX cidoc: <http://www.cidoc-crm.org/cidoc-crm/> SELECT  DISTINCT  ?snameConceptArtist5 ?ConceptArtist5 ?snameArtefact3 ?Artefact3 WHERE { {{?Artefact3 cidoc:P131_is_identified_by ?nameArtefact3 . ?nameArtefact3 rdf:value ?snameArtefact3 .}  UNION {?Artefact3 rdfs:label ?snameArtefact3 .}}  filter(regex(?snameArtefact3,""Bellissima"",""i"")) . ?prod cidoc:P14_carried_out_by ?Artist4 . ?Artefact3 cidoc:P108i_was_produced_by ?prod . ?Artist4 rdfs:label ?snameArtist4 . ?Artist4 cidoc:P107i_is_current_or_former_member_of ?ConceptArtist5. ?ConceptArtist5 rdfs:label ?snameConceptArtist5. }",true
34,Which is the nationality of the creator of Bending Nude?," X1-be-is-null,X2-which-Which-null,X5-bend Nude-Bending Nude-null,X4-creator-creator-the,X3-nationality-nationality-the, X1-subj-X2,X5-has_name-bend Nude,X4-of-X5,X3-of-X4,X1-obj-X3, X1-be-is-null,X2-which-Which-null,X3-nationality-nationality-the,X5-bend Nude-Bending Nude-null,X4-creator-creator-the, X1-subj-X2,X1-obj-X3,X5-has_name-bend Nude,X4-of-X5,X1-obl_of-X4, X1-be-is-null,X2-which-Which-null,X3-nationality-nationality-the,X4-creator-creator-the,X5-bend Nude-Bending Nude-null, X1-subj-X2,X1-obj-X3,X1-obl_of-X4,X5-has_name-bend Nude,X1-obl_of-X5, X1-be-is-null,X2-which-Which-null,X4-creator-creator-the,X5-bend Nude-Bending Nude-null,X3-nationality-nationality-the, X1-subj-X2,X3-of-X4,X5-has_name-bend Nude,X3-of-X5,X1-obj-X3, X1-be-is-null,X2-which-Which-null,X4-bend Nude-Bending Nude-null,X3-nationality-nationality-the,X5-creator-creator-the, X1-subj-X2,X4-has_name-bend Nude,X3-of-X4,X1-obj-X3,X1-obl_of-X5, X1-be-is-null,X2-which-Which-null,X4-creator-creator-the,X3-nationality-nationality-the,X5-bend Nude-Bending Nude-null, X1-subj-X2,X3-of-X4,X1-obj-X3,X5-has_name-bend Nude,X1-obl_of-X5,","Drs [
 tokens=[],
 dEntities=[
DEntity(X1, be, is, VERB, null, false, Query1, Query), 
DEntity(X2, which, Which, PRON, null, false, Qualifier2, Qualifier), 
DEntity(X5, bend Nude, Bending Nude, PROPN, null, false, Artefact3, Artefact), 
DEntity(X4, creator, creator, NOUN, the, false, Artist4, Artist), 
DEntity(X3, nationality, nationality, NOUN, the, false, ConceptArtist5, ConceptArtist)],
 dConditions=[
DCondition(X1, subj, X2, propriedades= [qQualifier] --- []), 
DCondition(X5, has_name, bend Nude, propriedades= [] --- [has_name, has_text, who]), 
DCondition(X4, of, X5, propriedades= [author_of] --- []), 
DCondition(X3, of, X4, propriedades= [conc_of_Artist] --- []), 
DCondition(X1, obj, X3, propriedades= [select] --- []), 
DCondition(X1, has_text, be, propriedades= [] --- [has_name, has_text, who]), 
DCondition(X2, has_text, which, propriedades= [] --- [has_name, has_text, who]), 
DCondition(X5, has_text, bend Nude, propriedades= [] --- [has_name, has_text, who]), 
DCondition(X4, has_text, creator, propriedades= [] --- [has_name, has_text, who]), 
DCondition(X3, has_text, nationality, propriedades= [] --- [has_name, has_text, who]), 
DCondition(X2, has_name, null list, propriedades= [] --- [has_name, has_text, who]), 
DCondition(X1, obj, X2, propriedades= [qQualifier] --- [])]
 solu��es = []
 numeroFrase = 0
 numHasNames = 2
 numIndividuals = 5
 numEntitiesOk = 10
 numIsClass = 0
 numPropsOk = 5
 numEntitiesNOk = 0
 numClassesOk = 4]"," PREFIX rdf: <http://www.w3.org/1999/02/22-rdf-syntax-ns#> PREFIX xsd: <http://www.w3.org/2001/XMLSchema#> PREFIX rdfs: <http://www.w3.org/2000/01/rdf-schema#> PREFIX cidoc: <http://www.cidoc-crm.org/cidoc-crm/> SELECT  DISTINCT  ?snameConceptArtist5 ?ConceptArtist5 ?snameArtefact3 ?Artefact3 WHERE { {{?Artefact3 cidoc:P131_is_identified_by ?nameArtefact3 . ?nameArtefact3 rdf:value ?snameArtefact3 .}  UNION {?Artefact3 rdfs:label ?snameArtefact3 .}}  filter(regex(?snameArtefact3,""bend Nude"",""i"")) . ?prod cidoc:P14_carried_out_by ?Artist4 . ?Artefact3 cidoc:P108i_was_produced_by ?prod . ?Artist4 rdfs:label ?snameArtist4 . ?Artist4 cidoc:P107i_is_current_or_former_member_of ?ConceptArtist5. ?ConceptArtist5 rdfs:label ?snameConceptArtist5. }",false
35,Which is the nationality of the creator of Between Poses?,,Incorrect Stanza Parsing,null,null
36,Which is the nationality of the creator of Bill and Boob McNutt?," X1-be-is-null,X2-which-Which-null,X6-Boob McNutt-Boob-null,X5-Bill-Bill-null,X4-creator-creator-the,X3-nationality-nationality-the, X1-subj-X2,X6-has_name-Boob McNutt,X4-of-X6,X5-has_name-Bill,X4-of-X5,X3-of-X4,X1-obj-X3, X1-be-is-null,X2-which-Which-null,X3-nationality-nationality-the,X6-Boob McNutt-Boob-null,X5-Bill-Bill-null,X4-creator-creator-the, X1-subj-X2,X1-obj-X3,X6-has_name-Boob McNutt,X4-of-X6,X5-has_name-Bill,X4-of-X5,X1-obl_of-X4, X1-be-is-null,X2-which-Which-null,X3-nationality-nationality-the,X4-creator-creator-the,X6-Boob McNutt-Boob-null,X5-Bill-Bill-null, X1-subj-X2,X1-obj-X3,X1-obl_of-X4,X6-has_name-Boob McNutt,X1-obl_of-X6,X5-has_name-Bill,X1-obl_of-X5, X1-be-is-null,X2-which-Which-null,X4-creator-creator-the,X6-Boob McNutt-Boob-null,X5-Bill-Bill-null,X3-nationality-nationality-the, X1-subj-X2,X3-of-X4,X6-has_name-Boob McNutt,X3-of-X6,X5-has_name-Bill,X3-of-X5,X1-obj-X3, X1-be-is-null,X2-which-Which-null,X5-Boob McNutt-Boob-null,X4-Bill-Bill-null,X3-nationality-nationality-the,X6-creator-creator-the, X1-subj-X2,X5-has_name-Boob McNutt,X3-of-X5,X4-has_name-Bill,X3-of-X4,X1-obj-X3,X1-obl_of-X6, X1-be-is-null,X2-which-Which-null,X4-creator-creator-the,X3-nationality-nationality-the,X6-Boob McNutt-Boob-null,X5-Bill-Bill-null, X1-subj-X2,X3-of-X4,X1-obj-X3,X6-has_name-Boob McNutt,X1-obl_of-X6,X5-has_name-Bill,X1-obl_of-X5,",Incorrect partial DRS,null,null
37,Which is the nationality of the creator of Black Dice?," X1-be-is-null,X2-which-Which-null,X5-Black Dice-Black-null,X4-creator-creator-the,X3-nationality-nationality-the, X1-subj-X2,X4-of-X5,X3-of-X4,X1-obj-X3, X1-be-is-null,X2-which-Which-null,X3-nationality-nationality-the,X5-Black Dice-Black-null,X4-creator-creator-the, X1-subj-X2,X1-obj-X3,X4-of-X5,X1-obl_of-X4, X1-be-is-null,X2-which-Which-null,X3-nationality-nationality-the,X4-creator-creator-the,X5-Black Dice-Black-null, X1-subj-X2,X1-obj-X3,X1-obl_of-X4,X1-obl_of-X5, X1-be-is-null,X2-which-Which-null,X4-creator-creator-the,X5-Black Dice-Black-null,X3-nationality-nationality-the, X1-subj-X2,X3-of-X4,X3-of-X5,X1-obj-X3, X1-be-is-null,X2-which-Which-null,X4-Black Dice-Black-null,X3-nationality-nationality-the,X5-creator-creator-the, X1-subj-X2,X3-of-X4,X1-obj-X3,X1-obl_of-X5, X1-be-is-null,X2-which-Which-null,X4-creator-creator-the,X3-nationality-nationality-the,X5-Black Dice-Black-null, X1-subj-X2,X3-of-X4,X1-obj-X3,X1-obl_of-X5,","Drs [
 tokens=[],
 dEntities=[
DEntity(X1, be, is, VERB, null, false, Query1, Query), 
DEntity(X2, which, Which, PRON, null, false, Qualifier2, Qualifier), 
DEntity(X5, Black Dice, Black, ADJ, null, false, Artefact3, Artefact), 
DEntity(X4, creator, creator, NOUN, the, false, Artist4, Artist), 
DEntity(X3, nationality, nationality, NOUN, the, false, ConceptArtist5, ConceptArtist)],
 dConditions=[
DCondition(X1, subj, X2, propriedades= [qQualifier] --- []), 
DCondition(X4, of, X5, propriedades= [author_of] --- []), 
DCondition(X3, of, X4, propriedades= [conc_of_Artist] --- []), 
DCondition(X1, obj, X3, propriedades= [select] --- []), 
DCondition(X1, has_text, be, propriedades= [] --- [has_name, has_text, who]), 
DCondition(X2, has_text, which, propriedades= [] --- [has_name, has_text, who]), 
DCondition(X5, has_text, Black Dice, propriedades= [] --- [has_name, has_text, who]), 
DCondition(X4, has_text, creator, propriedades= [] --- [has_name, has_text, who]), 
DCondition(X3, has_text, nationality, propriedades= [] --- [has_name, has_text, who]), 
DCondition(X2, has_name, null list, propriedades= [] --- [has_name, has_text, who]), 
DCondition(X1, obj, X2, propriedades= [qQualifier] --- [])]
 solu��es = []
 numeroFrase = 0
 numHasNames = 1
 numIndividuals = 5
 numEntitiesOk = 10
 numIsClass = 0
 numPropsOk = 5
 numEntitiesNOk = 0
 numClassesOk = 4]", PREFIX rdf: <http://www.w3.org/1999/02/22-rdf-syntax-ns#> PREFIX xsd: <http://www.w3.org/2001/XMLSchema#> PREFIX rdfs: <http://www.w3.org/2000/01/rdf-schema#> PREFIX cidoc: <http://www.cidoc-crm.org/cidoc-crm/> SELECT  DISTINCT  ?snameConceptArtist5 ?ConceptArtist5 WHERE { ?prod cidoc:P14_carried_out_by ?Artist4 . ?Artefact3 cidoc:P108i_was_produced_by ?prod . ?Artist4 rdfs:label ?snameArtist4 . ?Artist4 cidoc:P107i_is_current_or_former_member_of ?ConceptArtist5. ?ConceptArtist5 rdfs:label ?snameConceptArtist5. },false
38,Which is the nationality of the creator of Blacksmith Shop Interior?," X1-be-is-null,X2-which-Which-null,X5-Blacksmith shop Interior-Blacksmith Shop Interior-null,X4-creator-creator-the,X3-nationality-nationality-the, X1-subj-X2,X5-has_name-Blacksmith shop Interior,X4-of-X5,X3-of-X4,X1-obj-X3, X1-be-is-null,X2-which-Which-null,X3-nationality-nationality-the,X5-Blacksmith shop Interior-Blacksmith Shop Interior-null,X4-creator-creator-the, X1-subj-X2,X1-obj-X3,X5-has_name-Blacksmith shop Interior,X4-of-X5,X1-obl_of-X4, X1-be-is-null,X2-which-Which-null,X3-nationality-nationality-the,X4-creator-creator-the,X5-Blacksmith shop Interior-Blacksmith Shop Interior-null, X1-subj-X2,X1-obj-X3,X1-obl_of-X4,X5-has_name-Blacksmith shop Interior,X1-obl_of-X5, X1-be-is-null,X2-which-Which-null,X4-creator-creator-the,X5-Blacksmith shop Interior-Blacksmith Shop Interior-null,X3-nationality-nationality-the, X1-subj-X2,X3-of-X4,X5-has_name-Blacksmith shop Interior,X3-of-X5,X1-obj-X3, X1-be-is-null,X2-which-Which-null,X4-Blacksmith shop Interior-Blacksmith Shop Interior-null,X3-nationality-nationality-the,X5-creator-creator-the, X1-subj-X2,X4-has_name-Blacksmith shop Interior,X3-of-X4,X1-obj-X3,X1-obl_of-X5, X1-be-is-null,X2-which-Which-null,X4-creator-creator-the,X3-nationality-nationality-the,X5-Blacksmith shop Interior-Blacksmith Shop Interior-null, X1-subj-X2,X3-of-X4,X1-obj-X3,X5-has_name-Blacksmith shop Interior,X1-obl_of-X5,",Incorrect partial DRS,null,null
39,Which is the nationality of the creator of Blessing of the Fleet?," X1-be-is-null,X2-which-Which-null,X6-Fleet-Fleet-the,X5-Blessing-Blessing-null,X4-creator-creator-the,X3-nationality-nationality-the, X1-subj-X2,X6-has_name-Fleet,X5-of-X6,X5-has_name-Blessing,X4-of-X5,X3-of-X4,X1-obj-X3, X1-be-is-null,X2-which-Which-null,X3-nationality-nationality-the,X6-Fleet-Fleet-the,X5-Blessing-Blessing-null,X4-creator-creator-the, X1-subj-X2,X1-obj-X3,X6-has_name-Fleet,X5-of-X6,X5-has_name-Blessing,X4-of-X5,X1-obl_of-X4, X1-be-is-null,X2-which-Which-null,X3-nationality-nationality-the,X4-creator-creator-the,X6-Fleet-Fleet-the,X5-Blessing-Blessing-null, X1-subj-X2,X1-obj-X3,X1-obl_of-X4,X6-has_name-Fleet,X5-of-X6,X5-has_name-Blessing,X1-obl_of-X5, X1-be-is-null,X2-which-Which-null,X3-nationality-nationality-the,X4-creator-creator-the,X5-Blessing-Blessing-null,X6-Fleet-Fleet-the, X1-subj-X2,X1-obj-X3,X1-obl_of-X4,X5-has_name-Blessing,X1-obl_of-X5,X6-has_name-Fleet,X1-obl_of-X6, X1-be-is-null,X2-which-Which-null,X3-nationality-nationality-the,X5-Blessing-Blessing-null,X6-Fleet-Fleet-the,X4-creator-creator-the, X1-subj-X2,X1-obj-X3,X5-has_name-Blessing,X4-of-X5,X6-has_name-Fleet,X4-of-X6,X1-obl_of-X4, X1-be-is-null,X2-which-Which-null,X4-creator-creator-the,X6-Fleet-Fleet-the,X5-Blessing-Blessing-null,X3-nationality-nationality-the, X1-subj-X2,X3-of-X4,X6-has_name-Fleet,X5-of-X6,X5-has_name-Blessing,X3-of-X5,X1-obj-X3, X1-be-is-null,X2-which-Which-null,X5-Fleet-Fleet-the,X4-Blessing-Blessing-null,X3-nationality-nationality-the,X6-creator-creator-the, X1-subj-X2,X5-has_name-Fleet,X4-of-X5,X4-has_name-Blessing,X3-of-X4,X1-obj-X3,X1-obl_of-X6, X1-be-is-null,X2-which-Which-null,X4-creator-creator-the,X3-nationality-nationality-the,X6-Fleet-Fleet-the,X5-Blessing-Blessing-null, X1-subj-X2,X3-of-X4,X1-obj-X3,X6-has_name-Fleet,X5-of-X6,X5-has_name-Blessing,X1-obl_of-X5, X1-be-is-null,X2-which-Which-null,X4-creator-creator-the,X5-Blessing-Blessing-null,X6-Fleet-Fleet-the,X3-nationality-nationality-the, X1-subj-X2,X3-of-X4,X5-has_name-Blessing,X3-of-X5,X6-has_name-Fleet,X3-of-X6,X1-obj-X3, X1-be-is-null,X2-which-Which-null,X5-Blessing-Blessing-null,X6-Fleet-Fleet-the,X4-creator-creator-the,X3-nationality-nationality-the, X1-subj-X2,X5-has_name-Blessing,X4-of-X5,X6-has_name-Fleet,X4-of-X6,X3-of-X4,X1-obj-X3,",Incorrect partial DRS,null,null
40,Which is the nationality of the creator of Blind Musician?," X1-be-is-null,X2-which-Which-null,X5-Blind Musician-Blind Musician-null,X4-creator-creator-the,X3-nationality-nationality-the, X1-subj-X2,X5-has_name-Blind Musician,X4-of-X5,X3-of-X4,X1-obj-X3, X1-be-is-null,X2-which-Which-null,X3-nationality-nationality-the,X5-Blind Musician-Blind Musician-null,X4-creator-creator-the, X1-subj-X2,X1-obj-X3,X5-has_name-Blind Musician,X4-of-X5,X1-obl_of-X4, X1-be-is-null,X2-which-Which-null,X3-nationality-nationality-the,X4-creator-creator-the,X5-Blind Musician-Blind Musician-null, X1-subj-X2,X1-obj-X3,X1-obl_of-X4,X5-has_name-Blind Musician,X1-obl_of-X5, X1-be-is-null,X2-which-Which-null,X4-creator-creator-the,X5-Blind Musician-Blind Musician-null,X3-nationality-nationality-the, X1-subj-X2,X3-of-X4,X5-has_name-Blind Musician,X3-of-X5,X1-obj-X3, X1-be-is-null,X2-which-Which-null,X4-Blind Musician-Blind Musician-null,X3-nationality-nationality-the,X5-creator-creator-the, X1-subj-X2,X4-has_name-Blind Musician,X3-of-X4,X1-obj-X3,X1-obl_of-X5, X1-be-is-null,X2-which-Which-null,X4-creator-creator-the,X3-nationality-nationality-the,X5-Blind Musician-Blind Musician-null, X1-subj-X2,X3-of-X4,X1-obj-X3,X5-has_name-Blind Musician,X1-obl_of-X5,","Drs [
 tokens=[],
 dEntities=[
DEntity(X1, be, is, VERB, null, false, Query1, Query), 
DEntity(X2, which, Which, PRON, null, false, Qualifier2, Qualifier), 
DEntity(X5, Musician, Musician, PROPN, null, false, Artefact3, Artefact), 
DEntity(X4, creator, creator, NOUN, the, false, Artist4, Artist), 
DEntity(X3, nationality, nationality, NOUN, the, false, ConceptArtist5, ConceptArtist)],
 dConditions=[
DCondition(X1, subj, X2, propriedades= [qQualifier] --- []), 
DCondition(X5, blind, true, propriedades= [] --- [has_name, has_text, who]), 
DCondition(X5, has_name, Musician, propriedades= [] --- [has_name, has_text, who]), 
DCondition(X4, of, X5, propriedades= [author_of] --- []), 
DCondition(X3, of, X4, propriedades= [conc_of_Artist] --- []), 
DCondition(X1, obj, X3, propriedades= [select] --- []), 
DCondition(X1, has_text, be, propriedades= [] --- [has_name, has_text, who]), 
DCondition(X2, has_text, which, propriedades= [] --- [has_name, has_text, who]), 
DCondition(X5, has_text, Musician, propriedades= [] --- [has_name, has_text, who]), 
DCondition(X4, has_text, creator, propriedades= [] --- [has_name, has_text, who]), 
DCondition(X3, has_text, nationality, propriedades= [] --- [has_name, has_text, who]), 
DCondition(X2, has_name, null list, propriedades= [] --- [has_name, has_text, who]), 
DCondition(X1, obj, X2, propriedades= [qQualifier] --- [])]
 solu��es = []
 numeroFrase = 0
 numHasNames = 2
 numIndividuals = 5
 numEntitiesOk = 10
 numIsClass = 0
 numPropsOk = 5
 numEntitiesNOk = 0
 numClassesOk = 4]"," PREFIX rdf: <http://www.w3.org/1999/02/22-rdf-syntax-ns#> PREFIX xsd: <http://www.w3.org/2001/XMLSchema#> PREFIX rdfs: <http://www.w3.org/2000/01/rdf-schema#> PREFIX cidoc: <http://www.cidoc-crm.org/cidoc-crm/> SELECT  DISTINCT  ?snameConceptArtist5 ?ConceptArtist5 ?snameArtefact3 ?Artefact3 WHERE { {{?Artefact3 cidoc:P131_is_identified_by ?nameArtefact3 . ?nameArtefact3 rdf:value ?snameArtefact3 .}  UNION {?Artefact3 rdfs:label ?snameArtefact3 .}}  filter(regex(?snameArtefact3,""Musician"",""i"")) . ?prod cidoc:P14_carried_out_by ?Artist4 . ?Artefact3 cidoc:P108i_was_produced_by ?prod . ?Artist4 rdfs:label ?snameArtist4 . ?Artist4 cidoc:P107i_is_current_or_former_member_of ?ConceptArtist5. ?ConceptArtist5 rdfs:label ?snameConceptArtist5. }",true
41,Which is the nationality of the creator of Blue Crabs?," X1-be-is-null,X2-which-Which-null,X5-Crab-Crabs-null,X4-creator-creator-the,X3-nationality-nationality-the, X1-subj-X2,X5-Blue-true,X5-has_name-Crab,X4-of-X5,X3-of-X4,X1-obj-X3, X1-be-is-null,X2-which-Which-null,X5-Crab-Crabs-null,X4-creator-creator-the,X3-nationality-nationality-the, X1-subj-X2,X5-has_name-Blue,X5-has_name-Crab,X4-of-X5,X3-of-X4,X1-obj-X3, X1-be-is-null,X2-which-Which-null,X5-Blue Crabs-Blue Crabs-null,X4-creator-creator-the,X3-nationality-nationality-the, X1-subj-X2,X5-has_name-Blue Crabs,X4-of-X5,X3-of-X4,X1-obj-X3, X1-be-is-null,X2-which-Which-null,X3-nationality-nationality-the,X5-Crab-Crabs-null,X4-creator-creator-the, X1-subj-X2,X1-obj-X3,X5-Blue-true,X5-has_name-Crab,X4-of-X5,X1-obl_of-X4, X1-be-is-null,X2-which-Which-null,X3-nationality-nationality-the,X5-Crab-Crabs-null,X4-creator-creator-the, X1-subj-X2,X1-obj-X3,X5-has_name-Blue,X5-has_name-Crab,X4-of-X5,X1-obl_of-X4, X1-be-is-null,X2-which-Which-null,X3-nationality-nationality-the,X5-Blue Crabs-Blue Crabs-null,X4-creator-creator-the, X1-subj-X2,X1-obj-X3,X5-has_name-Blue Crabs,X4-of-X5,X1-obl_of-X4, X1-be-is-null,X2-which-Which-null,X3-nationality-nationality-the,X4-creator-creator-the,X5-Crab-Crabs-null, X1-subj-X2,X1-obj-X3,X1-obl_of-X4,X5-Blue-true,X5-has_name-Crab,X1-obl_of-X5, X1-be-is-null,X2-which-Which-null,X3-nationality-nationality-the,X4-creator-creator-the,X5-Crab-Crabs-null, X1-subj-X2,X1-obj-X3,X1-obl_of-X4,X5-has_name-Blue,X5-has_name-Crab,X1-obl_of-X5, X1-be-is-null,X2-which-Which-null,X3-nationality-nationality-the,X4-creator-creator-the,X5-Blue Crabs-Blue Crabs-null, X1-subj-X2,X1-obj-X3,X1-obl_of-X4,X5-has_name-Blue Crabs,X1-obl_of-X5, X1-be-is-null,X2-which-Which-null,X4-creator-creator-the,X5-Crab-Crabs-null,X3-nationality-nationality-the, X1-subj-X2,X3-of-X4,X5-Blue-true,X5-has_name-Crab,X3-of-X5,X1-obj-X3, X1-be-is-null,X2-which-Which-null,X4-creator-creator-the,X5-Crab-Crabs-null,X3-nationality-nationality-the, X1-subj-X2,X3-of-X4,X5-has_name-Blue,X5-has_name-Crab,X3-of-X5,X1-obj-X3, X1-be-is-null,X2-which-Which-null,X4-creator-creator-the,X5-Blue Crabs-Blue Crabs-null,X3-nationality-nationality-the, X1-subj-X2,X3-of-X4,X5-has_name-Blue Crabs,X3-of-X5,X1-obj-X3, X1-be-is-null,X2-which-Which-null,X4-Crab-Crabs-null,X3-nationality-nationality-the,X5-creator-creator-the, X1-subj-X2,X4-Blue-true,X4-has_name-Crab,X3-of-X4,X1-obj-X3,X1-obl_of-X5, X1-be-is-null,X2-which-Which-null,X4-Crab-Crabs-null,X3-nationality-nationality-the,X5-creator-creator-the, X1-subj-X2,X4-has_name-Blue,X4-has_name-Crab,X3-of-X4,X1-obj-X3,X1-obl_of-X5, X1-be-is-null,X2-which-Which-null,X4-Blue Crabs-Blue Crabs-null,X3-nationality-nationality-the,X5-creator-creator-the, X1-subj-X2,X4-has_name-Blue Crabs,X3-of-X4,X1-obj-X3,X1-obl_of-X5, X1-be-is-null,X2-which-Which-null,X4-creator-creator-the,X3-nationality-nationality-the,X5-Crab-Crabs-null, X1-subj-X2,X3-of-X4,X1-obj-X3,X5-Blue-true,X5-has_name-Crab,X1-obl_of-X5, X1-be-is-null,X2-which-Which-null,X4-creator-creator-the,X3-nationality-nationality-the,X5-Crab-Crabs-null, X1-subj-X2,X3-of-X4,X1-obj-X3,X5-has_name-Blue,X5-has_name-Crab,X1-obl_of-X5, X1-be-is-null,X2-which-Which-null,X4-creator-creator-the,X3-nationality-nationality-the,X5-Blue Crabs-Blue Crabs-null, X1-subj-X2,X3-of-X4,X1-obj-X3,X5-has_name-Blue Crabs,X1-obl_of-X5,","Drs [
 tokens=[],
 dEntities=[
DEntity(X1, be, is, VERB, null, false, Query1, Query), 
DEntity(X2, which, Which, PRON, null, false, Qualifier2, Qualifier), 
DEntity(X5, Crab, Crabs, PROPN, null, false, Artefact3, Artefact), 
DEntity(X4, creator, creator, NOUN, the, false, Artist4, Artist), 
DEntity(X3, nationality, nationality, NOUN, the, false, ConceptArtist5, ConceptArtist)],
 dConditions=[
DCondition(X1, subj, X2, propriedades= [qQualifier] --- []), 
DCondition(X5, Blue, true, propriedades= [] --- [has_name, has_text, who]), 
DCondition(X5, has_name, Crab, propriedades= [] --- [has_name, has_text, who]), 
DCondition(X4, of, X5, propriedades= [author_of] --- []), 
DCondition(X3, of, X4, propriedades= [conc_of_Artist] --- []), 
DCondition(X1, obj, X3, propriedades= [select] --- []), 
DCondition(X1, has_text, be, propriedades= [] --- [has_name, has_text, who]), 
DCondition(X2, has_text, which, propriedades= [] --- [has_name, has_text, who]), 
DCondition(X5, has_text, Crab, propriedades= [] --- [has_name, has_text, who]), 
DCondition(X4, has_text, creator, propriedades= [] --- [has_name, has_text, who]), 
DCondition(X3, has_text, nationality, propriedades= [] --- [has_name, has_text, who]), 
DCondition(X2, has_name, null list, propriedades= [] --- [has_name, has_text, who]), 
DCondition(X1, obj, X2, propriedades= [qQualifier] --- [])]
 solu��es = []
 numeroFrase = 0
 numHasNames = 2
 numIndividuals = 5
 numEntitiesOk = 10
 numIsClass = 0
 numPropsOk = 5
 numEntitiesNOk = 0
 numClassesOk = 4]"," PREFIX rdf: <http://www.w3.org/1999/02/22-rdf-syntax-ns#> PREFIX xsd: <http://www.w3.org/2001/XMLSchema#> PREFIX rdfs: <http://www.w3.org/2000/01/rdf-schema#> PREFIX cidoc: <http://www.cidoc-crm.org/cidoc-crm/> SELECT  DISTINCT  ?snameConceptArtist5 ?ConceptArtist5 ?snameArtefact3 ?Artefact3 WHERE { {{?Artefact3 cidoc:P131_is_identified_by ?nameArtefact3 . ?nameArtefact3 rdf:value ?snameArtefact3 .}  UNION {?Artefact3 rdfs:label ?snameArtefact3 .}}  filter(regex(?snameArtefact3,""Crab"",""i"")) . ?prod cidoc:P14_carried_out_by ?Artist4 . ?Artefact3 cidoc:P108i_was_produced_by ?prod . ?Artist4 rdfs:label ?snameArtist4 . ?Artist4 cidoc:P107i_is_current_or_former_member_of ?ConceptArtist5. ?ConceptArtist5 rdfs:label ?snameConceptArtist5. }",true
42,Which is the nationality of the creator of Blue-winged Warbler?,,Incorrect Stanza Parsing,null,null
43,Which is the nationality of the creator of Blueberry Eyes?," X1-be-is-null,X2-which-Which-null,X5-Blueberry Eyes-Blueberry Eyes-null,X4-creator-creator-the,X3-nationality-nationality-the, X1-subj-X2,X5-has_name-Blueberry Eyes,X4-of-X5,X3-of-X4,X1-obj-X3, X1-be-is-null,X2-which-Which-null,X3-nationality-nationality-the,X5-Blueberry Eyes-Blueberry Eyes-null,X4-creator-creator-the, X1-subj-X2,X1-obj-X3,X5-has_name-Blueberry Eyes,X4-of-X5,X1-obl_of-X4, X1-be-is-null,X2-which-Which-null,X3-nationality-nationality-the,X4-creator-creator-the,X5-Blueberry Eyes-Blueberry Eyes-null, X1-subj-X2,X1-obj-X3,X1-obl_of-X4,X5-has_name-Blueberry Eyes,X1-obl_of-X5, X1-be-is-null,X2-which-Which-null,X4-creator-creator-the,X5-Blueberry Eyes-Blueberry Eyes-null,X3-nationality-nationality-the, X1-subj-X2,X3-of-X4,X5-has_name-Blueberry Eyes,X3-of-X5,X1-obj-X3, X1-be-is-null,X2-which-Which-null,X4-Blueberry Eyes-Blueberry Eyes-null,X3-nationality-nationality-the,X5-creator-creator-the, X1-subj-X2,X4-has_name-Blueberry Eyes,X3-of-X4,X1-obj-X3,X1-obl_of-X5, X1-be-is-null,X2-which-Which-null,X4-creator-creator-the,X3-nationality-nationality-the,X5-Blueberry Eyes-Blueberry Eyes-null, X1-subj-X2,X3-of-X4,X1-obj-X3,X5-has_name-Blueberry Eyes,X1-obl_of-X5,","Drs [
 tokens=[],
 dEntities=[
DEntity(X1, be, is, VERB, null, false, Query1, Query), 
DEntity(X2, which, Which, PRON, null, false, Qualifier2, Qualifier), 
DEntity(X5, Blueberry Eyes, Blueberry Eyes, PROPN, null, false, Artefact3, Artefact), 
DEntity(X4, creator, creator, NOUN, the, false, Artist4, Artist), 
DEntity(X3, nationality, nationality, NOUN, the, false, ConceptArtist5, ConceptArtist)],
 dConditions=[
DCondition(X1, subj, X2, propriedades= [qQualifier] --- []), 
DCondition(X5, has_name, Blueberry Eyes, propriedades= [] --- [has_name, has_text, who]), 
DCondition(X4, of, X5, propriedades= [author_of] --- []), 
DCondition(X3, of, X4, propriedades= [conc_of_Artist] --- []), 
DCondition(X1, obj, X3, propriedades= [select] --- []), 
DCondition(X1, has_text, be, propriedades= [] --- [has_name, has_text, who]), 
DCondition(X2, has_text, which, propriedades= [] --- [has_name, has_text, who]), 
DCondition(X5, has_text, Blueberry Eyes, propriedades= [] --- [has_name, has_text, who]), 
DCondition(X4, has_text, creator, propriedades= [] --- [has_name, has_text, who]), 
DCondition(X3, has_text, nationality, propriedades= [] --- [has_name, has_text, who]), 
DCondition(X2, has_name, null list, propriedades= [] --- [has_name, has_text, who]), 
DCondition(X1, obj, X2, propriedades= [qQualifier] --- [])]
 solu��es = []
 numeroFrase = 0
 numHasNames = 2
 numIndividuals = 5
 numEntitiesOk = 10
 numIsClass = 0
 numPropsOk = 5
 numEntitiesNOk = 0
 numClassesOk = 4]"," PREFIX rdf: <http://www.w3.org/1999/02/22-rdf-syntax-ns#> PREFIX xsd: <http://www.w3.org/2001/XMLSchema#> PREFIX rdfs: <http://www.w3.org/2000/01/rdf-schema#> PREFIX cidoc: <http://www.cidoc-crm.org/cidoc-crm/> SELECT  DISTINCT  ?snameConceptArtist5 ?ConceptArtist5 ?snameArtefact3 ?Artefact3 WHERE { {{?Artefact3 cidoc:P131_is_identified_by ?nameArtefact3 . ?nameArtefact3 rdf:value ?snameArtefact3 .}  UNION {?Artefact3 rdfs:label ?snameArtefact3 .}}  filter(regex(?snameArtefact3,""Blueberry Eyes"",""i"")) . ?prod cidoc:P14_carried_out_by ?Artist4 . ?Artefact3 cidoc:P108i_was_produced_by ?prod . ?Artist4 rdfs:label ?snameArtist4 . ?Artist4 cidoc:P107i_is_current_or_former_member_of ?ConceptArtist5. ?ConceptArtist5 rdfs:label ?snameConceptArtist5. }",true
44,Which is the nationality of the creator of Bonbon Dish?," X1-be-is-null,X2-which-Which-null,X5-Bonbon Dish-Bonbon Dish-null,X4-creator-creator-the,X3-nationality-nationality-the, X1-subj-X2,X5-has_name-Bonbon Dish,X4-of-X5,X3-of-X4,X1-obj-X3, X1-be-is-null,X2-which-Which-null,X3-nationality-nationality-the,X5-Bonbon Dish-Bonbon Dish-null,X4-creator-creator-the, X1-subj-X2,X1-obj-X3,X5-has_name-Bonbon Dish,X4-of-X5,X1-obl_of-X4, X1-be-is-null,X2-which-Which-null,X3-nationality-nationality-the,X4-creator-creator-the,X5-Bonbon Dish-Bonbon Dish-null, X1-subj-X2,X1-obj-X3,X1-obl_of-X4,X5-has_name-Bonbon Dish,X1-obl_of-X5, X1-be-is-null,X2-which-Which-null,X4-creator-creator-the,X5-Bonbon Dish-Bonbon Dish-null,X3-nationality-nationality-the, X1-subj-X2,X3-of-X4,X5-has_name-Bonbon Dish,X3-of-X5,X1-obj-X3, X1-be-is-null,X2-which-Which-null,X4-Bonbon Dish-Bonbon Dish-null,X3-nationality-nationality-the,X5-creator-creator-the, X1-subj-X2,X4-has_name-Bonbon Dish,X3-of-X4,X1-obj-X3,X1-obl_of-X5, X1-be-is-null,X2-which-Which-null,X4-creator-creator-the,X3-nationality-nationality-the,X5-Bonbon Dish-Bonbon Dish-null, X1-subj-X2,X3-of-X4,X1-obj-X3,X5-has_name-Bonbon Dish,X1-obl_of-X5,","Drs [
 tokens=[],
 dEntities=[
DEntity(X1, be, is, VERB, null, false, Query1, Query), 
DEntity(X2, which, Which, PRON, null, false, Qualifier2, Qualifier), 
DEntity(X5, Bonbon Dish, Bonbon Dish, PROPN, null, false, Artefact3, Artefact), 
DEntity(X4, creator, creator, NOUN, the, false, Artist4, Artist), 
DEntity(X3, nationality, nationality, NOUN, the, false, ConceptArtist5, ConceptArtist)],
 dConditions=[
DCondition(X1, subj, X2, propriedades= [qQualifier] --- []), 
DCondition(X5, has_name, Bonbon Dish, propriedades= [] --- [has_name, has_text, who]), 
DCondition(X4, of, X5, propriedades= [author_of] --- []), 
DCondition(X3, of, X4, propriedades= [conc_of_Artist] --- []), 
DCondition(X1, obj, X3, propriedades= [select] --- []), 
DCondition(X1, has_text, be, propriedades= [] --- [has_name, has_text, who]), 
DCondition(X2, has_text, which, propriedades= [] --- [has_name, has_text, who]), 
DCondition(X5, has_text, Bonbon Dish, propriedades= [] --- [has_name, has_text, who]), 
DCondition(X4, has_text, creator, propriedades= [] --- [has_name, has_text, who]), 
DCondition(X3, has_text, nationality, propriedades= [] --- [has_name, has_text, who]), 
DCondition(X2, has_name, null list, propriedades= [] --- [has_name, has_text, who]), 
DCondition(X1, obj, X2, propriedades= [qQualifier] --- [])]
 solu��es = []
 numeroFrase = 0
 numHasNames = 2
 numIndividuals = 5
 numEntitiesOk = 10
 numIsClass = 0
 numPropsOk = 5
 numEntitiesNOk = 0
 numClassesOk = 4]"," PREFIX rdf: <http://www.w3.org/1999/02/22-rdf-syntax-ns#> PREFIX xsd: <http://www.w3.org/2001/XMLSchema#> PREFIX rdfs: <http://www.w3.org/2000/01/rdf-schema#> PREFIX cidoc: <http://www.cidoc-crm.org/cidoc-crm/> SELECT  DISTINCT  ?snameConceptArtist5 ?ConceptArtist5 ?snameArtefact3 ?Artefact3 WHERE { {{?Artefact3 cidoc:P131_is_identified_by ?nameArtefact3 . ?nameArtefact3 rdf:value ?snameArtefact3 .}  UNION {?Artefact3 rdfs:label ?snameArtefact3 .}}  filter(regex(?snameArtefact3,""Bonbon Dish"",""i"")) . ?prod cidoc:P14_carried_out_by ?Artist4 . ?Artefact3 cidoc:P108i_was_produced_by ?prod . ?Artist4 rdfs:label ?snameArtist4 . ?Artist4 cidoc:P107i_is_current_or_former_member_of ?ConceptArtist5. ?ConceptArtist5 rdfs:label ?snameConceptArtist5. }",true
45,Which is the nationality of the creator of Book cover design?," X1-be-is-null,X2-which-Which-null,X5-Book cover design-Book cover design-null,X4-creator-creator-the,X3-nationality-nationality-the, X1-subj-X2,X4-of-X5,X3-of-X4,X1-obj-X3, X1-be-is-null,X2-which-Which-null,X3-nationality-nationality-the,X5-Book cover design-Book cover design-null,X4-creator-creator-the, X1-subj-X2,X1-obj-X3,X4-of-X5,X1-obl_of-X4, X1-be-is-null,X2-which-Which-null,X3-nationality-nationality-the,X4-creator-creator-the,X5-Book cover design-Book cover design-null, X1-subj-X2,X1-obj-X3,X1-obl_of-X4,X1-obl_of-X5, X1-be-is-null,X2-which-Which-null,X4-creator-creator-the,X5-Book cover design-Book cover design-null,X3-nationality-nationality-the, X1-subj-X2,X3-of-X4,X3-of-X5,X1-obj-X3, X1-be-is-null,X2-which-Which-null,X4-Book cover design-Book cover design-null,X3-nationality-nationality-the,X5-creator-creator-the, X1-subj-X2,X3-of-X4,X1-obj-X3,X1-obl_of-X5, X1-be-is-null,X2-which-Which-null,X4-creator-creator-the,X3-nationality-nationality-the,X5-Book cover design-Book cover design-null, X1-subj-X2,X3-of-X4,X1-obj-X3,X1-obl_of-X5,","Drs [
 tokens=[],
 dEntities=[
DEntity(X1, be, is, VERB, null, false, Query1, Query), 
DEntity(X2, which, Which, PRON, null, false, Qualifier2, Qualifier), 
DEntity(X5, Book cover design, Book cover design, NOUN, null, false, Artefact3, Artefact), 
DEntity(X4, creator, creator, NOUN, the, false, Artist4, Artist), 
DEntity(X3, nationality, nationality, NOUN, the, false, ConceptArtist5, ConceptArtist)],
 dConditions=[
DCondition(X1, subj, X2, propriedades= [qQualifier] --- []), 
DCondition(X4, of, X5, propriedades= [author_of] --- []), 
DCondition(X3, of, X4, propriedades= [conc_of_Artist] --- []), 
DCondition(X1, obj, X3, propriedades= [select] --- []), 
DCondition(X1, has_text, be, propriedades= [] --- [has_name, has_text, who]), 
DCondition(X2, has_text, which, propriedades= [] --- [has_name, has_text, who]), 
DCondition(X5, has_text, Book cover design, propriedades= [] --- [has_name, has_text, who]), 
DCondition(X4, has_text, creator, propriedades= [] --- [has_name, has_text, who]), 
DCondition(X3, has_text, nationality, propriedades= [] --- [has_name, has_text, who]), 
DCondition(X2, has_name, null list, propriedades= [] --- [has_name, has_text, who]), 
DCondition(X1, obj, X2, propriedades= [qQualifier] --- [])]
 solu��es = []
 numeroFrase = 0
 numHasNames = 1
 numIndividuals = 5
 numEntitiesOk = 10
 numIsClass = 0
 numPropsOk = 5
 numEntitiesNOk = 0
 numClassesOk = 4]", PREFIX rdf: <http://www.w3.org/1999/02/22-rdf-syntax-ns#> PREFIX xsd: <http://www.w3.org/2001/XMLSchema#> PREFIX rdfs: <http://www.w3.org/2000/01/rdf-schema#> PREFIX cidoc: <http://www.cidoc-crm.org/cidoc-crm/> SELECT  DISTINCT  ?snameConceptArtist5 ?ConceptArtist5 WHERE { ?prod cidoc:P14_carried_out_by ?Artist4 . ?Artefact3 cidoc:P108i_was_produced_by ?prod . ?Artist4 rdfs:label ?snameArtist4 . ?Artist4 cidoc:P107i_is_current_or_former_member_of ?ConceptArtist5. ?ConceptArtist5 rdfs:label ?snameConceptArtist5. },false
46,Which is the nationality of the creator of Bookkeeper?," X1-be-is-null,X2-which-Which-null,X5-Bookkeeper-Bookkeeper-null,X4-creator-creator-the,X3-nationality-nationality-the, X1-subj-X2,X5-has_name-Bookkeeper,X4-of-X5,X3-of-X4,X1-obj-X3, X1-be-is-null,X2-which-Which-null,X3-nationality-nationality-the,X5-Bookkeeper-Bookkeeper-null,X4-creator-creator-the, X1-subj-X2,X1-obj-X3,X5-has_name-Bookkeeper,X4-of-X5,X1-obl_of-X4, X1-be-is-null,X2-which-Which-null,X3-nationality-nationality-the,X4-creator-creator-the,X5-Bookkeeper-Bookkeeper-null, X1-subj-X2,X1-obj-X3,X1-obl_of-X4,X5-has_name-Bookkeeper,X1-obl_of-X5, X1-be-is-null,X2-which-Which-null,X4-creator-creator-the,X5-Bookkeeper-Bookkeeper-null,X3-nationality-nationality-the, X1-subj-X2,X3-of-X4,X5-has_name-Bookkeeper,X3-of-X5,X1-obj-X3, X1-be-is-null,X2-which-Which-null,X4-Bookkeeper-Bookkeeper-null,X3-nationality-nationality-the,X5-creator-creator-the, X1-subj-X2,X4-has_name-Bookkeeper,X3-of-X4,X1-obj-X3,X1-obl_of-X5, X1-be-is-null,X2-which-Which-null,X4-creator-creator-the,X3-nationality-nationality-the,X5-Bookkeeper-Bookkeeper-null, X1-subj-X2,X3-of-X4,X1-obj-X3,X5-has_name-Bookkeeper,X1-obl_of-X5,","Drs [
 tokens=[],
 dEntities=[
DEntity(X1, be, is, VERB, null, false, Query1, Query), 
DEntity(X2, which, Which, PRON, null, false, Qualifier2, Qualifier), 
DEntity(X5, Bookkeeper, Bookkeeper, PROPN, null, false, Artefact3, Artefact), 
DEntity(X4, creator, creator, NOUN, the, false, Artist4, Artist), 
DEntity(X3, nationality, nationality, NOUN, the, false, ConceptArtist5, ConceptArtist)],
 dConditions=[
DCondition(X1, subj, X2, propriedades= [qQualifier] --- []), 
DCondition(X5, has_name, Bookkeeper, propriedades= [] --- [has_name, has_text, who]), 
DCondition(X4, of, X5, propriedades= [author_of] --- []), 
DCondition(X3, of, X4, propriedades= [conc_of_Artist] --- []), 
DCondition(X1, obj, X3, propriedades= [select] --- []), 
DCondition(X1, has_text, be, propriedades= [] --- [has_name, has_text, who]), 
DCondition(X2, has_text, which, propriedades= [] --- [has_name, has_text, who]), 
DCondition(X5, has_text, Bookkeeper, propriedades= [] --- [has_name, has_text, who]), 
DCondition(X4, has_text, creator, propriedades= [] --- [has_name, has_text, who]), 
DCondition(X3, has_text, nationality, propriedades= [] --- [has_name, has_text, who]), 
DCondition(X2, has_name, null list, propriedades= [] --- [has_name, has_text, who]), 
DCondition(X1, obj, X2, propriedades= [qQualifier] --- [])]
 solu��es = []
 numeroFrase = 0
 numHasNames = 2
 numIndividuals = 5
 numEntitiesOk = 10
 numIsClass = 0
 numPropsOk = 5
 numEntitiesNOk = 0
 numClassesOk = 4]"," PREFIX rdf: <http://www.w3.org/1999/02/22-rdf-syntax-ns#> PREFIX xsd: <http://www.w3.org/2001/XMLSchema#> PREFIX rdfs: <http://www.w3.org/2000/01/rdf-schema#> PREFIX cidoc: <http://www.cidoc-crm.org/cidoc-crm/> SELECT  DISTINCT  ?snameConceptArtist5 ?ConceptArtist5 ?snameArtefact3 ?Artefact3 WHERE { {{?Artefact3 cidoc:P131_is_identified_by ?nameArtefact3 . ?nameArtefact3 rdf:value ?snameArtefact3 .}  UNION {?Artefact3 rdfs:label ?snameArtefact3 .}}  filter(regex(?snameArtefact3,""Bookkeeper"",""i"")) . ?prod cidoc:P14_carried_out_by ?Artist4 . ?Artefact3 cidoc:P108i_was_produced_by ?prod . ?Artist4 rdfs:label ?snameArtist4 . ?Artist4 cidoc:P107i_is_current_or_former_member_of ?ConceptArtist5. ?ConceptArtist5 rdfs:label ?snameConceptArtist5. }",true
47,Which is the nationality of the creator of Bottle Form?," X1-be-is-null,X2-which-Which-null,X5-bottle form-Bottle Form-null,X4-creator-creator-the,X3-nationality-nationality-the, X1-subj-X2,X4-of-X5,X3-of-X4,X1-obj-X3, X1-be-is-null,X2-which-Which-null,X3-nationality-nationality-the,X5-bottle form-Bottle Form-null,X4-creator-creator-the, X1-subj-X2,X1-obj-X3,X4-of-X5,X1-obl_of-X4, X1-be-is-null,X2-which-Which-null,X3-nationality-nationality-the,X4-creator-creator-the,X5-bottle form-Bottle Form-null, X1-subj-X2,X1-obj-X3,X1-obl_of-X4,X1-obl_of-X5, X1-be-is-null,X2-which-Which-null,X4-creator-creator-the,X5-bottle form-Bottle Form-null,X3-nationality-nationality-the, X1-subj-X2,X3-of-X4,X3-of-X5,X1-obj-X3, X1-be-is-null,X2-which-Which-null,X4-bottle form-Bottle Form-null,X3-nationality-nationality-the,X5-creator-creator-the, X1-subj-X2,X3-of-X4,X1-obj-X3,X1-obl_of-X5, X1-be-is-null,X2-which-Which-null,X4-creator-creator-the,X3-nationality-nationality-the,X5-bottle form-Bottle Form-null, X1-subj-X2,X3-of-X4,X1-obj-X3,X1-obl_of-X5,","Drs [
 tokens=[],
 dEntities=[
DEntity(X1, be, is, VERB, null, false, Query1, Query), 
DEntity(X2, which, Which, PRON, null, false, Qualifier2, Qualifier), 
DEntity(X5, bottle form, Bottle Form, NOUN, null, false, Artefact3, Artefact), 
DEntity(X4, creator, creator, NOUN, the, false, Artist4, Artist), 
DEntity(X3, nationality, nationality, NOUN, the, false, ConceptArtist5, ConceptArtist)],
 dConditions=[
DCondition(X1, subj, X2, propriedades= [qQualifier] --- []), 
DCondition(X4, of, X5, propriedades= [author_of] --- []), 
DCondition(X3, of, X4, propriedades= [conc_of_Artist] --- []), 
DCondition(X1, obj, X3, propriedades= [select] --- []), 
DCondition(X1, has_text, be, propriedades= [] --- [has_name, has_text, who]), 
DCondition(X2, has_text, which, propriedades= [] --- [has_name, has_text, who]), 
DCondition(X5, has_text, bottle form, propriedades= [] --- [has_name, has_text, who]), 
DCondition(X4, has_text, creator, propriedades= [] --- [has_name, has_text, who]), 
DCondition(X3, has_text, nationality, propriedades= [] --- [has_name, has_text, who]), 
DCondition(X2, has_name, null list, propriedades= [] --- [has_name, has_text, who]), 
DCondition(X1, obj, X2, propriedades= [qQualifier] --- [])]
 solu��es = []
 numeroFrase = 0
 numHasNames = 1
 numIndividuals = 5
 numEntitiesOk = 10
 numIsClass = 0
 numPropsOk = 5
 numEntitiesNOk = 0
 numClassesOk = 4]", PREFIX rdf: <http://www.w3.org/1999/02/22-rdf-syntax-ns#> PREFIX xsd: <http://www.w3.org/2001/XMLSchema#> PREFIX rdfs: <http://www.w3.org/2000/01/rdf-schema#> PREFIX cidoc: <http://www.cidoc-crm.org/cidoc-crm/> SELECT  DISTINCT  ?snameConceptArtist5 ?ConceptArtist5 WHERE { ?prod cidoc:P14_carried_out_by ?Artist4 . ?Artefact3 cidoc:P108i_was_produced_by ?prod . ?Artist4 rdfs:label ?snameArtist4 . ?Artist4 cidoc:P107i_is_current_or_former_member_of ?ConceptArtist5. ?ConceptArtist5 rdfs:label ?snameConceptArtist5. },false
48,Which is the nationality of the creator of Boy and Girl?," X1-be-is-null,X2-which-Which-null,X6-Girl-Girl-null,X5-Boy-Boy-null,X4-creator-creator-the,X3-nationality-nationality-the, X1-subj-X2,X6-has_name-Girl,X4-of-X6,X5-has_name-Boy,X4-of-X5,X3-of-X4,X1-obj-X3, X1-be-is-null,X2-which-Which-null,X3-nationality-nationality-the,X6-Girl-Girl-null,X5-Boy-Boy-null,X4-creator-creator-the, X1-subj-X2,X1-obj-X3,X6-has_name-Girl,X4-of-X6,X5-has_name-Boy,X4-of-X5,X1-obl_of-X4, X1-be-is-null,X2-which-Which-null,X3-nationality-nationality-the,X4-creator-creator-the,X6-Girl-Girl-null,X5-Boy-Boy-null, X1-subj-X2,X1-obj-X3,X1-obl_of-X4,X6-has_name-Girl,X1-obl_of-X6,X5-has_name-Boy,X1-obl_of-X5, X1-be-is-null,X2-which-Which-null,X4-creator-creator-the,X6-Girl-Girl-null,X5-Boy-Boy-null,X3-nationality-nationality-the, X1-subj-X2,X3-of-X4,X6-has_name-Girl,X3-of-X6,X5-has_name-Boy,X3-of-X5,X1-obj-X3, X1-be-is-null,X2-which-Which-null,X5-Girl-Girl-null,X4-Boy-Boy-null,X3-nationality-nationality-the,X6-creator-creator-the, X1-subj-X2,X5-has_name-Girl,X3-of-X5,X4-has_name-Boy,X3-of-X4,X1-obj-X3,X1-obl_of-X6, X1-be-is-null,X2-which-Which-null,X4-creator-creator-the,X3-nationality-nationality-the,X6-Girl-Girl-null,X5-Boy-Boy-null, X1-subj-X2,X3-of-X4,X1-obj-X3,X6-has_name-Girl,X1-obl_of-X6,X5-has_name-Boy,X1-obl_of-X5,",Incorrect partial DRS,null,null
49,Which is the nationality of the creator of Braceros?," X1-be-is-null,X2-which-Which-null,X5-Bracero-Braceros-null,X4-creator-creator-the,X3-nationality-nationality-the, X1-subj-X2,X5-has_name-Bracero,X4-of-X5,X3-of-X4,X1-obj-X3, X1-be-is-null,X2-which-Which-null,X3-nationality-nationality-the,X5-Bracero-Braceros-null,X4-creator-creator-the, X1-subj-X2,X1-obj-X3,X5-has_name-Bracero,X4-of-X5,X1-obl_of-X4, X1-be-is-null,X2-which-Which-null,X3-nationality-nationality-the,X4-creator-creator-the,X5-Bracero-Braceros-null, X1-subj-X2,X1-obj-X3,X1-obl_of-X4,X5-has_name-Bracero,X1-obl_of-X5, X1-be-is-null,X2-which-Which-null,X4-creator-creator-the,X5-Bracero-Braceros-null,X3-nationality-nationality-the, X1-subj-X2,X3-of-X4,X5-has_name-Bracero,X3-of-X5,X1-obj-X3, X1-be-is-null,X2-which-Which-null,X4-Bracero-Braceros-null,X3-nationality-nationality-the,X5-creator-creator-the, X1-subj-X2,X4-has_name-Bracero,X3-of-X4,X1-obj-X3,X1-obl_of-X5, X1-be-is-null,X2-which-Which-null,X4-creator-creator-the,X3-nationality-nationality-the,X5-Bracero-Braceros-null, X1-subj-X2,X3-of-X4,X1-obj-X3,X5-has_name-Bracero,X1-obl_of-X5,",Incorrect partial DRS,null,null
50,Which is the nationality of the creator of Branch and Nude Study?,,Incorrect Stanza Parsing,null,null
51,"Which is the nationality of the creator of Bread Line, New York?"," X1-be-is-null,X2-which-Which-null,X6-New York-New-null,X5-Bread Line-Bread Line-null,X4-creator-creator-the,X3-nationality-nationality-the, X1-subj-X2,X5-rel-X6,X5-has_name-Bread Line,X4-of-X5,X3-of-X4,X1-obj-X3, X1-be-is-null,X2-which-Which-null,X3-nationality-nationality-the,X6-New York-New-null,X5-Bread Line-Bread Line-null,X4-creator-creator-the, X1-subj-X2,X1-obj-X3,X5-rel-X6,X5-has_name-Bread Line,X4-of-X5,X1-obl_of-X4, X1-be-is-null,X2-which-Which-null,X3-nationality-nationality-the,X4-creator-creator-the,X6-New York-New-null,X5-Bread Line-Bread Line-null, X1-subj-X2,X1-obj-X3,X1-obl_of-X4,X5-rel-X6,X5-has_name-Bread Line,X1-obl_of-X5, X1-be-is-null,X2-which-Which-null,X4-creator-creator-the,X6-New York-New-null,X5-Bread Line-Bread Line-null,X3-nationality-nationality-the, X1-subj-X2,X3-of-X4,X5-rel-X6,X5-has_name-Bread Line,X3-of-X5,X1-obj-X3, X1-be-is-null,X2-which-Which-null,X5-New York-New-null,X4-Bread Line-Bread Line-null,X3-nationality-nationality-the,X6-creator-creator-the, X1-subj-X2,X4-rel-X5,X4-has_name-Bread Line,X3-of-X4,X1-obj-X3,X1-obl_of-X6, X1-be-is-null,X2-which-Which-null,X4-creator-creator-the,X3-nationality-nationality-the,X6-New York-New-null,X5-Bread Line-Bread Line-null, X1-subj-X2,X3-of-X4,X1-obj-X3,X5-rel-X6,X5-has_name-Bread Line,X1-obl_of-X5,",Incorrect partial DRS,null,null
52,Which is the nationality of the creator of Breaking Down the Wild Horse?,,Incorrect Stanza Parsing,null,null
53,Which is the nationality of the creator of Bricklayer?," X1-be-is-null,X2-which-Which-null,X5-Bricklayer-Bricklayer-null,X4-creator-creator-the,X3-nationality-nationality-the, X1-subj-X2,X5-has_name-Bricklayer,X4-of-X5,X3-of-X4,X1-obj-X3, X1-be-is-null,X2-which-Which-null,X3-nationality-nationality-the,X5-Bricklayer-Bricklayer-null,X4-creator-creator-the, X1-subj-X2,X1-obj-X3,X5-has_name-Bricklayer,X4-of-X5,X1-obl_of-X4, X1-be-is-null,X2-which-Which-null,X3-nationality-nationality-the,X4-creator-creator-the,X5-Bricklayer-Bricklayer-null, X1-subj-X2,X1-obj-X3,X1-obl_of-X4,X5-has_name-Bricklayer,X1-obl_of-X5, X1-be-is-null,X2-which-Which-null,X4-creator-creator-the,X5-Bricklayer-Bricklayer-null,X3-nationality-nationality-the, X1-subj-X2,X3-of-X4,X5-has_name-Bricklayer,X3-of-X5,X1-obj-X3, X1-be-is-null,X2-which-Which-null,X4-Bricklayer-Bricklayer-null,X3-nationality-nationality-the,X5-creator-creator-the, X1-subj-X2,X4-has_name-Bricklayer,X3-of-X4,X1-obj-X3,X1-obl_of-X5, X1-be-is-null,X2-which-Which-null,X4-creator-creator-the,X3-nationality-nationality-the,X5-Bricklayer-Bricklayer-null, X1-subj-X2,X3-of-X4,X1-obj-X3,X5-has_name-Bricklayer,X1-obl_of-X5,","Drs [
 tokens=[],
 dEntities=[
DEntity(X1, be, is, VERB, null, false, Query1, Query), 
DEntity(X2, which, Which, PRON, null, false, Qualifier2, Qualifier), 
DEntity(X5, Bricklayer, Bricklayer, PROPN, null, false, Artefact3, Artefact), 
DEntity(X4, creator, creator, NOUN, the, false, Artist4, Artist), 
DEntity(X3, nationality, nationality, NOUN, the, false, ConceptArtist5, ConceptArtist)],
 dConditions=[
DCondition(X1, subj, X2, propriedades= [qQualifier] --- []), 
DCondition(X5, has_name, Bricklayer, propriedades= [] --- [has_name, has_text, who]), 
DCondition(X4, of, X5, propriedades= [author_of] --- []), 
DCondition(X3, of, X4, propriedades= [conc_of_Artist] --- []), 
DCondition(X1, obj, X3, propriedades= [select] --- []), 
DCondition(X1, has_text, be, propriedades= [] --- [has_name, has_text, who]), 
DCondition(X2, has_text, which, propriedades= [] --- [has_name, has_text, who]), 
DCondition(X5, has_text, Bricklayer, propriedades= [] --- [has_name, has_text, who]), 
DCondition(X4, has_text, creator, propriedades= [] --- [has_name, has_text, who]), 
DCondition(X3, has_text, nationality, propriedades= [] --- [has_name, has_text, who]), 
DCondition(X2, has_name, null list, propriedades= [] --- [has_name, has_text, who]), 
DCondition(X1, obj, X2, propriedades= [qQualifier] --- [])]
 solu��es = []
 numeroFrase = 0
 numHasNames = 2
 numIndividuals = 5
 numEntitiesOk = 10
 numIsClass = 0
 numPropsOk = 5
 numEntitiesNOk = 0
 numClassesOk = 4]"," PREFIX rdf: <http://www.w3.org/1999/02/22-rdf-syntax-ns#> PREFIX xsd: <http://www.w3.org/2001/XMLSchema#> PREFIX rdfs: <http://www.w3.org/2000/01/rdf-schema#> PREFIX cidoc: <http://www.cidoc-crm.org/cidoc-crm/> SELECT  DISTINCT  ?snameConceptArtist5 ?ConceptArtist5 ?snameArtefact3 ?Artefact3 WHERE { {{?Artefact3 cidoc:P131_is_identified_by ?nameArtefact3 . ?nameArtefact3 rdf:value ?snameArtefact3 .}  UNION {?Artefact3 rdfs:label ?snameArtefact3 .}}  filter(regex(?snameArtefact3,""Bricklayer"",""i"")) . ?prod cidoc:P14_carried_out_by ?Artist4 . ?Artefact3 cidoc:P108i_was_produced_by ?prod . ?Artist4 rdfs:label ?snameArtist4 . ?Artist4 cidoc:P107i_is_current_or_former_member_of ?ConceptArtist5. ?ConceptArtist5 rdfs:label ?snameConceptArtist5. }",true
54,Which is the nationality of the creator of Brittany Bonnet?," X1-be-is-null,X2-which-Which-null,X5-Brittany Bonnet-Brittany-null,X4-creator-creator-the,X3-nationality-nationality-the, X1-subj-X2,X5-has_name-Brittany Bonnet,X4-of-X5,X3-of-X4,X1-obj-X3, X1-be-is-null,X2-which-Which-null,X3-nationality-nationality-the,X5-Brittany Bonnet-Brittany-null,X4-creator-creator-the, X1-subj-X2,X1-obj-X3,X5-has_name-Brittany Bonnet,X4-of-X5,X1-obl_of-X4, X1-be-is-null,X2-which-Which-null,X3-nationality-nationality-the,X4-creator-creator-the,X5-Brittany Bonnet-Brittany-null, X1-subj-X2,X1-obj-X3,X1-obl_of-X4,X5-has_name-Brittany Bonnet,X1-obl_of-X5, X1-be-is-null,X2-which-Which-null,X4-creator-creator-the,X5-Brittany Bonnet-Brittany-null,X3-nationality-nationality-the, X1-subj-X2,X3-of-X4,X5-has_name-Brittany Bonnet,X3-of-X5,X1-obj-X3, X1-be-is-null,X2-which-Which-null,X4-Brittany Bonnet-Brittany-null,X3-nationality-nationality-the,X5-creator-creator-the, X1-subj-X2,X4-has_name-Brittany Bonnet,X3-of-X4,X1-obj-X3,X1-obl_of-X5, X1-be-is-null,X2-which-Which-null,X4-creator-creator-the,X3-nationality-nationality-the,X5-Brittany Bonnet-Brittany-null, X1-subj-X2,X3-of-X4,X1-obj-X3,X5-has_name-Brittany Bonnet,X1-obl_of-X5,","Drs [
 tokens=[],
 dEntities=[
DEntity(X1, be, is, VERB, null, false, Query1, Query), 
DEntity(X2, which, Which, PRON, null, false, Qualifier2, Qualifier), 
DEntity(X5, Brittany Bonnet, Brittany, PROPN, null, false, Artefact3, Artefact), 
DEntity(X4, creator, creator, NOUN, the, false, Artist4, Artist), 
DEntity(X3, nationality, nationality, NOUN, the, false, ConceptArtist5, ConceptArtist)],
 dConditions=[
DCondition(X1, subj, X2, propriedades= [qQualifier] --- []), 
DCondition(X5, has_name, Brittany Bonnet, propriedades= [] --- [has_name, has_text, who]), 
DCondition(X4, of, X5, propriedades= [author_of] --- []), 
DCondition(X3, of, X4, propriedades= [conc_of_Artist] --- []), 
DCondition(X1, obj, X3, propriedades= [select] --- []), 
DCondition(X1, has_text, be, propriedades= [] --- [has_name, has_text, who]), 
DCondition(X2, has_text, which, propriedades= [] --- [has_name, has_text, who]), 
DCondition(X5, has_text, Brittany Bonnet, propriedades= [] --- [has_name, has_text, who]), 
DCondition(X4, has_text, creator, propriedades= [] --- [has_name, has_text, who]), 
DCondition(X3, has_text, nationality, propriedades= [] --- [has_name, has_text, who]), 
DCondition(X2, has_name, null list, propriedades= [] --- [has_name, has_text, who]), 
DCondition(X1, obj, X2, propriedades= [qQualifier] --- [])]
 solu��es = []
 numeroFrase = 0
 numHasNames = 2
 numIndividuals = 5
 numEntitiesOk = 10
 numIsClass = 0
 numPropsOk = 5
 numEntitiesNOk = 0
 numClassesOk = 4]"," PREFIX rdf: <http://www.w3.org/1999/02/22-rdf-syntax-ns#> PREFIX xsd: <http://www.w3.org/2001/XMLSchema#> PREFIX rdfs: <http://www.w3.org/2000/01/rdf-schema#> PREFIX cidoc: <http://www.cidoc-crm.org/cidoc-crm/> SELECT  DISTINCT  ?snameConceptArtist5 ?ConceptArtist5 ?snameArtefact3 ?Artefact3 WHERE { {{?Artefact3 cidoc:P131_is_identified_by ?nameArtefact3 . ?nameArtefact3 rdf:value ?snameArtefact3 .}  UNION {?Artefact3 rdfs:label ?snameArtefact3 .}}  filter(regex(?snameArtefact3,""Brittany Bonnet"",""i"")) . ?prod cidoc:P14_carried_out_by ?Artist4 . ?Artefact3 cidoc:P108i_was_produced_by ?prod . ?Artist4 rdfs:label ?snameArtist4 . ?Artist4 cidoc:P107i_is_current_or_former_member_of ?ConceptArtist5. ?ConceptArtist5 rdfs:label ?snameConceptArtist5. }",true
55,Which is the nationality of the creator of Brittany Landscape?," X1-be-is-null,X2-which-Which-null,X5-Brittany Landscape-Brittany Landscape-null,X4-creator-creator-the,X3-nationality-nationality-the, X1-subj-X2,X5-has_name-Brittany Landscape,X4-of-X5,X3-of-X4,X1-obj-X3, X1-be-is-null,X2-which-Which-null,X3-nationality-nationality-the,X5-Brittany Landscape-Brittany Landscape-null,X4-creator-creator-the, X1-subj-X2,X1-obj-X3,X5-has_name-Brittany Landscape,X4-of-X5,X1-obl_of-X4, X1-be-is-null,X2-which-Which-null,X3-nationality-nationality-the,X4-creator-creator-the,X5-Brittany Landscape-Brittany Landscape-null, X1-subj-X2,X1-obj-X3,X1-obl_of-X4,X5-has_name-Brittany Landscape,X1-obl_of-X5, X1-be-is-null,X2-which-Which-null,X4-creator-creator-the,X5-Brittany Landscape-Brittany Landscape-null,X3-nationality-nationality-the, X1-subj-X2,X3-of-X4,X5-has_name-Brittany Landscape,X3-of-X5,X1-obj-X3, X1-be-is-null,X2-which-Which-null,X4-Brittany Landscape-Brittany Landscape-null,X3-nationality-nationality-the,X5-creator-creator-the, X1-subj-X2,X4-has_name-Brittany Landscape,X3-of-X4,X1-obj-X3,X1-obl_of-X5, X1-be-is-null,X2-which-Which-null,X4-creator-creator-the,X3-nationality-nationality-the,X5-Brittany Landscape-Brittany Landscape-null, X1-subj-X2,X3-of-X4,X1-obj-X3,X5-has_name-Brittany Landscape,X1-obl_of-X5,","Drs [
 tokens=[],
 dEntities=[
DEntity(X1, be, is, VERB, null, false, Query1, Query), 
DEntity(X2, which, Which, PRON, null, false, Qualifier2, Qualifier), 
DEntity(X5, Brittany Landscape, Brittany Landscape, PROPN, null, false, Artefact3, Artefact), 
DEntity(X4, creator, creator, NOUN, the, false, Artist4, Artist), 
DEntity(X3, nationality, nationality, NOUN, the, false, ConceptArtist5, ConceptArtist)],
 dConditions=[
DCondition(X1, subj, X2, propriedades= [qQualifier] --- []), 
DCondition(X5, has_name, Brittany Landscape, propriedades= [] --- [has_name, has_text, who]), 
DCondition(X4, of, X5, propriedades= [author_of] --- []), 
DCondition(X3, of, X4, propriedades= [conc_of_Artist] --- []), 
DCondition(X1, obj, X3, propriedades= [select] --- []), 
DCondition(X1, has_text, be, propriedades= [] --- [has_name, has_text, who]), 
DCondition(X2, has_text, which, propriedades= [] --- [has_name, has_text, who]), 
DCondition(X5, has_text, Brittany Landscape, propriedades= [] --- [has_name, has_text, who]), 
DCondition(X4, has_text, creator, propriedades= [] --- [has_name, has_text, who]), 
DCondition(X3, has_text, nationality, propriedades= [] --- [has_name, has_text, who]), 
DCondition(X2, has_name, null list, propriedades= [] --- [has_name, has_text, who]), 
DCondition(X1, obj, X2, propriedades= [qQualifier] --- [])]
 solu��es = []
 numeroFrase = 0
 numHasNames = 2
 numIndividuals = 5
 numEntitiesOk = 10
 numIsClass = 0
 numPropsOk = 5
 numEntitiesNOk = 0
 numClassesOk = 4]"," PREFIX rdf: <http://www.w3.org/1999/02/22-rdf-syntax-ns#> PREFIX xsd: <http://www.w3.org/2001/XMLSchema#> PREFIX rdfs: <http://www.w3.org/2000/01/rdf-schema#> PREFIX cidoc: <http://www.cidoc-crm.org/cidoc-crm/> SELECT  DISTINCT  ?snameConceptArtist5 ?ConceptArtist5 ?snameArtefact3 ?Artefact3 WHERE { {{?Artefact3 cidoc:P131_is_identified_by ?nameArtefact3 . ?nameArtefact3 rdf:value ?snameArtefact3 .}  UNION {?Artefact3 rdfs:label ?snameArtefact3 .}}  filter(regex(?snameArtefact3,""Brittany Landscape"",""i"")) . ?prod cidoc:P14_carried_out_by ?Artist4 . ?Artefact3 cidoc:P108i_was_produced_by ?prod . ?Artist4 rdfs:label ?snameArtist4 . ?Artist4 cidoc:P107i_is_current_or_former_member_of ?ConceptArtist5. ?ConceptArtist5 rdfs:label ?snameConceptArtist5. }",true
56,Which is the nationality of the creator of Broad Street?," X1-be-is-null,X2-which-Which-null,X5-Broad Street-Broad Street-null,X4-creator-creator-the,X3-nationality-nationality-the, X1-subj-X2,X5-has_name-Broad Street,X4-of-X5,X3-of-X4,X1-obj-X3, X1-be-is-null,X2-which-Which-null,X3-nationality-nationality-the,X5-Broad Street-Broad Street-null,X4-creator-creator-the, X1-subj-X2,X1-obj-X3,X5-has_name-Broad Street,X4-of-X5,X1-obl_of-X4, X1-be-is-null,X2-which-Which-null,X3-nationality-nationality-the,X4-creator-creator-the,X5-Broad Street-Broad Street-null, X1-subj-X2,X1-obj-X3,X1-obl_of-X4,X5-has_name-Broad Street,X1-obl_of-X5, X1-be-is-null,X2-which-Which-null,X4-creator-creator-the,X5-Broad Street-Broad Street-null,X3-nationality-nationality-the, X1-subj-X2,X3-of-X4,X5-has_name-Broad Street,X3-of-X5,X1-obj-X3, X1-be-is-null,X2-which-Which-null,X4-Broad Street-Broad Street-null,X3-nationality-nationality-the,X5-creator-creator-the, X1-subj-X2,X4-has_name-Broad Street,X3-of-X4,X1-obj-X3,X1-obl_of-X5, X1-be-is-null,X2-which-Which-null,X4-creator-creator-the,X3-nationality-nationality-the,X5-Broad Street-Broad Street-null, X1-subj-X2,X3-of-X4,X1-obj-X3,X5-has_name-Broad Street,X1-obl_of-X5,","Drs [
 tokens=[],
 dEntities=[
DEntity(X1, be, is, VERB, null, false, Query1, Query), 
DEntity(X2, which, Which, PRON, null, false, Qualifier2, Qualifier), 
DEntity(X5, Broad Street, Broad Street, PROPN, null, false, Artefact3, Artefact), 
DEntity(X4, creator, creator, NOUN, the, false, Artist4, Artist), 
DEntity(X3, nationality, nationality, NOUN, the, false, ConceptArtist5, ConceptArtist)],
 dConditions=[
DCondition(X1, subj, X2, propriedades= [qQualifier] --- []), 
DCondition(X5, has_name, Broad Street, propriedades= [] --- [has_name, has_text, who]), 
DCondition(X4, of, X5, propriedades= [author_of] --- []), 
DCondition(X3, of, X4, propriedades= [conc_of_Artist] --- []), 
DCondition(X1, obj, X3, propriedades= [select] --- []), 
DCondition(X1, has_text, be, propriedades= [] --- [has_name, has_text, who]), 
DCondition(X2, has_text, which, propriedades= [] --- [has_name, has_text, who]), 
DCondition(X5, has_text, Broad Street, propriedades= [] --- [has_name, has_text, who]), 
DCondition(X4, has_text, creator, propriedades= [] --- [has_name, has_text, who]), 
DCondition(X3, has_text, nationality, propriedades= [] --- [has_name, has_text, who]), 
DCondition(X2, has_name, null list, propriedades= [] --- [has_name, has_text, who]), 
DCondition(X1, obj, X2, propriedades= [qQualifier] --- [])]
 solu��es = []
 numeroFrase = 0
 numHasNames = 2
 numIndividuals = 5
 numEntitiesOk = 10
 numIsClass = 0
 numPropsOk = 5
 numEntitiesNOk = 0
 numClassesOk = 4]"," PREFIX rdf: <http://www.w3.org/1999/02/22-rdf-syntax-ns#> PREFIX xsd: <http://www.w3.org/2001/XMLSchema#> PREFIX rdfs: <http://www.w3.org/2000/01/rdf-schema#> PREFIX cidoc: <http://www.cidoc-crm.org/cidoc-crm/> SELECT  DISTINCT  ?snameConceptArtist5 ?ConceptArtist5 ?snameArtefact3 ?Artefact3 WHERE { {{?Artefact3 cidoc:P131_is_identified_by ?nameArtefact3 . ?nameArtefact3 rdf:value ?snameArtefact3 .}  UNION {?Artefact3 rdfs:label ?snameArtefact3 .}}  filter(regex(?snameArtefact3,""Broad Street"",""i"")) . ?prod cidoc:P14_carried_out_by ?Artist4 . ?Artefact3 cidoc:P108i_was_produced_by ?prod . ?Artist4 rdfs:label ?snameArtist4 . ?Artist4 cidoc:P107i_is_current_or_former_member_of ?ConceptArtist5. ?ConceptArtist5 rdfs:label ?snameConceptArtist5. }",true
57,Which is the nationality of the creator of Brown Blender?," X1-be-is-null,X2-which-Which-null,X5-Brown Blender-Brown Blender-null,X4-creator-creator-the,X3-nationality-nationality-the, X1-subj-X2,X5-has_name-Brown Blender,X4-of-X5,X3-of-X4,X1-obj-X3, X1-be-is-null,X2-which-Which-null,X3-nationality-nationality-the,X5-Brown Blender-Brown Blender-null,X4-creator-creator-the, X1-subj-X2,X1-obj-X3,X5-has_name-Brown Blender,X4-of-X5,X1-obl_of-X4, X1-be-is-null,X2-which-Which-null,X3-nationality-nationality-the,X4-creator-creator-the,X5-Brown Blender-Brown Blender-null, X1-subj-X2,X1-obj-X3,X1-obl_of-X4,X5-has_name-Brown Blender,X1-obl_of-X5, X1-be-is-null,X2-which-Which-null,X4-creator-creator-the,X5-Brown Blender-Brown Blender-null,X3-nationality-nationality-the, X1-subj-X2,X3-of-X4,X5-has_name-Brown Blender,X3-of-X5,X1-obj-X3, X1-be-is-null,X2-which-Which-null,X4-Brown Blender-Brown Blender-null,X3-nationality-nationality-the,X5-creator-creator-the, X1-subj-X2,X4-has_name-Brown Blender,X3-of-X4,X1-obj-X3,X1-obl_of-X5, X1-be-is-null,X2-which-Which-null,X4-creator-creator-the,X3-nationality-nationality-the,X5-Brown Blender-Brown Blender-null, X1-subj-X2,X3-of-X4,X1-obj-X3,X5-has_name-Brown Blender,X1-obl_of-X5,","Drs [
 tokens=[],
 dEntities=[
DEntity(X1, be, is, VERB, null, false, Query1, Query), 
DEntity(X2, which, Which, PRON, null, false, Qualifier2, Qualifier), 
DEntity(X5, Brown Blender, Brown Blender, PROPN, null, false, Artefact3, Artefact), 
DEntity(X4, creator, creator, NOUN, the, false, Artist4, Artist), 
DEntity(X3, nationality, nationality, NOUN, the, false, ConceptArtist5, ConceptArtist)],
 dConditions=[
DCondition(X1, subj, X2, propriedades= [qQualifier] --- []), 
DCondition(X5, has_name, Brown Blender, propriedades= [] --- [has_name, has_text, who]), 
DCondition(X4, of, X5, propriedades= [author_of] --- []), 
DCondition(X3, of, X4, propriedades= [conc_of_Artist] --- []), 
DCondition(X1, obj, X3, propriedades= [select] --- []), 
DCondition(X1, has_text, be, propriedades= [] --- [has_name, has_text, who]), 
DCondition(X2, has_text, which, propriedades= [] --- [has_name, has_text, who]), 
DCondition(X5, has_text, Brown Blender, propriedades= [] --- [has_name, has_text, who]), 
DCondition(X4, has_text, creator, propriedades= [] --- [has_name, has_text, who]), 
DCondition(X3, has_text, nationality, propriedades= [] --- [has_name, has_text, who]), 
DCondition(X2, has_name, null list, propriedades= [] --- [has_name, has_text, who]), 
DCondition(X1, obj, X2, propriedades= [qQualifier] --- [])]
 solu��es = []
 numeroFrase = 0
 numHasNames = 2
 numIndividuals = 5
 numEntitiesOk = 10
 numIsClass = 0
 numPropsOk = 5
 numEntitiesNOk = 0
 numClassesOk = 4]"," PREFIX rdf: <http://www.w3.org/1999/02/22-rdf-syntax-ns#> PREFIX xsd: <http://www.w3.org/2001/XMLSchema#> PREFIX rdfs: <http://www.w3.org/2000/01/rdf-schema#> PREFIX cidoc: <http://www.cidoc-crm.org/cidoc-crm/> SELECT  DISTINCT  ?snameConceptArtist5 ?ConceptArtist5 ?snameArtefact3 ?Artefact3 WHERE { {{?Artefact3 cidoc:P131_is_identified_by ?nameArtefact3 . ?nameArtefact3 rdf:value ?snameArtefact3 .}  UNION {?Artefact3 rdfs:label ?snameArtefact3 .}}  filter(regex(?snameArtefact3,""Brown Blender"",""i"")) . ?prod cidoc:P14_carried_out_by ?Artist4 . ?Artefact3 cidoc:P108i_was_produced_by ?prod . ?Artist4 rdfs:label ?snameArtist4 . ?Artist4 cidoc:P107i_is_current_or_former_member_of ?ConceptArtist5. ?ConceptArtist5 rdfs:label ?snameConceptArtist5. }",true
58,Which is the nationality of the creator of Buckeye?," X1-be-is-null,X2-which-Which-null,X5-Buckeye-Buckeye-null,X4-creator-creator-the,X3-nationality-nationality-the, X1-subj-X2,X5-has_name-Buckeye,X4-of-X5,X3-of-X4,X1-obj-X3, X1-be-is-null,X2-which-Which-null,X3-nationality-nationality-the,X5-Buckeye-Buckeye-null,X4-creator-creator-the, X1-subj-X2,X1-obj-X3,X5-has_name-Buckeye,X4-of-X5,X1-obl_of-X4, X1-be-is-null,X2-which-Which-null,X3-nationality-nationality-the,X4-creator-creator-the,X5-Buckeye-Buckeye-null, X1-subj-X2,X1-obj-X3,X1-obl_of-X4,X5-has_name-Buckeye,X1-obl_of-X5, X1-be-is-null,X2-which-Which-null,X4-creator-creator-the,X5-Buckeye-Buckeye-null,X3-nationality-nationality-the, X1-subj-X2,X3-of-X4,X5-has_name-Buckeye,X3-of-X5,X1-obj-X3, X1-be-is-null,X2-which-Which-null,X4-Buckeye-Buckeye-null,X3-nationality-nationality-the,X5-creator-creator-the, X1-subj-X2,X4-has_name-Buckeye,X3-of-X4,X1-obj-X3,X1-obl_of-X5, X1-be-is-null,X2-which-Which-null,X4-creator-creator-the,X3-nationality-nationality-the,X5-Buckeye-Buckeye-null, X1-subj-X2,X3-of-X4,X1-obj-X3,X5-has_name-Buckeye,X1-obl_of-X5,","Drs [
 tokens=[],
 dEntities=[
DEntity(X1, be, is, VERB, null, false, Query1, Query), 
DEntity(X2, which, Which, PRON, null, false, Qualifier2, Qualifier), 
DEntity(X5, Buckeye, Buckeye, PROPN, null, false, Artefact3, Artefact), 
DEntity(X4, creator, creator, NOUN, the, false, Artist4, Artist), 
DEntity(X3, nationality, nationality, NOUN, the, false, ConceptArtist5, ConceptArtist)],
 dConditions=[
DCondition(X1, subj, X2, propriedades= [qQualifier] --- []), 
DCondition(X5, has_name, Buckeye, propriedades= [] --- [has_name, has_text, who]), 
DCondition(X4, of, X5, propriedades= [author_of] --- []), 
DCondition(X3, of, X4, propriedades= [conc_of_Artist] --- []), 
DCondition(X1, obj, X3, propriedades= [select] --- []), 
DCondition(X1, has_text, be, propriedades= [] --- [has_name, has_text, who]), 
DCondition(X2, has_text, which, propriedades= [] --- [has_name, has_text, who]), 
DCondition(X5, has_text, Buckeye, propriedades= [] --- [has_name, has_text, who]), 
DCondition(X4, has_text, creator, propriedades= [] --- [has_name, has_text, who]), 
DCondition(X3, has_text, nationality, propriedades= [] --- [has_name, has_text, who]), 
DCondition(X2, has_name, null list, propriedades= [] --- [has_name, has_text, who]), 
DCondition(X1, obj, X2, propriedades= [qQualifier] --- [])]
 solu��es = []
 numeroFrase = 0
 numHasNames = 2
 numIndividuals = 5
 numEntitiesOk = 10
 numIsClass = 0
 numPropsOk = 5
 numEntitiesNOk = 0
 numClassesOk = 4]"," PREFIX rdf: <http://www.w3.org/1999/02/22-rdf-syntax-ns#> PREFIX xsd: <http://www.w3.org/2001/XMLSchema#> PREFIX rdfs: <http://www.w3.org/2000/01/rdf-schema#> PREFIX cidoc: <http://www.cidoc-crm.org/cidoc-crm/> SELECT  DISTINCT  ?snameConceptArtist5 ?ConceptArtist5 ?snameArtefact3 ?Artefact3 WHERE { {{?Artefact3 cidoc:P131_is_identified_by ?nameArtefact3 . ?nameArtefact3 rdf:value ?snameArtefact3 .}  UNION {?Artefact3 rdfs:label ?snameArtefact3 .}}  filter(regex(?snameArtefact3,""Buckeye"",""i"")) . ?prod cidoc:P14_carried_out_by ?Artist4 . ?Artefact3 cidoc:P108i_was_produced_by ?prod . ?Artist4 rdfs:label ?snameArtist4 . ?Artist4 cidoc:P107i_is_current_or_former_member_of ?ConceptArtist5. ?ConceptArtist5 rdfs:label ?snameConceptArtist5. }",true
59,Which is the nationality of the creator of Bull?," X1-be-is-null,X2-which-Which-null,X5-Bull-Bull-null,X4-creator-creator-the,X3-nationality-nationality-the, X1-subj-X2,X5-has_name-Bull,X4-of-X5,X3-of-X4,X1-obj-X3, X1-be-is-null,X2-which-Which-null,X3-nationality-nationality-the,X5-Bull-Bull-null,X4-creator-creator-the, X1-subj-X2,X1-obj-X3,X5-has_name-Bull,X4-of-X5,X1-obl_of-X4, X1-be-is-null,X2-which-Which-null,X3-nationality-nationality-the,X4-creator-creator-the,X5-Bull-Bull-null, X1-subj-X2,X1-obj-X3,X1-obl_of-X4,X5-has_name-Bull,X1-obl_of-X5, X1-be-is-null,X2-which-Which-null,X4-creator-creator-the,X5-Bull-Bull-null,X3-nationality-nationality-the, X1-subj-X2,X3-of-X4,X5-has_name-Bull,X3-of-X5,X1-obj-X3, X1-be-is-null,X2-which-Which-null,X4-Bull-Bull-null,X3-nationality-nationality-the,X5-creator-creator-the, X1-subj-X2,X4-has_name-Bull,X3-of-X4,X1-obj-X3,X1-obl_of-X5, X1-be-is-null,X2-which-Which-null,X4-creator-creator-the,X3-nationality-nationality-the,X5-Bull-Bull-null, X1-subj-X2,X3-of-X4,X1-obj-X3,X5-has_name-Bull,X1-obl_of-X5,","Drs [
 tokens=[],
 dEntities=[
DEntity(X1, be, is, VERB, null, false, Query1, Query), 
DEntity(X2, which, Which, PRON, null, false, Qualifier2, Qualifier), 
DEntity(X5, Bull, Bull, PROPN, null, false, Artefact3, Artefact), 
DEntity(X4, creator, creator, NOUN, the, false, Artist4, Artist), 
DEntity(X3, nationality, nationality, NOUN, the, false, ConceptArtist5, ConceptArtist)],
 dConditions=[
DCondition(X1, subj, X2, propriedades= [qQualifier] --- []), 
DCondition(X5, has_name, Bull, propriedades= [] --- [has_name, has_text, who]), 
DCondition(X4, of, X5, propriedades= [author_of] --- []), 
DCondition(X3, of, X4, propriedades= [conc_of_Artist] --- []), 
DCondition(X1, obj, X3, propriedades= [select] --- []), 
DCondition(X1, has_text, be, propriedades= [] --- [has_name, has_text, who]), 
DCondition(X2, has_text, which, propriedades= [] --- [has_name, has_text, who]), 
DCondition(X5, has_text, Bull, propriedades= [] --- [has_name, has_text, who]), 
DCondition(X4, has_text, creator, propriedades= [] --- [has_name, has_text, who]), 
DCondition(X3, has_text, nationality, propriedades= [] --- [has_name, has_text, who]), 
DCondition(X2, has_name, null list, propriedades= [] --- [has_name, has_text, who]), 
DCondition(X1, obj, X2, propriedades= [qQualifier] --- [])]
 solu��es = []
 numeroFrase = 0
 numHasNames = 2
 numIndividuals = 5
 numEntitiesOk = 10
 numIsClass = 0
 numPropsOk = 5
 numEntitiesNOk = 0
 numClassesOk = 4]"," PREFIX rdf: <http://www.w3.org/1999/02/22-rdf-syntax-ns#> PREFIX xsd: <http://www.w3.org/2001/XMLSchema#> PREFIX rdfs: <http://www.w3.org/2000/01/rdf-schema#> PREFIX cidoc: <http://www.cidoc-crm.org/cidoc-crm/> SELECT  DISTINCT  ?snameConceptArtist5 ?ConceptArtist5 ?snameArtefact3 ?Artefact3 WHERE { {{?Artefact3 cidoc:P131_is_identified_by ?nameArtefact3 . ?nameArtefact3 rdf:value ?snameArtefact3 .}  UNION {?Artefact3 rdfs:label ?snameArtefact3 .}}  filter(regex(?snameArtefact3,""Bull"",""i"")) . ?prod cidoc:P14_carried_out_by ?Artist4 . ?Artefact3 cidoc:P108i_was_produced_by ?prod . ?Artist4 rdfs:label ?snameArtist4 . ?Artist4 cidoc:P107i_is_current_or_former_member_of ?ConceptArtist5. ?ConceptArtist5 rdfs:label ?snameConceptArtist5. }",true
60,Which is the nationality of the creator of Burro Train?," X1-be-is-null,X2-which-Which-null,X5-Burro Train-Burro Train-null,X4-creator-creator-the,X3-nationality-nationality-the, X1-subj-X2,X5-has_name-Burro Train,X4-of-X5,X3-of-X4,X1-obj-X3, X1-be-is-null,X2-which-Which-null,X3-nationality-nationality-the,X5-Burro Train-Burro Train-null,X4-creator-creator-the, X1-subj-X2,X1-obj-X3,X5-has_name-Burro Train,X4-of-X5,X1-obl_of-X4, X1-be-is-null,X2-which-Which-null,X3-nationality-nationality-the,X4-creator-creator-the,X5-Burro Train-Burro Train-null, X1-subj-X2,X1-obj-X3,X1-obl_of-X4,X5-has_name-Burro Train,X1-obl_of-X5, X1-be-is-null,X2-which-Which-null,X4-creator-creator-the,X5-Burro Train-Burro Train-null,X3-nationality-nationality-the, X1-subj-X2,X3-of-X4,X5-has_name-Burro Train,X3-of-X5,X1-obj-X3, X1-be-is-null,X2-which-Which-null,X4-Burro Train-Burro Train-null,X3-nationality-nationality-the,X5-creator-creator-the, X1-subj-X2,X4-has_name-Burro Train,X3-of-X4,X1-obj-X3,X1-obl_of-X5, X1-be-is-null,X2-which-Which-null,X4-creator-creator-the,X3-nationality-nationality-the,X5-Burro Train-Burro Train-null, X1-subj-X2,X3-of-X4,X1-obj-X3,X5-has_name-Burro Train,X1-obl_of-X5,","Drs [
 tokens=[],
 dEntities=[
DEntity(X1, be, is, VERB, null, false, Query1, Query), 
DEntity(X2, which, Which, PRON, null, false, Qualifier2, Qualifier), 
DEntity(X5, Burro Train, Burro Train, PROPN, null, false, Artefact3, Artefact), 
DEntity(X4, creator, creator, NOUN, the, false, Artist4, Artist), 
DEntity(X3, nationality, nationality, NOUN, the, false, ConceptArtist5, ConceptArtist)],
 dConditions=[
DCondition(X1, subj, X2, propriedades= [qQualifier] --- []), 
DCondition(X5, has_name, Burro Train, propriedades= [] --- [has_name, has_text, who]), 
DCondition(X4, of, X5, propriedades= [author_of] --- []), 
DCondition(X3, of, X4, propriedades= [conc_of_Artist] --- []), 
DCondition(X1, obj, X3, propriedades= [select] --- []), 
DCondition(X1, has_text, be, propriedades= [] --- [has_name, has_text, who]), 
DCondition(X2, has_text, which, propriedades= [] --- [has_name, has_text, who]), 
DCondition(X5, has_text, Burro Train, propriedades= [] --- [has_name, has_text, who]), 
DCondition(X4, has_text, creator, propriedades= [] --- [has_name, has_text, who]), 
DCondition(X3, has_text, nationality, propriedades= [] --- [has_name, has_text, who]), 
DCondition(X2, has_name, null list, propriedades= [] --- [has_name, has_text, who]), 
DCondition(X1, obj, X2, propriedades= [qQualifier] --- [])]
 solu��es = []
 numeroFrase = 0
 numHasNames = 2
 numIndividuals = 5
 numEntitiesOk = 10
 numIsClass = 0
 numPropsOk = 5
 numEntitiesNOk = 0
 numClassesOk = 4]"," PREFIX rdf: <http://www.w3.org/1999/02/22-rdf-syntax-ns#> PREFIX xsd: <http://www.w3.org/2001/XMLSchema#> PREFIX rdfs: <http://www.w3.org/2000/01/rdf-schema#> PREFIX cidoc: <http://www.cidoc-crm.org/cidoc-crm/> SELECT  DISTINCT  ?snameConceptArtist5 ?ConceptArtist5 ?snameArtefact3 ?Artefact3 WHERE { {{?Artefact3 cidoc:P131_is_identified_by ?nameArtefact3 . ?nameArtefact3 rdf:value ?snameArtefact3 .}  UNION {?Artefact3 rdfs:label ?snameArtefact3 .}}  filter(regex(?snameArtefact3,""Burro Train"",""i"")) . ?prod cidoc:P14_carried_out_by ?Artist4 . ?Artefact3 cidoc:P108i_was_produced_by ?prod . ?Artist4 rdfs:label ?snameArtist4 . ?Artist4 cidoc:P107i_is_current_or_former_member_of ?ConceptArtist5. ?ConceptArtist5 rdfs:label ?snameConceptArtist5. }",true
61,Which is the nationality of the creator of C.W.A. Worker at Key Bridge?," X1-be-is-null,X2-which-Which-null,X6-Bridge-Bridge-null,X5-C.W.A. Worker-C.W.A. Worker-null,X4-creator-creator-the,X3-nationality-nationality-the, X1-subj-X2,X6-key-true,X6-has_name-Bridge,X5-at-X6,X5-has_name-C.W.A. Worker,X4-of-X5,X3-of-X4,X1-obj-X3, X1-be-is-null,X2-which-Which-null,X6-Bridge-Bridge-null,X5-C.W.A. Worker-C.W.A. Worker-null,X4-creator-creator-the,X3-nationality-nationality-the, X1-subj-X2,X6-has_name-Key,X6-has_name-Bridge,X5-at-X6,X5-has_name-C.W.A. Worker,X4-of-X5,X3-of-X4,X1-obj-X3, X1-be-is-null,X2-which-Which-null,X6-Key Bridge-Key Bridge-null,X5-C.W.A. Worker-C.W.A. Worker-null,X4-creator-creator-the,X3-nationality-nationality-the, X1-subj-X2,X6-has_name-Key Bridge,X5-at-X6,X5-has_name-C.W.A. Worker,X4-of-X5,X3-of-X4,X1-obj-X3, X1-be-is-null,X2-which-Which-null,X3-nationality-nationality-the,X6-Bridge-Bridge-null,X5-C.W.A. Worker-C.W.A. Worker-null,X4-creator-creator-the, X1-subj-X2,X1-obj-X3,X6-key-true,X6-has_name-Bridge,X5-at-X6,X5-has_name-C.W.A. Worker,X4-of-X5,X1-obl_of-X4, X1-be-is-null,X2-which-Which-null,X3-nationality-nationality-the,X6-Bridge-Bridge-null,X5-C.W.A. Worker-C.W.A. Worker-null,X4-creator-creator-the, X1-subj-X2,X1-obj-X3,X6-has_name-Key,X6-has_name-Bridge,X5-at-X6,X5-has_name-C.W.A. Worker,X4-of-X5,X1-obl_of-X4, X1-be-is-null,X2-which-Which-null,X3-nationality-nationality-the,X6-Key Bridge-Key Bridge-null,X5-C.W.A. Worker-C.W.A. Worker-null,X4-creator-creator-the, X1-subj-X2,X1-obj-X3,X6-has_name-Key Bridge,X5-at-X6,X5-has_name-C.W.A. Worker,X4-of-X5,X1-obl_of-X4, X1-be-is-null,X2-which-Which-null,X3-nationality-nationality-the,X4-creator-creator-the,X6-Bridge-Bridge-null,X5-C.W.A. Worker-C.W.A. Worker-null, X1-subj-X2,X1-obj-X3,X1-obl_of-X4,X6-key-true,X6-has_name-Bridge,X5-at-X6,X5-has_name-C.W.A. Worker,X1-obl_of-X5, X1-be-is-null,X2-which-Which-null,X3-nationality-nationality-the,X4-creator-creator-the,X6-Bridge-Bridge-null,X5-C.W.A. Worker-C.W.A. Worker-null, X1-subj-X2,X1-obj-X3,X1-obl_of-X4,X6-has_name-Key,X6-has_name-Bridge,X5-at-X6,X5-has_name-C.W.A. Worker,X1-obl_of-X5, X1-be-is-null,X2-which-Which-null,X3-nationality-nationality-the,X4-creator-creator-the,X6-Key Bridge-Key Bridge-null,X5-C.W.A. Worker-C.W.A. Worker-null, X1-subj-X2,X1-obj-X3,X1-obl_of-X4,X6-has_name-Key Bridge,X5-at-X6,X5-has_name-C.W.A. Worker,X1-obl_of-X5, X1-be-is-null,X2-which-Which-null,X3-nationality-nationality-the,X4-creator-creator-the,X5-C.W.A. Worker-C.W.A. Worker-null,X6-Bridge-Bridge-null, X1-subj-X2,X1-obj-X3,X1-obl_of-X4,X5-has_name-C.W.A. Worker,X1-obl_of-X5,X6-key-true,X6-has_name-Bridge,X1-obl_at-X6, X1-be-is-null,X2-which-Which-null,X3-nationality-nationality-the,X4-creator-creator-the,X5-C.W.A. Worker-C.W.A. Worker-null,X6-Bridge-Bridge-null, X1-subj-X2,X1-obj-X3,X1-obl_of-X4,X5-has_name-C.W.A. Worker,X1-obl_of-X5,X6-has_name-Key,X6-has_name-Bridge,X1-obl_at-X6, X1-be-is-null,X2-which-Which-null,X3-nationality-nationality-the,X4-creator-creator-the,X5-C.W.A. Worker-C.W.A. Worker-null,X6-Key Bridge-Key Bridge-null, X1-subj-X2,X1-obj-X3,X1-obl_of-X4,X5-has_name-C.W.A. Worker,X1-obl_of-X5,X6-has_name-Key Bridge,X1-obl_at-X6, X1-be-is-null,X2-which-Which-null,X3-nationality-nationality-the,X5-C.W.A. Worker-C.W.A. Worker-null,X6-Bridge-Bridge-null,X4-creator-creator-the, X1-subj-X2,X1-obj-X3,X5-has_name-C.W.A. Worker,X4-of-X5,X6-key-true,X6-has_name-Bridge,X4-at-X6,X1-obl_of-X4, X1-be-is-null,X2-which-Which-null,X3-nationality-nationality-the,X5-C.W.A. Worker-C.W.A. Worker-null,X6-Bridge-Bridge-null,X4-creator-creator-the, X1-subj-X2,X1-obj-X3,X5-has_name-C.W.A. Worker,X4-of-X5,X6-has_name-Key,X6-has_name-Bridge,X4-at-X6,X1-obl_of-X4, X1-be-is-null,X2-which-Which-null,X3-nationality-nationality-the,X5-C.W.A. Worker-C.W.A. Worker-null,X6-Key Bridge-Key Bridge-null,X4-creator-creator-the, X1-subj-X2,X1-obj-X3,X5-has_name-C.W.A. Worker,X4-of-X5,X6-has_name-Key Bridge,X4-at-X6,X1-obl_of-X4, X1-be-is-null,X2-which-Which-null,X4-creator-creator-the,X6-Bridge-Bridge-null,X5-C.W.A. Worker-C.W.A. Worker-null,X3-nationality-nationality-the, X1-subj-X2,X3-of-X4,X6-key-true,X6-has_name-Bridge,X5-at-X6,X5-has_name-C.W.A. Worker,X3-of-X5,X1-obj-X3, X1-be-is-null,X2-which-Which-null,X4-creator-creator-the,X6-Bridge-Bridge-null,X5-C.W.A. Worker-C.W.A. Worker-null,X3-nationality-nationality-the, X1-subj-X2,X3-of-X4,X6-has_name-Key,X6-has_name-Bridge,X5-at-X6,X5-has_name-C.W.A. Worker,X3-of-X5,X1-obj-X3, X1-be-is-null,X2-which-Which-null,X4-creator-creator-the,X6-Key Bridge-Key Bridge-null,X5-C.W.A. Worker-C.W.A. Worker-null,X3-nationality-nationality-the, X1-subj-X2,X3-of-X4,X6-has_name-Key Bridge,X5-at-X6,X5-has_name-C.W.A. Worker,X3-of-X5,X1-obj-X3, X1-be-is-null,X2-which-Which-null,X5-Bridge-Bridge-null,X4-C.W.A. Worker-C.W.A. Worker-null,X3-nationality-nationality-the,X6-creator-creator-the, X1-subj-X2,X5-key-true,X5-has_name-Bridge,X4-at-X5,X4-has_name-C.W.A. Worker,X3-of-X4,X1-obj-X3,X1-obl_of-X6, X1-be-is-null,X2-which-Which-null,X5-Bridge-Bridge-null,X4-C.W.A. Worker-C.W.A. Worker-null,X3-nationality-nationality-the,X6-creator-creator-the, X1-subj-X2,X5-has_name-Key,X5-has_name-Bridge,X4-at-X5,X4-has_name-C.W.A. Worker,X3-of-X4,X1-obj-X3,X1-obl_of-X6, X1-be-is-null,X2-which-Which-null,X5-Key Bridge-Key Bridge-null,X4-C.W.A. Worker-C.W.A. Worker-null,X3-nationality-nationality-the,X6-creator-creator-the, X1-subj-X2,X5-has_name-Key Bridge,X4-at-X5,X4-has_name-C.W.A. Worker,X3-of-X4,X1-obj-X3,X1-obl_of-X6, X1-be-is-null,X2-which-Which-null,X4-creator-creator-the,X3-nationality-nationality-the,X6-Bridge-Bridge-null,X5-C.W.A. Worker-C.W.A. Worker-null, X1-subj-X2,X3-of-X4,X1-obj-X3,X6-key-true,X6-has_name-Bridge,X5-at-X6,X5-has_name-C.W.A. Worker,X1-obl_of-X5, X1-be-is-null,X2-which-Which-null,X4-creator-creator-the,X3-nationality-nationality-the,X6-Bridge-Bridge-null,X5-C.W.A. Worker-C.W.A. Worker-null, X1-subj-X2,X3-of-X4,X1-obj-X3,X6-has_name-Key,X6-has_name-Bridge,X5-at-X6,X5-has_name-C.W.A. Worker,X1-obl_of-X5, X1-be-is-null,X2-which-Which-null,X4-creator-creator-the,X3-nationality-nationality-the,X6-Key Bridge-Key Bridge-null,X5-C.W.A. Worker-C.W.A. Worker-null, X1-subj-X2,X3-of-X4,X1-obj-X3,X6-has_name-Key Bridge,X5-at-X6,X5-has_name-C.W.A. Worker,X1-obl_of-X5, X1-be-is-null,X2-which-Which-null,X4-creator-creator-the,X5-C.W.A. Worker-C.W.A. Worker-null,X6-Bridge-Bridge-null,X3-nationality-nationality-the, X1-subj-X2,X3-of-X4,X5-has_name-C.W.A. Worker,X3-of-X5,X6-key-true,X6-has_name-Bridge,X3-at-X6,X1-obj-X3, X1-be-is-null,X2-which-Which-null,X4-creator-creator-the,X5-C.W.A. Worker-C.W.A. Worker-null,X6-Bridge-Bridge-null,X3-nationality-nationality-the, X1-subj-X2,X3-of-X4,X5-has_name-C.W.A. Worker,X3-of-X5,X6-has_name-Key,X6-has_name-Bridge,X3-at-X6,X1-obj-X3, X1-be-is-null,X2-which-Which-null,X4-creator-creator-the,X5-C.W.A. Worker-C.W.A. Worker-null,X6-Key Bridge-Key Bridge-null,X3-nationality-nationality-the, X1-subj-X2,X3-of-X4,X5-has_name-C.W.A. Worker,X3-of-X5,X6-has_name-Key Bridge,X3-at-X6,X1-obj-X3, X1-be-is-null,X2-which-Which-null,X5-C.W.A. Worker-C.W.A. Worker-null,X6-Bridge-Bridge-null,X4-creator-creator-the,X3-nationality-nationality-the, X1-subj-X2,X5-has_name-C.W.A. Worker,X4-of-X5,X6-key-true,X6-has_name-Bridge,X4-at-X6,X3-of-X4,X1-obj-X3, X1-be-is-null,X2-which-Which-null,X5-C.W.A. Worker-C.W.A. Worker-null,X6-Bridge-Bridge-null,X4-creator-creator-the,X3-nationality-nationality-the, X1-subj-X2,X5-has_name-C.W.A. Worker,X4-of-X5,X6-has_name-Key,X6-has_name-Bridge,X4-at-X6,X3-of-X4,X1-obj-X3, X1-be-is-null,X2-which-Which-null,X5-C.W.A. Worker-C.W.A. Worker-null,X6-Key Bridge-Key Bridge-null,X4-creator-creator-the,X3-nationality-nationality-the, X1-subj-X2,X5-has_name-C.W.A. Worker,X4-of-X5,X6-has_name-Key Bridge,X4-at-X6,X3-of-X4,X1-obj-X3,",Incorrect partial DRS,null,null
62,Which is the nationality of the creator of Cagnes?," X1-be-is-null,X2-which-Which-null,X5-Cagnes-Cagnes-null,X4-creator-creator-the,X3-nationality-nationality-the, X1-subj-X2,X5-has_name-Cagnes,X4-of-X5,X3-of-X4,X1-obj-X3, X1-be-is-null,X2-which-Which-null,X3-nationality-nationality-the,X5-Cagnes-Cagnes-null,X4-creator-creator-the, X1-subj-X2,X1-obj-X3,X5-has_name-Cagnes,X4-of-X5,X1-obl_of-X4, X1-be-is-null,X2-which-Which-null,X3-nationality-nationality-the,X4-creator-creator-the,X5-Cagnes-Cagnes-null, X1-subj-X2,X1-obj-X3,X1-obl_of-X4,X5-has_name-Cagnes,X1-obl_of-X5, X1-be-is-null,X2-which-Which-null,X4-creator-creator-the,X5-Cagnes-Cagnes-null,X3-nationality-nationality-the, X1-subj-X2,X3-of-X4,X5-has_name-Cagnes,X3-of-X5,X1-obj-X3, X1-be-is-null,X2-which-Which-null,X4-Cagnes-Cagnes-null,X3-nationality-nationality-the,X5-creator-creator-the, X1-subj-X2,X4-has_name-Cagnes,X3-of-X4,X1-obj-X3,X1-obl_of-X5, X1-be-is-null,X2-which-Which-null,X4-creator-creator-the,X3-nationality-nationality-the,X5-Cagnes-Cagnes-null, X1-subj-X2,X3-of-X4,X1-obj-X3,X5-has_name-Cagnes,X1-obl_of-X5,","Drs [
 tokens=[],
 dEntities=[
DEntity(X1, be, is, VERB, null, false, Query1, Query), 
DEntity(X2, which, Which, PRON, null, false, Qualifier2, Qualifier), 
DEntity(X5, Cagnes, Cagnes, PROPN, null, false, Artefact3, Artefact), 
DEntity(X4, creator, creator, NOUN, the, false, Artist4, Artist), 
DEntity(X3, nationality, nationality, NOUN, the, false, ConceptArtist5, ConceptArtist)],
 dConditions=[
DCondition(X1, subj, X2, propriedades= [qQualifier] --- []), 
DCondition(X5, has_name, Cagnes, propriedades= [] --- [has_name, has_text, who]), 
DCondition(X4, of, X5, propriedades= [author_of] --- []), 
DCondition(X3, of, X4, propriedades= [conc_of_Artist] --- []), 
DCondition(X1, obj, X3, propriedades= [select] --- []), 
DCondition(X1, has_text, be, propriedades= [] --- [has_name, has_text, who]), 
DCondition(X2, has_text, which, propriedades= [] --- [has_name, has_text, who]), 
DCondition(X5, has_text, Cagnes, propriedades= [] --- [has_name, has_text, who]), 
DCondition(X4, has_text, creator, propriedades= [] --- [has_name, has_text, who]), 
DCondition(X3, has_text, nationality, propriedades= [] --- [has_name, has_text, who]), 
DCondition(X2, has_name, null list, propriedades= [] --- [has_name, has_text, who]), 
DCondition(X1, obj, X2, propriedades= [qQualifier] --- [])]
 solu��es = []
 numeroFrase = 0
 numHasNames = 2
 numIndividuals = 5
 numEntitiesOk = 10
 numIsClass = 0
 numPropsOk = 5
 numEntitiesNOk = 0
 numClassesOk = 4]"," PREFIX rdf: <http://www.w3.org/1999/02/22-rdf-syntax-ns#> PREFIX xsd: <http://www.w3.org/2001/XMLSchema#> PREFIX rdfs: <http://www.w3.org/2000/01/rdf-schema#> PREFIX cidoc: <http://www.cidoc-crm.org/cidoc-crm/> SELECT  DISTINCT  ?snameConceptArtist5 ?ConceptArtist5 ?snameArtefact3 ?Artefact3 WHERE { {{?Artefact3 cidoc:P131_is_identified_by ?nameArtefact3 . ?nameArtefact3 rdf:value ?snameArtefact3 .}  UNION {?Artefact3 rdfs:label ?snameArtefact3 .}}  filter(regex(?snameArtefact3,""Cagnes"",""i"")) . ?prod cidoc:P14_carried_out_by ?Artist4 . ?Artefact3 cidoc:P108i_was_produced_by ?prod . ?Artist4 rdfs:label ?snameArtist4 . ?Artist4 cidoc:P107i_is_current_or_former_member_of ?ConceptArtist5. ?ConceptArtist5 rdfs:label ?snameConceptArtist5. }",true
63,"Which is the nationality of the creator of Camper, Mendocino?"," X1-be-is-null,X2-which-Which-null,X5-Camper-Camper-null,X4-creator-creator-the,X3-nationality-nationality-the, X1-subj-X2,X5-has_name-Mendocino,X5-has_name-Camper,X4-of-X5,X3-of-X4,X1-obj-X3, X1-be-is-null,X2-which-Which-null,X3-nationality-nationality-the,X5-Camper-Camper-null,X4-creator-creator-the, X1-subj-X2,X1-obj-X3,X5-has_name-Mendocino,X5-has_name-Camper,X4-of-X5,X1-obl_of-X4, X1-be-is-null,X2-which-Which-null,X3-nationality-nationality-the,X4-creator-creator-the,X5-Camper-Camper-null, X1-subj-X2,X1-obj-X3,X1-obl_of-X4,X5-has_name-Mendocino,X5-has_name-Camper,X1-obl_of-X5, X1-be-is-null,X2-which-Which-null,X4-creator-creator-the,X5-Camper-Camper-null,X3-nationality-nationality-the, X1-subj-X2,X3-of-X4,X5-has_name-Mendocino,X5-has_name-Camper,X3-of-X5,X1-obj-X3, X1-be-is-null,X2-which-Which-null,X4-Camper-Camper-null,X3-nationality-nationality-the,X5-creator-creator-the, X1-subj-X2,X4-has_name-Mendocino,X4-has_name-Camper,X3-of-X4,X1-obj-X3,X1-obl_of-X5, X1-be-is-null,X2-which-Which-null,X4-creator-creator-the,X3-nationality-nationality-the,X5-Camper-Camper-null, X1-subj-X2,X3-of-X4,X1-obj-X3,X5-has_name-Mendocino,X5-has_name-Camper,X1-obl_of-X5, X1-be-is-null,X2-which-Which-null,X6-Mendocino-Mendocino-null,X5-Camper-Camper-null,X4-creator-creator-the,X3-nationality-nationality-the, X1-subj-X2,X6-has_name-Mendocino,X5-rel-X6,X5-has_name-Camper,X4-of-X5,X3-of-X4,X1-obj-X3, X1-be-is-null,X2-which-Which-null,X3-nationality-nationality-the,X6-Mendocino-Mendocino-null,X5-Camper-Camper-null,X4-creator-creator-the, X1-subj-X2,X1-obj-X3,X6-has_name-Mendocino,X5-rel-X6,X5-has_name-Camper,X4-of-X5,X1-obl_of-X4, X1-be-is-null,X2-which-Which-null,X3-nationality-nationality-the,X4-creator-creator-the,X6-Mendocino-Mendocino-null,X5-Camper-Camper-null, X1-subj-X2,X1-obj-X3,X1-obl_of-X4,X6-has_name-Mendocino,X5-rel-X6,X5-has_name-Camper,X1-obl_of-X5, X1-be-is-null,X2-which-Which-null,X4-creator-creator-the,X6-Mendocino-Mendocino-null,X5-Camper-Camper-null,X3-nationality-nationality-the, X1-subj-X2,X3-of-X4,X6-has_name-Mendocino,X5-rel-X6,X5-has_name-Camper,X3-of-X5,X1-obj-X3, X1-be-is-null,X2-which-Which-null,X5-Mendocino-Mendocino-null,X4-Camper-Camper-null,X3-nationality-nationality-the,X6-creator-creator-the, X1-subj-X2,X5-has_name-Mendocino,X4-rel-X5,X4-has_name-Camper,X3-of-X4,X1-obj-X3,X1-obl_of-X6, X1-be-is-null,X2-which-Which-null,X4-creator-creator-the,X3-nationality-nationality-the,X6-Mendocino-Mendocino-null,X5-Camper-Camper-null, X1-subj-X2,X3-of-X4,X1-obj-X3,X6-has_name-Mendocino,X5-rel-X6,X5-has_name-Camper,X1-obl_of-X5,",Incorrect partial DRS,null,null
64,Which is the nationality of the creator of Can Fire in the Park?," X1-be-is-null,X2-which-Which-null,X6-Park-Park-the,X5-Fire-Fire-null,X4-creator-creator-the,X3-nationality-nationality-the, X1-subj-X2,X6-has_name-Park,X5-in-X6,X5-can-true,X5-has_name-Fire,X4-of-X5,X3-of-X4,X1-obj-X3, X1-be-is-null,X2-which-Which-null,X6-Park-Park-the,X5-Fire-Fire-null,X4-creator-creator-the,X3-nationality-nationality-the, X1-subj-X2,X6-has_name-Park,X5-in-X6,X5-has_name-Can,X5-has_name-Fire,X4-of-X5,X3-of-X4,X1-obj-X3, X1-be-is-null,X2-which-Which-null,X6-Park-Park-the,X5-Can Fire-Can Fire-null,X4-creator-creator-the,X3-nationality-nationality-the, X1-subj-X2,X6-has_name-Park,X5-in-X6,X5-has_name-Can Fire,X4-of-X5,X3-of-X4,X1-obj-X3, X1-be-is-null,X2-which-Which-null,X3-nationality-nationality-the,X6-Park-Park-the,X5-Fire-Fire-null,X4-creator-creator-the, X1-subj-X2,X1-obj-X3,X6-has_name-Park,X5-in-X6,X5-can-true,X5-has_name-Fire,X4-of-X5,X1-obl_of-X4, X1-be-is-null,X2-which-Which-null,X3-nationality-nationality-the,X6-Park-Park-the,X5-Fire-Fire-null,X4-creator-creator-the, X1-subj-X2,X1-obj-X3,X6-has_name-Park,X5-in-X6,X5-has_name-Can,X5-has_name-Fire,X4-of-X5,X1-obl_of-X4, X1-be-is-null,X2-which-Which-null,X3-nationality-nationality-the,X6-Park-Park-the,X5-Can Fire-Can Fire-null,X4-creator-creator-the, X1-subj-X2,X1-obj-X3,X6-has_name-Park,X5-in-X6,X5-has_name-Can Fire,X4-of-X5,X1-obl_of-X4, X1-be-is-null,X2-which-Which-null,X3-nationality-nationality-the,X4-creator-creator-the,X6-Park-Park-the,X5-Fire-Fire-null, X1-subj-X2,X1-obj-X3,X1-obl_of-X4,X6-has_name-Park,X5-in-X6,X5-can-true,X5-has_name-Fire,X1-obl_of-X5, X1-be-is-null,X2-which-Which-null,X3-nationality-nationality-the,X4-creator-creator-the,X6-Park-Park-the,X5-Fire-Fire-null, X1-subj-X2,X1-obj-X3,X1-obl_of-X4,X6-has_name-Park,X5-in-X6,X5-has_name-Can,X5-has_name-Fire,X1-obl_of-X5, X1-be-is-null,X2-which-Which-null,X3-nationality-nationality-the,X4-creator-creator-the,X6-Park-Park-the,X5-Can Fire-Can Fire-null, X1-subj-X2,X1-obj-X3,X1-obl_of-X4,X6-has_name-Park,X5-in-X6,X5-has_name-Can Fire,X1-obl_of-X5, X1-be-is-null,X2-which-Which-null,X3-nationality-nationality-the,X4-creator-creator-the,X5-Fire-Fire-null,X6-Park-Park-the, X1-subj-X2,X1-obj-X3,X1-obl_of-X4,X5-can-true,X5-has_name-Fire,X1-obl_of-X5,X6-has_name-Park,X1-obl_in-X6, X1-be-is-null,X2-which-Which-null,X3-nationality-nationality-the,X4-creator-creator-the,X5-Fire-Fire-null,X6-Park-Park-the, X1-subj-X2,X1-obj-X3,X1-obl_of-X4,X5-has_name-Can,X5-has_name-Fire,X1-obl_of-X5,X6-has_name-Park,X1-obl_in-X6, X1-be-is-null,X2-which-Which-null,X3-nationality-nationality-the,X4-creator-creator-the,X5-Can Fire-Can Fire-null,X6-Park-Park-the, X1-subj-X2,X1-obj-X3,X1-obl_of-X4,X5-has_name-Can Fire,X1-obl_of-X5,X6-has_name-Park,X1-obl_in-X6, X1-be-is-null,X2-which-Which-null,X3-nationality-nationality-the,X5-Fire-Fire-null,X6-Park-Park-the,X4-creator-creator-the, X1-subj-X2,X1-obj-X3,X5-can-true,X5-has_name-Fire,X4-of-X5,X6-has_name-Park,X4-in-X6,X1-obl_of-X4, X1-be-is-null,X2-which-Which-null,X3-nationality-nationality-the,X5-Fire-Fire-null,X6-Park-Park-the,X4-creator-creator-the, X1-subj-X2,X1-obj-X3,X5-has_name-Can,X5-has_name-Fire,X4-of-X5,X6-has_name-Park,X4-in-X6,X1-obl_of-X4, X1-be-is-null,X2-which-Which-null,X3-nationality-nationality-the,X5-Can Fire-Can Fire-null,X6-Park-Park-the,X4-creator-creator-the, X1-subj-X2,X1-obj-X3,X5-has_name-Can Fire,X4-of-X5,X6-has_name-Park,X4-in-X6,X1-obl_of-X4, X1-be-is-null,X2-which-Which-null,X4-creator-creator-the,X6-Park-Park-the,X5-Fire-Fire-null,X3-nationality-nationality-the, X1-subj-X2,X3-of-X4,X6-has_name-Park,X5-in-X6,X5-can-true,X5-has_name-Fire,X3-of-X5,X1-obj-X3, X1-be-is-null,X2-which-Which-null,X4-creator-creator-the,X6-Park-Park-the,X5-Fire-Fire-null,X3-nationality-nationality-the, X1-subj-X2,X3-of-X4,X6-has_name-Park,X5-in-X6,X5-has_name-Can,X5-has_name-Fire,X3-of-X5,X1-obj-X3, X1-be-is-null,X2-which-Which-null,X4-creator-creator-the,X6-Park-Park-the,X5-Can Fire-Can Fire-null,X3-nationality-nationality-the, X1-subj-X2,X3-of-X4,X6-has_name-Park,X5-in-X6,X5-has_name-Can Fire,X3-of-X5,X1-obj-X3, X1-be-is-null,X2-which-Which-null,X5-Park-Park-the,X4-Fire-Fire-null,X3-nationality-nationality-the,X6-creator-creator-the, X1-subj-X2,X5-has_name-Park,X4-in-X5,X4-can-true,X4-has_name-Fire,X3-of-X4,X1-obj-X3,X1-obl_of-X6, X1-be-is-null,X2-which-Which-null,X5-Park-Park-the,X4-Fire-Fire-null,X3-nationality-nationality-the,X6-creator-creator-the, X1-subj-X2,X5-has_name-Park,X4-in-X5,X4-has_name-Can,X4-has_name-Fire,X3-of-X4,X1-obj-X3,X1-obl_of-X6, X1-be-is-null,X2-which-Which-null,X5-Park-Park-the,X4-Can Fire-Can Fire-null,X3-nationality-nationality-the,X6-creator-creator-the, X1-subj-X2,X5-has_name-Park,X4-in-X5,X4-has_name-Can Fire,X3-of-X4,X1-obj-X3,X1-obl_of-X6, X1-be-is-null,X2-which-Which-null,X4-creator-creator-the,X3-nationality-nationality-the,X6-Park-Park-the,X5-Fire-Fire-null, X1-subj-X2,X3-of-X4,X1-obj-X3,X6-has_name-Park,X5-in-X6,X5-can-true,X5-has_name-Fire,X1-obl_of-X5, X1-be-is-null,X2-which-Which-null,X4-creator-creator-the,X3-nationality-nationality-the,X6-Park-Park-the,X5-Fire-Fire-null, X1-subj-X2,X3-of-X4,X1-obj-X3,X6-has_name-Park,X5-in-X6,X5-has_name-Can,X5-has_name-Fire,X1-obl_of-X5, X1-be-is-null,X2-which-Which-null,X4-creator-creator-the,X3-nationality-nationality-the,X6-Park-Park-the,X5-Can Fire-Can Fire-null, X1-subj-X2,X3-of-X4,X1-obj-X3,X6-has_name-Park,X5-in-X6,X5-has_name-Can Fire,X1-obl_of-X5, X1-be-is-null,X2-which-Which-null,X4-creator-creator-the,X5-Fire-Fire-null,X6-Park-Park-the,X3-nationality-nationality-the, X1-subj-X2,X3-of-X4,X5-can-true,X5-has_name-Fire,X3-of-X5,X6-has_name-Park,X3-in-X6,X1-obj-X3, X1-be-is-null,X2-which-Which-null,X4-creator-creator-the,X5-Fire-Fire-null,X6-Park-Park-the,X3-nationality-nationality-the, X1-subj-X2,X3-of-X4,X5-has_name-Can,X5-has_name-Fire,X3-of-X5,X6-has_name-Park,X3-in-X6,X1-obj-X3, X1-be-is-null,X2-which-Which-null,X4-creator-creator-the,X5-Can Fire-Can Fire-null,X6-Park-Park-the,X3-nationality-nationality-the, X1-subj-X2,X3-of-X4,X5-has_name-Can Fire,X3-of-X5,X6-has_name-Park,X3-in-X6,X1-obj-X3, X1-be-is-null,X2-which-Which-null,X5-Fire-Fire-null,X6-Park-Park-the,X4-creator-creator-the,X3-nationality-nationality-the, X1-subj-X2,X5-can-true,X5-has_name-Fire,X4-of-X5,X6-has_name-Park,X4-in-X6,X3-of-X4,X1-obj-X3, X1-be-is-null,X2-which-Which-null,X5-Fire-Fire-null,X6-Park-Park-the,X4-creator-creator-the,X3-nationality-nationality-the, X1-subj-X2,X5-has_name-Can,X5-has_name-Fire,X4-of-X5,X6-has_name-Park,X4-in-X6,X3-of-X4,X1-obj-X3, X1-be-is-null,X2-which-Which-null,X5-Can Fire-Can Fire-null,X6-Park-Park-the,X4-creator-creator-the,X3-nationality-nationality-the, X1-subj-X2,X5-has_name-Can Fire,X4-of-X5,X6-has_name-Park,X4-in-X6,X3-of-X4,X1-obj-X3,",Incorrect partial DRS,null,null
65,Which is the nationality of the creator of Candle in a Vortex of Water?," X1-be-is-null,X2-which-Which-null,X5-Candle-Candle-null,X7-Water-Water-null,X6-Vortex-Vortex-a,X4-creator-creator-the,X3-nationality-nationality-the, X1-subj-X2,X5-has_name-Candle,X4-of-X5,X7-has_name-Water,X6-of-X7,X6-has_name-Vortex,X4-in-X6,X3-of-X4,X1-obj-X3, X1-be-is-null,X2-which-Which-null,X3-nationality-nationality-the,X5-Candle-Candle-null,X7-Water-Water-null,X6-Vortex-Vortex-a,X4-creator-creator-the, X1-subj-X2,X1-obj-X3,X5-has_name-Candle,X4-of-X5,X7-has_name-Water,X6-of-X7,X6-has_name-Vortex,X4-in-X6,X1-obl_of-X4, X1-be-is-null,X2-which-Which-null,X3-nationality-nationality-the,X6-Water-Water-null,X5-Vortex-Vortex-a,X4-creator-creator-the,X7-Candle-Candle-null, X1-subj-X2,X1-obj-X3,X6-has_name-Water,X5-of-X6,X5-has_name-Vortex,X4-in-X5,X1-obl_of-X4,X7-has_name-Candle,X1-obl_of-X7, X1-be-is-null,X2-which-Which-null,X3-nationality-nationality-the,X4-creator-creator-the,X5-Candle-Candle-null,X7-Water-Water-null,X6-Vortex-Vortex-a, X1-subj-X2,X1-obj-X3,X1-obl_of-X4,X5-has_name-Candle,X1-obl_of-X5,X7-has_name-Water,X6-of-X7,X6-has_name-Vortex,X1-obl_in-X6, X1-be-is-null,X2-which-Which-null,X3-nationality-nationality-the,X5-Vortex-Vortex-a,X6-Water-Water-null,X4-creator-creator-the,X7-Candle-Candle-null, X1-subj-X2,X1-obj-X3,X5-has_name-Vortex,X4-in-X5,X6-has_name-Water,X4-of-X6,X1-obl_of-X4,X7-has_name-Candle,X1-obl_of-X7, X1-be-is-null,X2-which-Which-null,X3-nationality-nationality-the,X5-Candle-Candle-null,X4-creator-creator-the,X7-Water-Water-null,X6-Vortex-Vortex-a, X1-subj-X2,X1-obj-X3,X5-has_name-Candle,X4-of-X5,X1-obl_of-X4,X7-has_name-Water,X6-of-X7,X6-has_name-Vortex,X1-obl_in-X6, X1-be-is-null,X2-which-Which-null,X3-nationality-nationality-the,X5-Candle-Candle-null,X6-Vortex-Vortex-a,X7-Water-Water-null,X4-creator-creator-the, X1-subj-X2,X1-obj-X3,X5-has_name-Candle,X4-of-X5,X6-has_name-Vortex,X4-in-X6,X7-has_name-Water,X4-of-X7,X1-obl_of-X4, X1-be-is-null,X2-which-Which-null,X6-Water-Water-null,X5-Vortex-Vortex-a,X4-creator-creator-the,X7-Candle-Candle-null,X3-nationality-nationality-the, X1-subj-X2,X6-has_name-Water,X5-of-X6,X5-has_name-Vortex,X4-in-X5,X3-of-X4,X7-has_name-Candle,X3-of-X7,X1-obj-X3, X1-be-is-null,X2-which-Which-null,X4-Candle-Candle-null,X3-nationality-nationality-the,X7-Water-Water-null,X6-Vortex-Vortex-a,X5-creator-creator-the, X1-subj-X2,X4-has_name-Candle,X3-of-X4,X1-obj-X3,X7-has_name-Water,X6-of-X7,X6-has_name-Vortex,X5-in-X6,X1-obl_of-X5, X1-be-is-null,X2-which-Which-null,X6-Water-Water-null,X5-Vortex-Vortex-a,X4-creator-creator-the,X3-nationality-nationality-the,X7-Candle-Candle-null, X1-subj-X2,X6-has_name-Water,X5-of-X6,X5-has_name-Vortex,X4-in-X5,X3-of-X4,X1-obj-X3,X7-has_name-Candle,X1-obl_of-X7, X1-be-is-null,X2-which-Which-null,X4-creator-creator-the,X5-Candle-Candle-null,X7-Water-Water-null,X6-Vortex-Vortex-a,X3-nationality-nationality-the, X1-subj-X2,X3-of-X4,X5-has_name-Candle,X3-of-X5,X7-has_name-Water,X6-of-X7,X6-has_name-Vortex,X3-in-X6,X1-obj-X3, X1-be-is-null,X2-which-Which-null,X5-Vortex-Vortex-a,X6-Water-Water-null,X4-creator-creator-the,X7-Candle-Candle-null,X3-nationality-nationality-the, X1-subj-X2,X5-has_name-Vortex,X4-in-X5,X6-has_name-Water,X4-of-X6,X3-of-X4,X7-has_name-Candle,X3-of-X7,X1-obj-X3, X1-be-is-null,X2-which-Which-null,X5-Candle-Candle-null,X4-creator-creator-the,X7-Water-Water-null,X6-Vortex-Vortex-a,X3-nationality-nationality-the, X1-subj-X2,X5-has_name-Candle,X4-of-X5,X3-of-X4,X7-has_name-Water,X6-of-X7,X6-has_name-Vortex,X3-in-X6,X1-obj-X3, X1-be-is-null,X2-which-Which-null,X5-Candle-Candle-null,X6-Vortex-Vortex-a,X7-Water-Water-null,X4-creator-creator-the,X3-nationality-nationality-the, X1-subj-X2,X5-has_name-Candle,X4-of-X5,X6-has_name-Vortex,X4-in-X6,X7-has_name-Water,X4-of-X7,X3-of-X4,X1-obj-X3,",Incorrect partial DRS,null,null
66,Which is the nationality of the creator of Captain Charles McKnight?," X1-be-is-null,X2-which-Which-null,X5-Captain Charles McKnight-Captain-null,X4-creator-creator-the,X3-nationality-nationality-the, X1-subj-X2,X5-has_name-Captain Charles McKnight,X4-of-X5,X3-of-X4,X1-obj-X3, X1-be-is-null,X2-which-Which-null,X3-nationality-nationality-the,X5-Captain Charles McKnight-Captain-null,X4-creator-creator-the, X1-subj-X2,X1-obj-X3,X5-has_name-Captain Charles McKnight,X4-of-X5,X1-obl_of-X4, X1-be-is-null,X2-which-Which-null,X3-nationality-nationality-the,X4-creator-creator-the,X5-Captain Charles McKnight-Captain-null, X1-subj-X2,X1-obj-X3,X1-obl_of-X4,X5-has_name-Captain Charles McKnight,X1-obl_of-X5, X1-be-is-null,X2-which-Which-null,X4-creator-creator-the,X5-Captain Charles McKnight-Captain-null,X3-nationality-nationality-the, X1-subj-X2,X3-of-X4,X5-has_name-Captain Charles McKnight,X3-of-X5,X1-obj-X3, X1-be-is-null,X2-which-Which-null,X4-Captain Charles McKnight-Captain-null,X3-nationality-nationality-the,X5-creator-creator-the, X1-subj-X2,X4-has_name-Captain Charles McKnight,X3-of-X4,X1-obj-X3,X1-obl_of-X5, X1-be-is-null,X2-which-Which-null,X4-creator-creator-the,X3-nationality-nationality-the,X5-Captain Charles McKnight-Captain-null, X1-subj-X2,X3-of-X4,X1-obj-X3,X5-has_name-Captain Charles McKnight,X1-obl_of-X5,","Drs [
 tokens=[],
 dEntities=[
DEntity(X1, be, is, VERB, null, false, Query1, Query), 
DEntity(X2, which, Which, PRON, null, false, Qualifier2, Qualifier), 
DEntity(X5, Captain Charles McKnight, Captain, PROPN, null, false, Artefact3, Artefact), 
DEntity(X4, creator, creator, NOUN, the, false, Artist4, Artist), 
DEntity(X3, nationality, nationality, NOUN, the, false, ConceptArtist5, ConceptArtist)],
 dConditions=[
DCondition(X1, subj, X2, propriedades= [qQualifier] --- []), 
DCondition(X5, has_name, Captain Charles McKnight, propriedades= [] --- [has_name, has_text, who]), 
DCondition(X4, of, X5, propriedades= [author_of] --- []), 
DCondition(X3, of, X4, propriedades= [conc_of_Artist] --- []), 
DCondition(X1, obj, X3, propriedades= [select] --- []), 
DCondition(X1, has_text, be, propriedades= [] --- [has_name, has_text, who]), 
DCondition(X2, has_text, which, propriedades= [] --- [has_name, has_text, who]), 
DCondition(X5, has_text, Captain Charles McKnight, propriedades= [] --- [has_name, has_text, who]), 
DCondition(X4, has_text, creator, propriedades= [] --- [has_name, has_text, who]), 
DCondition(X3, has_text, nationality, propriedades= [] --- [has_name, has_text, who]), 
DCondition(X2, has_name, null list, propriedades= [] --- [has_name, has_text, who]), 
DCondition(X1, obj, X2, propriedades= [qQualifier] --- [])]
 solu��es = []
 numeroFrase = 0
 numHasNames = 2
 numIndividuals = 5
 numEntitiesOk = 10
 numIsClass = 0
 numPropsOk = 5
 numEntitiesNOk = 0
 numClassesOk = 4]"," PREFIX rdf: <http://www.w3.org/1999/02/22-rdf-syntax-ns#> PREFIX xsd: <http://www.w3.org/2001/XMLSchema#> PREFIX rdfs: <http://www.w3.org/2000/01/rdf-schema#> PREFIX cidoc: <http://www.cidoc-crm.org/cidoc-crm/> SELECT  DISTINCT  ?snameConceptArtist5 ?ConceptArtist5 ?snameArtefact3 ?Artefact3 WHERE { {{?Artefact3 cidoc:P131_is_identified_by ?nameArtefact3 . ?nameArtefact3 rdf:value ?snameArtefact3 .}  UNION {?Artefact3 rdfs:label ?snameArtefact3 .}}  filter(regex(?snameArtefact3,""Captain Charles McKnight"",""i"")) . ?prod cidoc:P14_carried_out_by ?Artist4 . ?Artefact3 cidoc:P108i_was_produced_by ?prod . ?Artist4 rdfs:label ?snameArtist4 . ?Artist4 cidoc:P107i_is_current_or_former_member_of ?ConceptArtist5. ?ConceptArtist5 rdfs:label ?snameConceptArtist5. }",true
67,"Which is the nationality of the creator of Caral, Supe Valley, Peru?"," X1-be-is-null,X2-which-Which-null,X6-Supe Valley-Supe Valley-null,X7-Peru-Peru-null,X5-Caral-Caral-null,X4-creator-creator-the,X3-nationality-nationality-the, X1-subj-X2,X6-has_name-Supe Valley,X7-has_name-Peru,X4-of-X6,X5-has_name-Caral,X4-of-X5,X3-of-X4,X1-obj-X3, X1-be-is-null,X2-which-Which-null,X3-nationality-nationality-the,X6-Supe Valley-Supe Valley-null,X7-Peru-Peru-null,X5-Caral-Caral-null,X4-creator-creator-the, X1-subj-X2,X1-obj-X3,X6-has_name-Supe Valley,X7-has_name-Peru,X4-of-X6,X5-has_name-Caral,X4-of-X5,X1-obl_of-X4, X1-be-is-null,X2-which-Which-null,X3-nationality-nationality-the,X4-creator-creator-the,X6-Supe Valley-Supe Valley-null,X7-Peru-Peru-null,X5-Caral-Caral-null, X1-subj-X2,X1-obj-X3,X1-obl_of-X4,X6-has_name-Supe Valley,X7-has_name-Peru,X1-obl_of-X6,X5-has_name-Caral,X1-obl_of-X5, X1-be-is-null,X2-which-Which-null,X4-creator-creator-the,X6-Supe Valley-Supe Valley-null,X7-Peru-Peru-null,X5-Caral-Caral-null,X3-nationality-nationality-the, X1-subj-X2,X3-of-X4,X6-has_name-Supe Valley,X7-has_name-Peru,X3-of-X6,X5-has_name-Caral,X3-of-X5,X1-obj-X3, X1-be-is-null,X2-which-Which-null,X5-Supe Valley-Supe Valley-null,X6-Peru-Peru-null,X4-Caral-Caral-null,X3-nationality-nationality-the,X7-creator-creator-the, X1-subj-X2,X5-has_name-Supe Valley,X6-has_name-Peru,X3-of-X5,X4-has_name-Caral,X3-of-X4,X1-obj-X3,X1-obl_of-X7, X1-be-is-null,X2-which-Which-null,X4-creator-creator-the,X3-nationality-nationality-the,X6-Supe Valley-Supe Valley-null,X7-Peru-Peru-null,X5-Caral-Caral-null, X1-subj-X2,X3-of-X4,X1-obj-X3,X6-has_name-Supe Valley,X7-has_name-Peru,X1-obl_of-X6,X5-has_name-Caral,X1-obl_of-X5,",Incorrect partial DRS,null,null
68,"Which is the nationality of the creator of Carillon Tower, Chicago Fair?"," X1-be-is-null,X2-which-Which-null,X6-Chicago Fair-Chicago Fair-null,X5-Carillon Tower-Carillon Tower-null,X4-creator-creator-the,X3-nationality-nationality-the, X1-subj-X2,X6-has_name-Chicago Fair,X5-rel-X6,X5-has_name-Carillon Tower,X4-of-X5,X3-of-X4,X1-obj-X3, X1-be-is-null,X2-which-Which-null,X3-nationality-nationality-the,X6-Chicago Fair-Chicago Fair-null,X5-Carillon Tower-Carillon Tower-null,X4-creator-creator-the, X1-subj-X2,X1-obj-X3,X6-has_name-Chicago Fair,X5-rel-X6,X5-has_name-Carillon Tower,X4-of-X5,X1-obl_of-X4, X1-be-is-null,X2-which-Which-null,X3-nationality-nationality-the,X4-creator-creator-the,X6-Chicago Fair-Chicago Fair-null,X5-Carillon Tower-Carillon Tower-null, X1-subj-X2,X1-obj-X3,X1-obl_of-X4,X6-has_name-Chicago Fair,X5-rel-X6,X5-has_name-Carillon Tower,X1-obl_of-X5, X1-be-is-null,X2-which-Which-null,X4-creator-creator-the,X6-Chicago Fair-Chicago Fair-null,X5-Carillon Tower-Carillon Tower-null,X3-nationality-nationality-the, X1-subj-X2,X3-of-X4,X6-has_name-Chicago Fair,X5-rel-X6,X5-has_name-Carillon Tower,X3-of-X5,X1-obj-X3, X1-be-is-null,X2-which-Which-null,X5-Chicago Fair-Chicago Fair-null,X4-Carillon Tower-Carillon Tower-null,X3-nationality-nationality-the,X6-creator-creator-the, X1-subj-X2,X5-has_name-Chicago Fair,X4-rel-X5,X4-has_name-Carillon Tower,X3-of-X4,X1-obj-X3,X1-obl_of-X6, X1-be-is-null,X2-which-Which-null,X4-creator-creator-the,X3-nationality-nationality-the,X6-Chicago Fair-Chicago Fair-null,X5-Carillon Tower-Carillon Tower-null, X1-subj-X2,X3-of-X4,X1-obj-X3,X6-has_name-Chicago Fair,X5-rel-X6,X5-has_name-Carillon Tower,X1-obl_of-X5,",Incorrect partial DRS,null,null
69,Which is the nationality of the creator of Cast of Characters?," X1-be-is-null,X2-which-Which-null,X6-character-Characters-null,X5-cast-Cast-null,X4-creator-creator-the,X3-nationality-nationality-the, X1-subj-X2,X6-has_name-character,X5-of-X6,X5-has_name-cast,X4-of-X5,X3-of-X4,X1-obj-X3, X1-be-is-null,X2-which-Which-null,X3-nationality-nationality-the,X6-character-Characters-null,X5-cast-Cast-null,X4-creator-creator-the, X1-subj-X2,X1-obj-X3,X6-has_name-character,X5-of-X6,X5-has_name-cast,X4-of-X5,X1-obl_of-X4, X1-be-is-null,X2-which-Which-null,X3-nationality-nationality-the,X4-creator-creator-the,X6-character-Characters-null,X5-cast-Cast-null, X1-subj-X2,X1-obj-X3,X1-obl_of-X4,X6-has_name-character,X5-of-X6,X5-has_name-cast,X1-obl_of-X5, X1-be-is-null,X2-which-Which-null,X3-nationality-nationality-the,X4-creator-creator-the,X5-cast-Cast-null,X6-character-Characters-null, X1-subj-X2,X1-obj-X3,X1-obl_of-X4,X5-has_name-cast,X1-obl_of-X5,X6-has_name-character,X1-obl_of-X6, X1-be-is-null,X2-which-Which-null,X3-nationality-nationality-the,X5-cast-Cast-null,X6-character-Characters-null,X4-creator-creator-the, X1-subj-X2,X1-obj-X3,X5-has_name-cast,X4-of-X5,X6-has_name-character,X4-of-X6,X1-obl_of-X4, X1-be-is-null,X2-which-Which-null,X4-creator-creator-the,X6-character-Characters-null,X5-cast-Cast-null,X3-nationality-nationality-the, X1-subj-X2,X3-of-X4,X6-has_name-character,X5-of-X6,X5-has_name-cast,X3-of-X5,X1-obj-X3, X1-be-is-null,X2-which-Which-null,X5-character-Characters-null,X4-cast-Cast-null,X3-nationality-nationality-the,X6-creator-creator-the, X1-subj-X2,X5-has_name-character,X4-of-X5,X4-has_name-cast,X3-of-X4,X1-obj-X3,X1-obl_of-X6, X1-be-is-null,X2-which-Which-null,X4-creator-creator-the,X3-nationality-nationality-the,X6-character-Characters-null,X5-cast-Cast-null, X1-subj-X2,X3-of-X4,X1-obj-X3,X6-has_name-character,X5-of-X6,X5-has_name-cast,X1-obl_of-X5, X1-be-is-null,X2-which-Which-null,X4-creator-creator-the,X5-cast-Cast-null,X6-character-Characters-null,X3-nationality-nationality-the, X1-subj-X2,X3-of-X4,X5-has_name-cast,X3-of-X5,X6-has_name-character,X3-of-X6,X1-obj-X3, X1-be-is-null,X2-which-Which-null,X5-cast-Cast-null,X6-character-Characters-null,X4-creator-creator-the,X3-nationality-nationality-the, X1-subj-X2,X5-has_name-cast,X4-of-X5,X6-has_name-character,X4-of-X6,X3-of-X4,X1-obj-X3,",Incorrect partial DRS,null,null
70,"Which is the nationality of the creator of Castle Rock, Marblehead?"," X1-be-is-null,X2-which-Which-null,X5-Castle Rock-Castle-null,X4-creator-creator-the,X3-nationality-nationality-the, X1-subj-X2,X5-has_name-Marblehead,X5-has_name-Castle Rock,X4-of-X5,X3-of-X4,X1-obj-X3, X1-be-is-null,X2-which-Which-null,X3-nationality-nationality-the,X5-Castle Rock-Castle-null,X4-creator-creator-the, X1-subj-X2,X1-obj-X3,X5-has_name-Marblehead,X5-has_name-Castle Rock,X4-of-X5,X1-obl_of-X4, X1-be-is-null,X2-which-Which-null,X3-nationality-nationality-the,X4-creator-creator-the,X5-Castle Rock-Castle-null, X1-subj-X2,X1-obj-X3,X1-obl_of-X4,X5-has_name-Marblehead,X5-has_name-Castle Rock,X1-obl_of-X5, X1-be-is-null,X2-which-Which-null,X4-creator-creator-the,X5-Castle Rock-Castle-null,X3-nationality-nationality-the, X1-subj-X2,X3-of-X4,X5-has_name-Marblehead,X5-has_name-Castle Rock,X3-of-X5,X1-obj-X3, X1-be-is-null,X2-which-Which-null,X4-Castle Rock-Castle-null,X3-nationality-nationality-the,X5-creator-creator-the, X1-subj-X2,X4-has_name-Marblehead,X4-has_name-Castle Rock,X3-of-X4,X1-obj-X3,X1-obl_of-X5, X1-be-is-null,X2-which-Which-null,X4-creator-creator-the,X3-nationality-nationality-the,X5-Castle Rock-Castle-null, X1-subj-X2,X3-of-X4,X1-obj-X3,X5-has_name-Marblehead,X5-has_name-Castle Rock,X1-obl_of-X5, X1-be-is-null,X2-which-Which-null,X6-Marblehead-Marblehead-null,X5-Castle Rock-Castle-null,X4-creator-creator-the,X3-nationality-nationality-the, X1-subj-X2,X6-has_name-Marblehead,X5-rel-X6,X5-has_name-Castle Rock,X4-of-X5,X3-of-X4,X1-obj-X3, X1-be-is-null,X2-which-Which-null,X3-nationality-nationality-the,X6-Marblehead-Marblehead-null,X5-Castle Rock-Castle-null,X4-creator-creator-the, X1-subj-X2,X1-obj-X3,X6-has_name-Marblehead,X5-rel-X6,X5-has_name-Castle Rock,X4-of-X5,X1-obl_of-X4, X1-be-is-null,X2-which-Which-null,X3-nationality-nationality-the,X4-creator-creator-the,X6-Marblehead-Marblehead-null,X5-Castle Rock-Castle-null, X1-subj-X2,X1-obj-X3,X1-obl_of-X4,X6-has_name-Marblehead,X5-rel-X6,X5-has_name-Castle Rock,X1-obl_of-X5, X1-be-is-null,X2-which-Which-null,X4-creator-creator-the,X6-Marblehead-Marblehead-null,X5-Castle Rock-Castle-null,X3-nationality-nationality-the, X1-subj-X2,X3-of-X4,X6-has_name-Marblehead,X5-rel-X6,X5-has_name-Castle Rock,X3-of-X5,X1-obj-X3, X1-be-is-null,X2-which-Which-null,X5-Marblehead-Marblehead-null,X4-Castle Rock-Castle-null,X3-nationality-nationality-the,X6-creator-creator-the, X1-subj-X2,X5-has_name-Marblehead,X4-rel-X5,X4-has_name-Castle Rock,X3-of-X4,X1-obj-X3,X1-obl_of-X6, X1-be-is-null,X2-which-Which-null,X4-creator-creator-the,X3-nationality-nationality-the,X6-Marblehead-Marblehead-null,X5-Castle Rock-Castle-null, X1-subj-X2,X3-of-X4,X1-obj-X3,X6-has_name-Marblehead,X5-rel-X6,X5-has_name-Castle Rock,X1-obl_of-X5,",Incorrect partial DRS,null,null
71,Which is the nationality of the creator of Cat on a Chair?," X1-be-is-null,X2-which-Which-null,X6-chair-Chair-a,X5-cat-Cat-null,X4-creator-creator-the,X3-nationality-nationality-the, X1-subj-X2,X5-on-X6,X4-of-X5,X3-of-X4,X1-obj-X3, X1-be-is-null,X2-which-Which-null,X3-nationality-nationality-the,X6-chair-Chair-a,X5-cat-Cat-null,X4-creator-creator-the, X1-subj-X2,X1-obj-X3,X5-on-X6,X4-of-X5,X1-obl_of-X4, X1-be-is-null,X2-which-Which-null,X3-nationality-nationality-the,X4-creator-creator-the,X6-chair-Chair-a,X5-cat-Cat-null, X1-subj-X2,X1-obj-X3,X1-obl_of-X4,X5-on-X6,X1-obl_of-X5, X1-be-is-null,X2-which-Which-null,X3-nationality-nationality-the,X4-creator-creator-the,X5-cat-Cat-null,X6-chair-Chair-a, X1-subj-X2,X1-obj-X3,X1-obl_of-X4,X1-obl_of-X5,X1-obl_on-X6, X1-be-is-null,X2-which-Which-null,X3-nationality-nationality-the,X5-cat-Cat-null,X6-chair-Chair-a,X4-creator-creator-the, X1-subj-X2,X1-obj-X3,X4-of-X5,X4-on-X6,X1-obl_of-X4, X1-be-is-null,X2-which-Which-null,X4-creator-creator-the,X6-chair-Chair-a,X5-cat-Cat-null,X3-nationality-nationality-the, X1-subj-X2,X3-of-X4,X5-on-X6,X3-of-X5,X1-obj-X3, X1-be-is-null,X2-which-Which-null,X5-chair-Chair-a,X4-cat-Cat-null,X3-nationality-nationality-the,X6-creator-creator-the, X1-subj-X2,X4-on-X5,X3-of-X4,X1-obj-X3,X1-obl_of-X6, X1-be-is-null,X2-which-Which-null,X4-creator-creator-the,X3-nationality-nationality-the,X6-chair-Chair-a,X5-cat-Cat-null, X1-subj-X2,X3-of-X4,X1-obj-X3,X5-on-X6,X1-obl_of-X5, X1-be-is-null,X2-which-Which-null,X4-creator-creator-the,X5-cat-Cat-null,X6-chair-Chair-a,X3-nationality-nationality-the, X1-subj-X2,X3-of-X4,X3-of-X5,X3-on-X6,X1-obj-X3, X1-be-is-null,X2-which-Which-null,X5-cat-Cat-null,X6-chair-Chair-a,X4-creator-creator-the,X3-nationality-nationality-the, X1-subj-X2,X4-of-X5,X4-on-X6,X3-of-X4,X1-obj-X3,",Incorrect partial DRS,null,null
72,Which is the nationality of the creator of Celestial Muse of Ping Pong?," X1-be-is-null,X2-which-Which-null,X6-Ping Pong-Ping Pong-null,X5-Muse-Muse-null,X4-creator-creator-the,X3-nationality-nationality-the, X1-subj-X2,X6-has_name-Ping Pong,X5-of-X6,X5-celestial-true,X5-has_name-Muse,X4-of-X5,X3-of-X4,X1-obj-X3, X1-be-is-null,X2-which-Which-null,X6-Ping Pong-Ping Pong-null,X5-Muse-Muse-null,X4-creator-creator-the,X3-nationality-nationality-the, X1-subj-X2,X6-has_name-Ping Pong,X5-of-X6,X5-has_name-Celestial,X5-has_name-Muse,X4-of-X5,X3-of-X4,X1-obj-X3, X1-be-is-null,X2-which-Which-null,X6-Ping Pong-Ping Pong-null,X5-Celestial Muse-Celestial Muse-null,X4-creator-creator-the,X3-nationality-nationality-the, X1-subj-X2,X6-has_name-Ping Pong,X5-of-X6,X5-has_name-Celestial Muse,X4-of-X5,X3-of-X4,X1-obj-X3, X1-be-is-null,X2-which-Which-null,X3-nationality-nationality-the,X6-Ping Pong-Ping Pong-null,X5-Muse-Muse-null,X4-creator-creator-the, X1-subj-X2,X1-obj-X3,X6-has_name-Ping Pong,X5-of-X6,X5-celestial-true,X5-has_name-Muse,X4-of-X5,X1-obl_of-X4, X1-be-is-null,X2-which-Which-null,X3-nationality-nationality-the,X6-Ping Pong-Ping Pong-null,X5-Muse-Muse-null,X4-creator-creator-the, X1-subj-X2,X1-obj-X3,X6-has_name-Ping Pong,X5-of-X6,X5-has_name-Celestial,X5-has_name-Muse,X4-of-X5,X1-obl_of-X4, X1-be-is-null,X2-which-Which-null,X3-nationality-nationality-the,X6-Ping Pong-Ping Pong-null,X5-Celestial Muse-Celestial Muse-null,X4-creator-creator-the, X1-subj-X2,X1-obj-X3,X6-has_name-Ping Pong,X5-of-X6,X5-has_name-Celestial Muse,X4-of-X5,X1-obl_of-X4, X1-be-is-null,X2-which-Which-null,X3-nationality-nationality-the,X4-creator-creator-the,X6-Ping Pong-Ping Pong-null,X5-Muse-Muse-null, X1-subj-X2,X1-obj-X3,X1-obl_of-X4,X6-has_name-Ping Pong,X5-of-X6,X5-celestial-true,X5-has_name-Muse,X1-obl_of-X5, X1-be-is-null,X2-which-Which-null,X3-nationality-nationality-the,X4-creator-creator-the,X6-Ping Pong-Ping Pong-null,X5-Muse-Muse-null, X1-subj-X2,X1-obj-X3,X1-obl_of-X4,X6-has_name-Ping Pong,X5-of-X6,X5-has_name-Celestial,X5-has_name-Muse,X1-obl_of-X5, X1-be-is-null,X2-which-Which-null,X3-nationality-nationality-the,X4-creator-creator-the,X6-Ping Pong-Ping Pong-null,X5-Celestial Muse-Celestial Muse-null, X1-subj-X2,X1-obj-X3,X1-obl_of-X4,X6-has_name-Ping Pong,X5-of-X6,X5-has_name-Celestial Muse,X1-obl_of-X5, X1-be-is-null,X2-which-Which-null,X3-nationality-nationality-the,X4-creator-creator-the,X5-Muse-Muse-null,X6-Ping Pong-Ping Pong-null, X1-subj-X2,X1-obj-X3,X1-obl_of-X4,X5-celestial-true,X5-has_name-Muse,X1-obl_of-X5,X6-has_name-Ping Pong,X1-obl_of-X6, X1-be-is-null,X2-which-Which-null,X3-nationality-nationality-the,X4-creator-creator-the,X5-Muse-Muse-null,X6-Ping Pong-Ping Pong-null, X1-subj-X2,X1-obj-X3,X1-obl_of-X4,X5-has_name-Celestial,X5-has_name-Muse,X1-obl_of-X5,X6-has_name-Ping Pong,X1-obl_of-X6, X1-be-is-null,X2-which-Which-null,X3-nationality-nationality-the,X4-creator-creator-the,X5-Celestial Muse-Celestial Muse-null,X6-Ping Pong-Ping Pong-null, X1-subj-X2,X1-obj-X3,X1-obl_of-X4,X5-has_name-Celestial Muse,X1-obl_of-X5,X6-has_name-Ping Pong,X1-obl_of-X6, X1-be-is-null,X2-which-Which-null,X3-nationality-nationality-the,X5-Muse-Muse-null,X6-Ping Pong-Ping Pong-null,X4-creator-creator-the, X1-subj-X2,X1-obj-X3,X5-celestial-true,X5-has_name-Muse,X4-of-X5,X6-has_name-Ping Pong,X4-of-X6,X1-obl_of-X4, X1-be-is-null,X2-which-Which-null,X3-nationality-nationality-the,X5-Muse-Muse-null,X6-Ping Pong-Ping Pong-null,X4-creator-creator-the, X1-subj-X2,X1-obj-X3,X5-has_name-Celestial,X5-has_name-Muse,X4-of-X5,X6-has_name-Ping Pong,X4-of-X6,X1-obl_of-X4, X1-be-is-null,X2-which-Which-null,X3-nationality-nationality-the,X5-Celestial Muse-Celestial Muse-null,X6-Ping Pong-Ping Pong-null,X4-creator-creator-the, X1-subj-X2,X1-obj-X3,X5-has_name-Celestial Muse,X4-of-X5,X6-has_name-Ping Pong,X4-of-X6,X1-obl_of-X4, X1-be-is-null,X2-which-Which-null,X4-creator-creator-the,X6-Ping Pong-Ping Pong-null,X5-Muse-Muse-null,X3-nationality-nationality-the, X1-subj-X2,X3-of-X4,X6-has_name-Ping Pong,X5-of-X6,X5-celestial-true,X5-has_name-Muse,X3-of-X5,X1-obj-X3, X1-be-is-null,X2-which-Which-null,X4-creator-creator-the,X6-Ping Pong-Ping Pong-null,X5-Muse-Muse-null,X3-nationality-nationality-the, X1-subj-X2,X3-of-X4,X6-has_name-Ping Pong,X5-of-X6,X5-has_name-Celestial,X5-has_name-Muse,X3-of-X5,X1-obj-X3, X1-be-is-null,X2-which-Which-null,X4-creator-creator-the,X6-Ping Pong-Ping Pong-null,X5-Celestial Muse-Celestial Muse-null,X3-nationality-nationality-the, X1-subj-X2,X3-of-X4,X6-has_name-Ping Pong,X5-of-X6,X5-has_name-Celestial Muse,X3-of-X5,X1-obj-X3, X1-be-is-null,X2-which-Which-null,X5-Ping Pong-Ping Pong-null,X4-Muse-Muse-null,X3-nationality-nationality-the,X6-creator-creator-the, X1-subj-X2,X5-has_name-Ping Pong,X4-of-X5,X4-celestial-true,X4-has_name-Muse,X3-of-X4,X1-obj-X3,X1-obl_of-X6, X1-be-is-null,X2-which-Which-null,X5-Ping Pong-Ping Pong-null,X4-Muse-Muse-null,X3-nationality-nationality-the,X6-creator-creator-the, X1-subj-X2,X5-has_name-Ping Pong,X4-of-X5,X4-has_name-Celestial,X4-has_name-Muse,X3-of-X4,X1-obj-X3,X1-obl_of-X6, X1-be-is-null,X2-which-Which-null,X5-Ping Pong-Ping Pong-null,X4-Celestial Muse-Celestial Muse-null,X3-nationality-nationality-the,X6-creator-creator-the, X1-subj-X2,X5-has_name-Ping Pong,X4-of-X5,X4-has_name-Celestial Muse,X3-of-X4,X1-obj-X3,X1-obl_of-X6, X1-be-is-null,X2-which-Which-null,X4-creator-creator-the,X3-nationality-nationality-the,X6-Ping Pong-Ping Pong-null,X5-Muse-Muse-null, X1-subj-X2,X3-of-X4,X1-obj-X3,X6-has_name-Ping Pong,X5-of-X6,X5-celestial-true,X5-has_name-Muse,X1-obl_of-X5, X1-be-is-null,X2-which-Which-null,X4-creator-creator-the,X3-nationality-nationality-the,X6-Ping Pong-Ping Pong-null,X5-Muse-Muse-null, X1-subj-X2,X3-of-X4,X1-obj-X3,X6-has_name-Ping Pong,X5-of-X6,X5-has_name-Celestial,X5-has_name-Muse,X1-obl_of-X5, X1-be-is-null,X2-which-Which-null,X4-creator-creator-the,X3-nationality-nationality-the,X6-Ping Pong-Ping Pong-null,X5-Celestial Muse-Celestial Muse-null, X1-subj-X2,X3-of-X4,X1-obj-X3,X6-has_name-Ping Pong,X5-of-X6,X5-has_name-Celestial Muse,X1-obl_of-X5, X1-be-is-null,X2-which-Which-null,X4-creator-creator-the,X5-Muse-Muse-null,X6-Ping Pong-Ping Pong-null,X3-nationality-nationality-the, X1-subj-X2,X3-of-X4,X5-celestial-true,X5-has_name-Muse,X3-of-X5,X6-has_name-Ping Pong,X3-of-X6,X1-obj-X3, X1-be-is-null,X2-which-Which-null,X4-creator-creator-the,X5-Muse-Muse-null,X6-Ping Pong-Ping Pong-null,X3-nationality-nationality-the, X1-subj-X2,X3-of-X4,X5-has_name-Celestial,X5-has_name-Muse,X3-of-X5,X6-has_name-Ping Pong,X3-of-X6,X1-obj-X3, X1-be-is-null,X2-which-Which-null,X4-creator-creator-the,X5-Celestial Muse-Celestial Muse-null,X6-Ping Pong-Ping Pong-null,X3-nationality-nationality-the, X1-subj-X2,X3-of-X4,X5-has_name-Celestial Muse,X3-of-X5,X6-has_name-Ping Pong,X3-of-X6,X1-obj-X3, X1-be-is-null,X2-which-Which-null,X5-Muse-Muse-null,X6-Ping Pong-Ping Pong-null,X4-creator-creator-the,X3-nationality-nationality-the, X1-subj-X2,X5-celestial-true,X5-has_name-Muse,X4-of-X5,X6-has_name-Ping Pong,X4-of-X6,X3-of-X4,X1-obj-X3, X1-be-is-null,X2-which-Which-null,X5-Muse-Muse-null,X6-Ping Pong-Ping Pong-null,X4-creator-creator-the,X3-nationality-nationality-the, X1-subj-X2,X5-has_name-Celestial,X5-has_name-Muse,X4-of-X5,X6-has_name-Ping Pong,X4-of-X6,X3-of-X4,X1-obj-X3, X1-be-is-null,X2-which-Which-null,X5-Celestial Muse-Celestial Muse-null,X6-Ping Pong-Ping Pong-null,X4-creator-creator-the,X3-nationality-nationality-the, X1-subj-X2,X5-has_name-Celestial Muse,X4-of-X5,X6-has_name-Ping Pong,X4-of-X6,X3-of-X4,X1-obj-X3,",Incorrect partial DRS,null,null
73,Which is the nationality of the creator of Cement Mixer?," X1-be-is-null,X2-which-Which-null,X5-Cement Mixer-Cement Mixer-null,X4-creator-creator-the,X3-nationality-nationality-the, X1-subj-X2,X5-has_name-Cement Mixer,X4-of-X5,X3-of-X4,X1-obj-X3, X1-be-is-null,X2-which-Which-null,X3-nationality-nationality-the,X5-Cement Mixer-Cement Mixer-null,X4-creator-creator-the, X1-subj-X2,X1-obj-X3,X5-has_name-Cement Mixer,X4-of-X5,X1-obl_of-X4, X1-be-is-null,X2-which-Which-null,X3-nationality-nationality-the,X4-creator-creator-the,X5-Cement Mixer-Cement Mixer-null, X1-subj-X2,X1-obj-X3,X1-obl_of-X4,X5-has_name-Cement Mixer,X1-obl_of-X5, X1-be-is-null,X2-which-Which-null,X4-creator-creator-the,X5-Cement Mixer-Cement Mixer-null,X3-nationality-nationality-the, X1-subj-X2,X3-of-X4,X5-has_name-Cement Mixer,X3-of-X5,X1-obj-X3, X1-be-is-null,X2-which-Which-null,X4-Cement Mixer-Cement Mixer-null,X3-nationality-nationality-the,X5-creator-creator-the, X1-subj-X2,X4-has_name-Cement Mixer,X3-of-X4,X1-obj-X3,X1-obl_of-X5, X1-be-is-null,X2-which-Which-null,X4-creator-creator-the,X3-nationality-nationality-the,X5-Cement Mixer-Cement Mixer-null, X1-subj-X2,X3-of-X4,X1-obj-X3,X5-has_name-Cement Mixer,X1-obl_of-X5,","Drs [
 tokens=[],
 dEntities=[
DEntity(X1, be, is, VERB, null, false, Query1, Query), 
DEntity(X2, which, Which, PRON, null, false, Qualifier2, Qualifier), 
DEntity(X5, Cement Mixer, Cement Mixer, PROPN, null, false, Artefact3, Artefact), 
DEntity(X4, creator, creator, NOUN, the, false, Artist4, Artist), 
DEntity(X3, nationality, nationality, NOUN, the, false, ConceptArtist5, ConceptArtist)],
 dConditions=[
DCondition(X1, subj, X2, propriedades= [qQualifier] --- []), 
DCondition(X5, has_name, Cement Mixer, propriedades= [] --- [has_name, has_text, who]), 
DCondition(X4, of, X5, propriedades= [author_of] --- []), 
DCondition(X3, of, X4, propriedades= [conc_of_Artist] --- []), 
DCondition(X1, obj, X3, propriedades= [select] --- []), 
DCondition(X1, has_text, be, propriedades= [] --- [has_name, has_text, who]), 
DCondition(X2, has_text, which, propriedades= [] --- [has_name, has_text, who]), 
DCondition(X5, has_text, Cement Mixer, propriedades= [] --- [has_name, has_text, who]), 
DCondition(X4, has_text, creator, propriedades= [] --- [has_name, has_text, who]), 
DCondition(X3, has_text, nationality, propriedades= [] --- [has_name, has_text, who]), 
DCondition(X2, has_name, null list, propriedades= [] --- [has_name, has_text, who]), 
DCondition(X1, obj, X2, propriedades= [qQualifier] --- [])]
 solu��es = []
 numeroFrase = 0
 numHasNames = 2
 numIndividuals = 5
 numEntitiesOk = 10
 numIsClass = 0
 numPropsOk = 5
 numEntitiesNOk = 0
 numClassesOk = 4]"," PREFIX rdf: <http://www.w3.org/1999/02/22-rdf-syntax-ns#> PREFIX xsd: <http://www.w3.org/2001/XMLSchema#> PREFIX rdfs: <http://www.w3.org/2000/01/rdf-schema#> PREFIX cidoc: <http://www.cidoc-crm.org/cidoc-crm/> SELECT  DISTINCT  ?snameConceptArtist5 ?ConceptArtist5 ?snameArtefact3 ?Artefact3 WHERE { {{?Artefact3 cidoc:P131_is_identified_by ?nameArtefact3 . ?nameArtefact3 rdf:value ?snameArtefact3 .}  UNION {?Artefact3 rdfs:label ?snameArtefact3 .}}  filter(regex(?snameArtefact3,""Cement Mixer"",""i"")) . ?prod cidoc:P14_carried_out_by ?Artist4 . ?Artefact3 cidoc:P108i_was_produced_by ?prod . ?Artist4 rdfs:label ?snameArtist4 . ?Artist4 cidoc:P107i_is_current_or_former_member_of ?ConceptArtist5. ?ConceptArtist5 rdfs:label ?snameConceptArtist5. }",true
74,Which is the nationality of the creator of Centerpiece Compote?," X1-be-is-null,X2-which-Which-null,X5-Centerpiece compote-Centerpiece Compote-null,X4-creator-creator-the,X3-nationality-nationality-the, X1-subj-X2,X4-of-X5,X3-of-X4,X1-obj-X3, X1-be-is-null,X2-which-Which-null,X3-nationality-nationality-the,X5-Centerpiece compote-Centerpiece Compote-null,X4-creator-creator-the, X1-subj-X2,X1-obj-X3,X4-of-X5,X1-obl_of-X4, X1-be-is-null,X2-which-Which-null,X3-nationality-nationality-the,X4-creator-creator-the,X5-Centerpiece compote-Centerpiece Compote-null, X1-subj-X2,X1-obj-X3,X1-obl_of-X4,X1-obl_of-X5, X1-be-is-null,X2-which-Which-null,X4-creator-creator-the,X5-Centerpiece compote-Centerpiece Compote-null,X3-nationality-nationality-the, X1-subj-X2,X3-of-X4,X3-of-X5,X1-obj-X3, X1-be-is-null,X2-which-Which-null,X4-Centerpiece compote-Centerpiece Compote-null,X3-nationality-nationality-the,X5-creator-creator-the, X1-subj-X2,X3-of-X4,X1-obj-X3,X1-obl_of-X5, X1-be-is-null,X2-which-Which-null,X4-creator-creator-the,X3-nationality-nationality-the,X5-Centerpiece compote-Centerpiece Compote-null, X1-subj-X2,X3-of-X4,X1-obj-X3,X1-obl_of-X5,",Incorrect partial DRS,null,null
75,Which is the nationality of the creator of Chalets by Jostedal Glacier?," X1-be-is-null,X2-which-Which-null,X6-Jostedal Glacier-Jostedal Glacier-null,X5-Chalet-Chalets-null,X4-creator-creator-the,X3-nationality-nationality-the, X1-subj-X2,X6-has_name-Jostedal Glacier,X5-by-X6,X5-has_name-Chalet,X4-of-X5,X3-of-X4,X1-obj-X3, X1-be-is-null,X2-which-Which-null,X3-nationality-nationality-the,X6-Jostedal Glacier-Jostedal Glacier-null,X5-Chalet-Chalets-null,X4-creator-creator-the, X1-subj-X2,X1-obj-X3,X6-has_name-Jostedal Glacier,X5-by-X6,X5-has_name-Chalet,X4-of-X5,X1-obl_of-X4, X1-be-is-null,X2-which-Which-null,X3-nationality-nationality-the,X4-creator-creator-the,X6-Jostedal Glacier-Jostedal Glacier-null,X5-Chalet-Chalets-null, X1-subj-X2,X1-obj-X3,X1-obl_of-X4,X6-has_name-Jostedal Glacier,X5-by-X6,X5-has_name-Chalet,X1-obl_of-X5, X1-be-is-null,X2-which-Which-null,X3-nationality-nationality-the,X4-creator-creator-the,X5-Chalet-Chalets-null,X6-Jostedal Glacier-Jostedal Glacier-null, X1-subj-X2,X1-obj-X3,X1-obl_of-X4,X5-has_name-Chalet,X1-obl_of-X5,X6-has_name-Jostedal Glacier,X1-obl_by-X6, X1-be-is-null,X2-which-Which-null,X3-nationality-nationality-the,X5-Chalet-Chalets-null,X6-Jostedal Glacier-Jostedal Glacier-null,X4-creator-creator-the, X1-subj-X2,X1-obj-X3,X5-has_name-Chalet,X4-of-X5,X6-has_name-Jostedal Glacier,X4-by-X6,X1-obl_of-X4, X1-be-is-null,X2-which-Which-null,X4-creator-creator-the,X6-Jostedal Glacier-Jostedal Glacier-null,X5-Chalet-Chalets-null,X3-nationality-nationality-the, X1-subj-X2,X3-of-X4,X6-has_name-Jostedal Glacier,X5-by-X6,X5-has_name-Chalet,X3-of-X5,X1-obj-X3, X1-be-is-null,X2-which-Which-null,X5-Jostedal Glacier-Jostedal Glacier-null,X4-Chalet-Chalets-null,X3-nationality-nationality-the,X6-creator-creator-the, X1-subj-X2,X5-has_name-Jostedal Glacier,X4-by-X5,X4-has_name-Chalet,X3-of-X4,X1-obj-X3,X1-obl_of-X6, X1-be-is-null,X2-which-Which-null,X4-creator-creator-the,X3-nationality-nationality-the,X6-Jostedal Glacier-Jostedal Glacier-null,X5-Chalet-Chalets-null, X1-subj-X2,X3-of-X4,X1-obj-X3,X6-has_name-Jostedal Glacier,X5-by-X6,X5-has_name-Chalet,X1-obl_of-X5, X1-be-is-null,X2-which-Which-null,X4-creator-creator-the,X5-Chalet-Chalets-null,X6-Jostedal Glacier-Jostedal Glacier-null,X3-nationality-nationality-the, X1-subj-X2,X3-of-X4,X5-has_name-Chalet,X3-of-X5,X6-has_name-Jostedal Glacier,X3-by-X6,X1-obj-X3, X1-be-is-null,X2-which-Which-null,X5-Chalet-Chalets-null,X6-Jostedal Glacier-Jostedal Glacier-null,X4-creator-creator-the,X3-nationality-nationality-the, X1-subj-X2,X5-has_name-Chalet,X4-of-X5,X6-has_name-Jostedal Glacier,X4-by-X6,X3-of-X4,X1-obj-X3,",Incorrect partial DRS,null,null
76,Which is the nationality of the creator of Champagne?," X1-be-is-null,X2-which-Which-null,X5-Champagne-Champagne-null,X4-creator-creator-the,X3-nationality-nationality-the, X1-subj-X2,X5-has_name-Champagne,X4-of-X5,X3-of-X4,X1-obj-X3, X1-be-is-null,X2-which-Which-null,X3-nationality-nationality-the,X5-Champagne-Champagne-null,X4-creator-creator-the, X1-subj-X2,X1-obj-X3,X5-has_name-Champagne,X4-of-X5,X1-obl_of-X4, X1-be-is-null,X2-which-Which-null,X3-nationality-nationality-the,X4-creator-creator-the,X5-Champagne-Champagne-null, X1-subj-X2,X1-obj-X3,X1-obl_of-X4,X5-has_name-Champagne,X1-obl_of-X5, X1-be-is-null,X2-which-Which-null,X4-creator-creator-the,X5-Champagne-Champagne-null,X3-nationality-nationality-the, X1-subj-X2,X3-of-X4,X5-has_name-Champagne,X3-of-X5,X1-obj-X3, X1-be-is-null,X2-which-Which-null,X4-Champagne-Champagne-null,X3-nationality-nationality-the,X5-creator-creator-the, X1-subj-X2,X4-has_name-Champagne,X3-of-X4,X1-obj-X3,X1-obl_of-X5, X1-be-is-null,X2-which-Which-null,X4-creator-creator-the,X3-nationality-nationality-the,X5-Champagne-Champagne-null, X1-subj-X2,X3-of-X4,X1-obj-X3,X5-has_name-Champagne,X1-obl_of-X5,","Drs [
 tokens=[],
 dEntities=[
DEntity(X1, be, is, VERB, null, false, Query1, Query), 
DEntity(X2, which, Which, PRON, null, false, Qualifier2, Qualifier), 
DEntity(X5, Champagne, Champagne, PROPN, null, false, Artefact3, Artefact), 
DEntity(X4, creator, creator, NOUN, the, false, Artist4, Artist), 
DEntity(X3, nationality, nationality, NOUN, the, false, ConceptArtist5, ConceptArtist)],
 dConditions=[
DCondition(X1, subj, X2, propriedades= [qQualifier] --- []), 
DCondition(X5, has_name, Champagne, propriedades= [] --- [has_name, has_text, who]), 
DCondition(X4, of, X5, propriedades= [author_of] --- []), 
DCondition(X3, of, X4, propriedades= [conc_of_Artist] --- []), 
DCondition(X1, obj, X3, propriedades= [select] --- []), 
DCondition(X1, has_text, be, propriedades= [] --- [has_name, has_text, who]), 
DCondition(X2, has_text, which, propriedades= [] --- [has_name, has_text, who]), 
DCondition(X5, has_text, Champagne, propriedades= [] --- [has_name, has_text, who]), 
DCondition(X4, has_text, creator, propriedades= [] --- [has_name, has_text, who]), 
DCondition(X3, has_text, nationality, propriedades= [] --- [has_name, has_text, who]), 
DCondition(X2, has_name, null list, propriedades= [] --- [has_name, has_text, who]), 
DCondition(X1, obj, X2, propriedades= [qQualifier] --- [])]
 solu��es = []
 numeroFrase = 0
 numHasNames = 2
 numIndividuals = 5
 numEntitiesOk = 10
 numIsClass = 0
 numPropsOk = 5
 numEntitiesNOk = 0
 numClassesOk = 4]"," PREFIX rdf: <http://www.w3.org/1999/02/22-rdf-syntax-ns#> PREFIX xsd: <http://www.w3.org/2001/XMLSchema#> PREFIX rdfs: <http://www.w3.org/2000/01/rdf-schema#> PREFIX cidoc: <http://www.cidoc-crm.org/cidoc-crm/> SELECT  DISTINCT  ?snameConceptArtist5 ?ConceptArtist5 ?snameArtefact3 ?Artefact3 WHERE { {{?Artefact3 cidoc:P131_is_identified_by ?nameArtefact3 . ?nameArtefact3 rdf:value ?snameArtefact3 .}  UNION {?Artefact3 rdfs:label ?snameArtefact3 .}}  filter(regex(?snameArtefact3,""Champagne"",""i"")) . ?prod cidoc:P14_carried_out_by ?Artist4 . ?Artefact3 cidoc:P108i_was_produced_by ?prod . ?Artist4 rdfs:label ?snameArtist4 . ?Artist4 cidoc:P107i_is_current_or_former_member_of ?ConceptArtist5. ?ConceptArtist5 rdfs:label ?snameConceptArtist5. }",true
77,Which is the nationality of the creator of Charles De Coster?," X1-be-is-null,X2-which-Which-null,X5-Charles De Coster-Charles-null,X4-creator-creator-the,X3-nationality-nationality-the, X1-subj-X2,X5-has_name-Charles De Coster,X4-of-X5,X3-of-X4,X1-obj-X3, X1-be-is-null,X2-which-Which-null,X3-nationality-nationality-the,X5-Charles De Coster-Charles-null,X4-creator-creator-the, X1-subj-X2,X1-obj-X3,X5-has_name-Charles De Coster,X4-of-X5,X1-obl_of-X4, X1-be-is-null,X2-which-Which-null,X3-nationality-nationality-the,X4-creator-creator-the,X5-Charles De Coster-Charles-null, X1-subj-X2,X1-obj-X3,X1-obl_of-X4,X5-has_name-Charles De Coster,X1-obl_of-X5, X1-be-is-null,X2-which-Which-null,X4-creator-creator-the,X5-Charles De Coster-Charles-null,X3-nationality-nationality-the, X1-subj-X2,X3-of-X4,X5-has_name-Charles De Coster,X3-of-X5,X1-obj-X3, X1-be-is-null,X2-which-Which-null,X4-Charles De Coster-Charles-null,X3-nationality-nationality-the,X5-creator-creator-the, X1-subj-X2,X4-has_name-Charles De Coster,X3-of-X4,X1-obj-X3,X1-obl_of-X5, X1-be-is-null,X2-which-Which-null,X4-creator-creator-the,X3-nationality-nationality-the,X5-Charles De Coster-Charles-null, X1-subj-X2,X3-of-X4,X1-obj-X3,X5-has_name-Charles De Coster,X1-obl_of-X5,","Drs [
 tokens=[],
 dEntities=[
DEntity(X1, be, is, VERB, null, false, Query1, Query), 
DEntity(X2, which, Which, PRON, null, false, Qualifier2, Qualifier), 
DEntity(X5, Charles De Coster, Charles, PROPN, null, false, Artefact3, Artefact), 
DEntity(X4, creator, creator, NOUN, the, false, Artist4, Artist), 
DEntity(X3, nationality, nationality, NOUN, the, false, ConceptArtist5, ConceptArtist)],
 dConditions=[
DCondition(X1, subj, X2, propriedades= [qQualifier] --- []), 
DCondition(X5, has_name, Charles De Coster, propriedades= [] --- [has_name, has_text, who]), 
DCondition(X4, of, X5, propriedades= [author_of] --- []), 
DCondition(X3, of, X4, propriedades= [conc_of_Artist] --- []), 
DCondition(X1, obj, X3, propriedades= [select] --- []), 
DCondition(X1, has_text, be, propriedades= [] --- [has_name, has_text, who]), 
DCondition(X2, has_text, which, propriedades= [] --- [has_name, has_text, who]), 
DCondition(X5, has_text, Charles De Coster, propriedades= [] --- [has_name, has_text, who]), 
DCondition(X4, has_text, creator, propriedades= [] --- [has_name, has_text, who]), 
DCondition(X3, has_text, nationality, propriedades= [] --- [has_name, has_text, who]), 
DCondition(X2, has_name, null list, propriedades= [] --- [has_name, has_text, who]), 
DCondition(X1, obj, X2, propriedades= [qQualifier] --- [])]
 solu��es = []
 numeroFrase = 0
 numHasNames = 2
 numIndividuals = 5
 numEntitiesOk = 10
 numIsClass = 0
 numPropsOk = 5
 numEntitiesNOk = 0
 numClassesOk = 4]"," PREFIX rdf: <http://www.w3.org/1999/02/22-rdf-syntax-ns#> PREFIX xsd: <http://www.w3.org/2001/XMLSchema#> PREFIX rdfs: <http://www.w3.org/2000/01/rdf-schema#> PREFIX cidoc: <http://www.cidoc-crm.org/cidoc-crm/> SELECT  DISTINCT  ?snameConceptArtist5 ?ConceptArtist5 ?snameArtefact3 ?Artefact3 WHERE { {{?Artefact3 cidoc:P131_is_identified_by ?nameArtefact3 . ?nameArtefact3 rdf:value ?snameArtefact3 .}  UNION {?Artefact3 rdfs:label ?snameArtefact3 .}}  filter(regex(?snameArtefact3,""Charles De Coster"",""i"")) . ?prod cidoc:P14_carried_out_by ?Artist4 . ?Artefact3 cidoc:P108i_was_produced_by ?prod . ?Artist4 rdfs:label ?snameArtist4 . ?Artist4 cidoc:P107i_is_current_or_former_member_of ?ConceptArtist5. ?ConceptArtist5 rdfs:label ?snameConceptArtist5. }",true
78,Which is the nationality of the creator of Charles White?," X1-be-is-null,X2-which-Which-null,X5-Charles White-Charles-null,X4-creator-creator-the,X3-nationality-nationality-the, X1-subj-X2,X5-has_name-Charles White,X4-of-X5,X3-of-X4,X1-obj-X3, X1-be-is-null,X2-which-Which-null,X3-nationality-nationality-the,X5-Charles White-Charles-null,X4-creator-creator-the, X1-subj-X2,X1-obj-X3,X5-has_name-Charles White,X4-of-X5,X1-obl_of-X4, X1-be-is-null,X2-which-Which-null,X3-nationality-nationality-the,X4-creator-creator-the,X5-Charles White-Charles-null, X1-subj-X2,X1-obj-X3,X1-obl_of-X4,X5-has_name-Charles White,X1-obl_of-X5, X1-be-is-null,X2-which-Which-null,X4-creator-creator-the,X5-Charles White-Charles-null,X3-nationality-nationality-the, X1-subj-X2,X3-of-X4,X5-has_name-Charles White,X3-of-X5,X1-obj-X3, X1-be-is-null,X2-which-Which-null,X4-Charles White-Charles-null,X3-nationality-nationality-the,X5-creator-creator-the, X1-subj-X2,X4-has_name-Charles White,X3-of-X4,X1-obj-X3,X1-obl_of-X5, X1-be-is-null,X2-which-Which-null,X4-creator-creator-the,X3-nationality-nationality-the,X5-Charles White-Charles-null, X1-subj-X2,X3-of-X4,X1-obj-X3,X5-has_name-Charles White,X1-obl_of-X5,","Drs [
 tokens=[],
 dEntities=[
DEntity(X1, be, is, VERB, null, false, Query1, Query), 
DEntity(X2, which, Which, PRON, null, false, Qualifier2, Qualifier), 
DEntity(X5, Charles White, Charles, PROPN, null, false, Artefact3, Artefact), 
DEntity(X4, creator, creator, NOUN, the, false, Artist4, Artist), 
DEntity(X3, nationality, nationality, NOUN, the, false, ConceptArtist5, ConceptArtist)],
 dConditions=[
DCondition(X1, subj, X2, propriedades= [qQualifier] --- []), 
DCondition(X5, has_name, Charles White, propriedades= [] --- [has_name, has_text, who]), 
DCondition(X4, of, X5, propriedades= [author_of] --- []), 
DCondition(X3, of, X4, propriedades= [conc_of_Artist] --- []), 
DCondition(X1, obj, X3, propriedades= [select] --- []), 
DCondition(X1, has_text, be, propriedades= [] --- [has_name, has_text, who]), 
DCondition(X2, has_text, which, propriedades= [] --- [has_name, has_text, who]), 
DCondition(X5, has_text, Charles White, propriedades= [] --- [has_name, has_text, who]), 
DCondition(X4, has_text, creator, propriedades= [] --- [has_name, has_text, who]), 
DCondition(X3, has_text, nationality, propriedades= [] --- [has_name, has_text, who]), 
DCondition(X2, has_name, null list, propriedades= [] --- [has_name, has_text, who]), 
DCondition(X1, obj, X2, propriedades= [qQualifier] --- [])]
 solu��es = []
 numeroFrase = 0
 numHasNames = 2
 numIndividuals = 5
 numEntitiesOk = 10
 numIsClass = 0
 numPropsOk = 5
 numEntitiesNOk = 0
 numClassesOk = 4]"," PREFIX rdf: <http://www.w3.org/1999/02/22-rdf-syntax-ns#> PREFIX xsd: <http://www.w3.org/2001/XMLSchema#> PREFIX rdfs: <http://www.w3.org/2000/01/rdf-schema#> PREFIX cidoc: <http://www.cidoc-crm.org/cidoc-crm/> SELECT  DISTINCT  ?snameConceptArtist5 ?ConceptArtist5 ?snameArtefact3 ?Artefact3 WHERE { {{?Artefact3 cidoc:P131_is_identified_by ?nameArtefact3 . ?nameArtefact3 rdf:value ?snameArtefact3 .}  UNION {?Artefact3 rdfs:label ?snameArtefact3 .}}  filter(regex(?snameArtefact3,""Charles White"",""i"")) . ?prod cidoc:P14_carried_out_by ?Artist4 . ?Artefact3 cidoc:P108i_was_produced_by ?prod . ?Artist4 rdfs:label ?snameArtist4 . ?Artist4 cidoc:P107i_is_current_or_former_member_of ?ConceptArtist5. ?ConceptArtist5 rdfs:label ?snameConceptArtist5. }",true
79,Which is the nationality of the creator of Checkers (ECW)?," X1-be-is-null,X2-which-Which-null,X5-Checkers-Checkers-null,X4-creator-creator-the,X3-nationality-nationality-the, X1-subj-X2,X5-has_name-ECW,X5-has_name-Checkers,X4-of-X5,X3-of-X4,X1-obj-X3, X1-be-is-null,X2-which-Which-null,X3-nationality-nationality-the,X5-Checkers-Checkers-null,X4-creator-creator-the, X1-subj-X2,X1-obj-X3,X5-has_name-ECW,X5-has_name-Checkers,X4-of-X5,X1-obl_of-X4, X1-be-is-null,X2-which-Which-null,X3-nationality-nationality-the,X4-creator-creator-the,X5-Checkers-Checkers-null, X1-subj-X2,X1-obj-X3,X1-obl_of-X4,X5-has_name-ECW,X5-has_name-Checkers,X1-obl_of-X5, X1-be-is-null,X2-which-Which-null,X4-creator-creator-the,X5-Checkers-Checkers-null,X3-nationality-nationality-the, X1-subj-X2,X3-of-X4,X5-has_name-ECW,X5-has_name-Checkers,X3-of-X5,X1-obj-X3, X1-be-is-null,X2-which-Which-null,X4-Checkers-Checkers-null,X3-nationality-nationality-the,X5-creator-creator-the, X1-subj-X2,X4-has_name-ECW,X4-has_name-Checkers,X3-of-X4,X1-obj-X3,X1-obl_of-X5, X1-be-is-null,X2-which-Which-null,X4-creator-creator-the,X3-nationality-nationality-the,X5-Checkers-Checkers-null, X1-subj-X2,X3-of-X4,X1-obj-X3,X5-has_name-ECW,X5-has_name-Checkers,X1-obl_of-X5,","Drs [
 tokens=[],
 dEntities=[
DEntity(X1, be, is, VERB, null, false, Query1, Query), 
DEntity(X2, which, Which, PRON, null, false, Qualifier2, Qualifier), 
DEntity(X5, Checkers, Checkers, PROPN, null, false, Artefact3, Artefact), 
DEntity(X4, creator, creator, NOUN, the, false, Artist4, Artist), 
DEntity(X3, nationality, nationality, NOUN, the, false, ConceptArtist5, ConceptArtist)],
 dConditions=[
DCondition(X1, subj, X2, propriedades= [qQualifier] --- []), 
DCondition(X5, has_name, ECW, propriedades= [] --- [has_name, has_text, who]), 
DCondition(X5, has_name, Checkers, propriedades= [] --- [has_name, has_text, who]), 
DCondition(X4, of, X5, propriedades= [author_of] --- []), 
DCondition(X3, of, X4, propriedades= [conc_of_Artist] --- []), 
DCondition(X1, obj, X3, propriedades= [select] --- []), 
DCondition(X1, has_text, be, propriedades= [] --- [has_name, has_text, who]), 
DCondition(X2, has_text, which, propriedades= [] --- [has_name, has_text, who]), 
DCondition(X5, has_text, Checkers, propriedades= [] --- [has_name, has_text, who]), 
DCondition(X4, has_text, creator, propriedades= [] --- [has_name, has_text, who]), 
DCondition(X3, has_text, nationality, propriedades= [] --- [has_name, has_text, who]), 
DCondition(X2, has_name, null list, propriedades= [] --- [has_name, has_text, who]), 
DCondition(X1, obj, X2, propriedades= [qQualifier] --- [])]
 solu��es = []
 numeroFrase = 0
 numHasNames = 3
 numIndividuals = 5
 numEntitiesOk = 10
 numIsClass = 0
 numPropsOk = 5
 numEntitiesNOk = 0
 numClassesOk = 4]"," PREFIX rdf: <http://www.w3.org/1999/02/22-rdf-syntax-ns#> PREFIX xsd: <http://www.w3.org/2001/XMLSchema#> PREFIX rdfs: <http://www.w3.org/2000/01/rdf-schema#> PREFIX cidoc: <http://www.cidoc-crm.org/cidoc-crm/> SELECT  DISTINCT  ?snameConceptArtist5 ?ConceptArtist5 ?snameArtefact3 ?Artefact3 WHERE { {{?Artefact3 cidoc:P131_is_identified_by ?nameArtefact3 . ?nameArtefact3 rdf:value ?snameArtefact3 .}  UNION {?Artefact3 rdfs:label ?snameArtefact3 .}}  filter(regex(?snameArtefact3,""ECW"",""i"")) . {{?Artefact3 cidoc:P131_is_identified_by ?nameArtefact3 . ?nameArtefact3 rdf:value ?snameArtefact3 .}  UNION {?Artefact3 rdfs:label ?snameArtefact3 .}}  filter(regex(?snameArtefact3,""Checkers"",""i"")) . ?prod cidoc:P14_carried_out_by ?Artist4 . ?Artefact3 cidoc:P108i_was_produced_by ?prod . ?Artist4 rdfs:label ?snameArtist4 . ?Artist4 cidoc:P107i_is_current_or_former_member_of ?ConceptArtist5. ?ConceptArtist5 rdfs:label ?snameConceptArtist5. }",true
80,Which is the nationality of the creator of Child Reading?," X1-be-is-null,X2-which-Which-null,X5-Child Reading-Child Reading-null,X4-creator-creator-the,X3-nationality-nationality-the, X1-subj-X2,X5-has_name-Child Reading,X4-of-X5,X3-of-X4,X1-obj-X3, X1-be-is-null,X2-which-Which-null,X3-nationality-nationality-the,X5-Child Reading-Child Reading-null,X4-creator-creator-the, X1-subj-X2,X1-obj-X3,X5-has_name-Child Reading,X4-of-X5,X1-obl_of-X4, X1-be-is-null,X2-which-Which-null,X3-nationality-nationality-the,X4-creator-creator-the,X5-Child Reading-Child Reading-null, X1-subj-X2,X1-obj-X3,X1-obl_of-X4,X5-has_name-Child Reading,X1-obl_of-X5, X1-be-is-null,X2-which-Which-null,X4-creator-creator-the,X5-Child Reading-Child Reading-null,X3-nationality-nationality-the, X1-subj-X2,X3-of-X4,X5-has_name-Child Reading,X3-of-X5,X1-obj-X3, X1-be-is-null,X2-which-Which-null,X4-Child Reading-Child Reading-null,X3-nationality-nationality-the,X5-creator-creator-the, X1-subj-X2,X4-has_name-Child Reading,X3-of-X4,X1-obj-X3,X1-obl_of-X5, X1-be-is-null,X2-which-Which-null,X4-creator-creator-the,X3-nationality-nationality-the,X5-Child Reading-Child Reading-null, X1-subj-X2,X3-of-X4,X1-obj-X3,X5-has_name-Child Reading,X1-obl_of-X5,","Drs [
 tokens=[],
 dEntities=[
DEntity(X1, be, is, VERB, null, false, Query1, Query), 
DEntity(X2, which, Which, PRON, null, false, Qualifier2, Qualifier), 
DEntity(X5, Child Reading, Child Reading, PROPN, null, false, Artefact3, Artefact), 
DEntity(X4, creator, creator, NOUN, the, false, Artist4, Artist), 
DEntity(X3, nationality, nationality, NOUN, the, false, ConceptArtist5, ConceptArtist)],
 dConditions=[
DCondition(X1, subj, X2, propriedades= [qQualifier] --- []), 
DCondition(X5, has_name, Child Reading, propriedades= [] --- [has_name, has_text, who]), 
DCondition(X4, of, X5, propriedades= [author_of] --- []), 
DCondition(X3, of, X4, propriedades= [conc_of_Artist] --- []), 
DCondition(X1, obj, X3, propriedades= [select] --- []), 
DCondition(X1, has_text, be, propriedades= [] --- [has_name, has_text, who]), 
DCondition(X2, has_text, which, propriedades= [] --- [has_name, has_text, who]), 
DCondition(X5, has_text, Child Reading, propriedades= [] --- [has_name, has_text, who]), 
DCondition(X4, has_text, creator, propriedades= [] --- [has_name, has_text, who]), 
DCondition(X3, has_text, nationality, propriedades= [] --- [has_name, has_text, who]), 
DCondition(X2, has_name, null list, propriedades= [] --- [has_name, has_text, who]), 
DCondition(X1, obj, X2, propriedades= [qQualifier] --- [])]
 solu��es = []
 numeroFrase = 0
 numHasNames = 2
 numIndividuals = 5
 numEntitiesOk = 10
 numIsClass = 0
 numPropsOk = 5
 numEntitiesNOk = 0
 numClassesOk = 4]"," PREFIX rdf: <http://www.w3.org/1999/02/22-rdf-syntax-ns#> PREFIX xsd: <http://www.w3.org/2001/XMLSchema#> PREFIX rdfs: <http://www.w3.org/2000/01/rdf-schema#> PREFIX cidoc: <http://www.cidoc-crm.org/cidoc-crm/> SELECT  DISTINCT  ?snameConceptArtist5 ?ConceptArtist5 ?snameArtefact3 ?Artefact3 WHERE { {{?Artefact3 cidoc:P131_is_identified_by ?nameArtefact3 . ?nameArtefact3 rdf:value ?snameArtefact3 .}  UNION {?Artefact3 rdfs:label ?snameArtefact3 .}}  filter(regex(?snameArtefact3,""Child Reading"",""i"")) . ?prod cidoc:P14_carried_out_by ?Artist4 . ?Artefact3 cidoc:P108i_was_produced_by ?prod . ?Artist4 rdfs:label ?snameArtist4 . ?Artist4 cidoc:P107i_is_current_or_former_member_of ?ConceptArtist5. ?ConceptArtist5 rdfs:label ?snameConceptArtist5. }",true
81,Which is the nationality of the creator of Child with Snails?," X1-be-is-null,X2-which-Which-null,X5-child-Child-null,X6-Snail-Snails-null,X4-creator-creator-the,X3-nationality-nationality-the, X1-subj-X2,X4-of-X5,X6-has_name-Snail,X4-with-X6,X3-of-X4,X1-obj-X3, X1-be-is-null,X2-which-Which-null,X3-nationality-nationality-the,X5-child-Child-null,X6-Snail-Snails-null,X4-creator-creator-the, X1-subj-X2,X1-obj-X3,X4-of-X5,X6-has_name-Snail,X4-with-X6,X1-obl_of-X4, X1-be-is-null,X2-which-Which-null,X3-nationality-nationality-the,X5-Snail-Snails-null,X4-creator-creator-the,X6-child-Child-null, X1-subj-X2,X1-obj-X3,X5-has_name-Snail,X4-with-X5,X1-obl_of-X4,X1-obl_of-X6, X1-be-is-null,X2-which-Which-null,X3-nationality-nationality-the,X4-creator-creator-the,X5-child-Child-null,X6-Snail-Snails-null, X1-subj-X2,X1-obj-X3,X1-obl_of-X4,X1-obl_of-X5,X6-has_name-Snail,X1-obl_with-X6, X1-be-is-null,X2-which-Which-null,X3-nationality-nationality-the,X5-child-Child-null,X4-creator-creator-the,X6-Snail-Snails-null, X1-subj-X2,X1-obj-X3,X4-of-X5,X1-obl_of-X4,X6-has_name-Snail,X1-obl_with-X6, X1-be-is-null,X2-which-Which-null,X5-Snail-Snails-null,X4-creator-creator-the,X6-child-Child-null,X3-nationality-nationality-the, X1-subj-X2,X5-has_name-Snail,X4-with-X5,X3-of-X4,X3-of-X6,X1-obj-X3, X1-be-is-null,X2-which-Which-null,X4-child-Child-null,X3-nationality-nationality-the,X6-Snail-Snails-null,X5-creator-creator-the, X1-subj-X2,X3-of-X4,X1-obj-X3,X6-has_name-Snail,X5-with-X6,X1-obl_of-X5, X1-be-is-null,X2-which-Which-null,X5-Snail-Snails-null,X4-creator-creator-the,X3-nationality-nationality-the,X6-child-Child-null, X1-subj-X2,X5-has_name-Snail,X4-with-X5,X3-of-X4,X1-obj-X3,X1-obl_of-X6, X1-be-is-null,X2-which-Which-null,X4-creator-creator-the,X5-child-Child-null,X6-Snail-Snails-null,X3-nationality-nationality-the, X1-subj-X2,X3-of-X4,X3-of-X5,X6-has_name-Snail,X3-with-X6,X1-obj-X3, X1-be-is-null,X2-which-Which-null,X5-child-Child-null,X4-creator-creator-the,X6-Snail-Snails-null,X3-nationality-nationality-the, X1-subj-X2,X4-of-X5,X3-of-X4,X6-has_name-Snail,X3-with-X6,X1-obj-X3,",Incorrect partial DRS,null,null
82,Which is the nationality of the creator of Choir Boy?," X1-be-is-null,X2-which-Which-null,X5-Choir Boy-Choir Boy-null,X4-creator-creator-the,X3-nationality-nationality-the, X1-subj-X2,X5-has_name-Choir Boy,X4-of-X5,X3-of-X4,X1-obj-X3, X1-be-is-null,X2-which-Which-null,X3-nationality-nationality-the,X5-Choir Boy-Choir Boy-null,X4-creator-creator-the, X1-subj-X2,X1-obj-X3,X5-has_name-Choir Boy,X4-of-X5,X1-obl_of-X4, X1-be-is-null,X2-which-Which-null,X3-nationality-nationality-the,X4-creator-creator-the,X5-Choir Boy-Choir Boy-null, X1-subj-X2,X1-obj-X3,X1-obl_of-X4,X5-has_name-Choir Boy,X1-obl_of-X5, X1-be-is-null,X2-which-Which-null,X4-creator-creator-the,X5-Choir Boy-Choir Boy-null,X3-nationality-nationality-the, X1-subj-X2,X3-of-X4,X5-has_name-Choir Boy,X3-of-X5,X1-obj-X3, X1-be-is-null,X2-which-Which-null,X4-Choir Boy-Choir Boy-null,X3-nationality-nationality-the,X5-creator-creator-the, X1-subj-X2,X4-has_name-Choir Boy,X3-of-X4,X1-obj-X3,X1-obl_of-X5, X1-be-is-null,X2-which-Which-null,X4-creator-creator-the,X3-nationality-nationality-the,X5-Choir Boy-Choir Boy-null, X1-subj-X2,X3-of-X4,X1-obj-X3,X5-has_name-Choir Boy,X1-obl_of-X5,","Drs [
 tokens=[],
 dEntities=[
DEntity(X1, be, is, VERB, null, false, Query1, Query), 
DEntity(X2, which, Which, PRON, null, false, Qualifier2, Qualifier), 
DEntity(X5, Choir Boy, Choir Boy, PROPN, null, false, Artefact3, Artefact), 
DEntity(X4, creator, creator, NOUN, the, false, Artist4, Artist), 
DEntity(X3, nationality, nationality, NOUN, the, false, ConceptArtist5, ConceptArtist)],
 dConditions=[
DCondition(X1, subj, X2, propriedades= [qQualifier] --- []), 
DCondition(X5, has_name, Choir Boy, propriedades= [] --- [has_name, has_text, who]), 
DCondition(X4, of, X5, propriedades= [author_of] --- []), 
DCondition(X3, of, X4, propriedades= [conc_of_Artist] --- []), 
DCondition(X1, obj, X3, propriedades= [select] --- []), 
DCondition(X1, has_text, be, propriedades= [] --- [has_name, has_text, who]), 
DCondition(X2, has_text, which, propriedades= [] --- [has_name, has_text, who]), 
DCondition(X5, has_text, Choir Boy, propriedades= [] --- [has_name, has_text, who]), 
DCondition(X4, has_text, creator, propriedades= [] --- [has_name, has_text, who]), 
DCondition(X3, has_text, nationality, propriedades= [] --- [has_name, has_text, who]), 
DCondition(X2, has_name, null list, propriedades= [] --- [has_name, has_text, who]), 
DCondition(X1, obj, X2, propriedades= [qQualifier] --- [])]
 solu��es = []
 numeroFrase = 0
 numHasNames = 2
 numIndividuals = 5
 numEntitiesOk = 10
 numIsClass = 0
 numPropsOk = 5
 numEntitiesNOk = 0
 numClassesOk = 4]"," PREFIX rdf: <http://www.w3.org/1999/02/22-rdf-syntax-ns#> PREFIX xsd: <http://www.w3.org/2001/XMLSchema#> PREFIX rdfs: <http://www.w3.org/2000/01/rdf-schema#> PREFIX cidoc: <http://www.cidoc-crm.org/cidoc-crm/> SELECT  DISTINCT  ?snameConceptArtist5 ?ConceptArtist5 ?snameArtefact3 ?Artefact3 WHERE { {{?Artefact3 cidoc:P131_is_identified_by ?nameArtefact3 . ?nameArtefact3 rdf:value ?snameArtefact3 .}  UNION {?Artefact3 rdfs:label ?snameArtefact3 .}}  filter(regex(?snameArtefact3,""Choir Boy"",""i"")) . ?prod cidoc:P14_carried_out_by ?Artist4 . ?Artefact3 cidoc:P108i_was_produced_by ?prod . ?Artist4 rdfs:label ?snameArtist4 . ?Artist4 cidoc:P107i_is_current_or_former_member_of ?ConceptArtist5. ?ConceptArtist5 rdfs:label ?snameConceptArtist5. }",true
83,Which is the nationality of the creator of Christ and the Pharisees?," X1-be-is-null,X2-which-Which-null,X6-Pharisee-Pharisees-the,X5-Christ-Christ-null,X4-creator-creator-the,X3-nationality-nationality-the, X1-subj-X2,X6-has_name-Pharisee,X4-of-X6,X5-has_name-Christ,X4-of-X5,X3-of-X4,X1-obj-X3, X1-be-is-null,X2-which-Which-null,X3-nationality-nationality-the,X6-Pharisee-Pharisees-the,X5-Christ-Christ-null,X4-creator-creator-the, X1-subj-X2,X1-obj-X3,X6-has_name-Pharisee,X4-of-X6,X5-has_name-Christ,X4-of-X5,X1-obl_of-X4, X1-be-is-null,X2-which-Which-null,X3-nationality-nationality-the,X4-creator-creator-the,X6-Pharisee-Pharisees-the,X5-Christ-Christ-null, X1-subj-X2,X1-obj-X3,X1-obl_of-X4,X6-has_name-Pharisee,X1-obl_of-X6,X5-has_name-Christ,X1-obl_of-X5, X1-be-is-null,X2-which-Which-null,X4-creator-creator-the,X6-Pharisee-Pharisees-the,X5-Christ-Christ-null,X3-nationality-nationality-the, X1-subj-X2,X3-of-X4,X6-has_name-Pharisee,X3-of-X6,X5-has_name-Christ,X3-of-X5,X1-obj-X3, X1-be-is-null,X2-which-Which-null,X5-Pharisee-Pharisees-the,X4-Christ-Christ-null,X3-nationality-nationality-the,X6-creator-creator-the, X1-subj-X2,X5-has_name-Pharisee,X3-of-X5,X4-has_name-Christ,X3-of-X4,X1-obj-X3,X1-obl_of-X6, X1-be-is-null,X2-which-Which-null,X4-creator-creator-the,X3-nationality-nationality-the,X6-Pharisee-Pharisees-the,X5-Christ-Christ-null, X1-subj-X2,X3-of-X4,X1-obj-X3,X6-has_name-Pharisee,X1-obl_of-X6,X5-has_name-Christ,X1-obl_of-X5,",Incorrect partial DRS,null,null
84,Which is the nationality of the creator of Christ at Emmaus?," X1-be-is-null,X2-which-Which-null,X5-Christ-Christ-null,X6-Emmaus-Emmaus-null,X4-creator-creator-the,X3-nationality-nationality-the, X1-subj-X2,X5-has_name-Christ,X4-of-X5,X6-has_name-Emmaus,X4-at-X6,X3-of-X4,X1-obj-X3, X1-be-is-null,X2-which-Which-null,X3-nationality-nationality-the,X5-Christ-Christ-null,X6-Emmaus-Emmaus-null,X4-creator-creator-the, X1-subj-X2,X1-obj-X3,X5-has_name-Christ,X4-of-X5,X6-has_name-Emmaus,X4-at-X6,X1-obl_of-X4, X1-be-is-null,X2-which-Which-null,X3-nationality-nationality-the,X5-Emmaus-Emmaus-null,X4-creator-creator-the,X6-Christ-Christ-null, X1-subj-X2,X1-obj-X3,X5-has_name-Emmaus,X4-at-X5,X1-obl_of-X4,X6-has_name-Christ,X1-obl_of-X6, X1-be-is-null,X2-which-Which-null,X3-nationality-nationality-the,X4-creator-creator-the,X5-Christ-Christ-null,X6-Emmaus-Emmaus-null, X1-subj-X2,X1-obj-X3,X1-obl_of-X4,X5-has_name-Christ,X1-obl_of-X5,X6-has_name-Emmaus,X1-obl_at-X6, X1-be-is-null,X2-which-Which-null,X3-nationality-nationality-the,X5-Christ-Christ-null,X4-creator-creator-the,X6-Emmaus-Emmaus-null, X1-subj-X2,X1-obj-X3,X5-has_name-Christ,X4-of-X5,X1-obl_of-X4,X6-has_name-Emmaus,X1-obl_at-X6, X1-be-is-null,X2-which-Which-null,X5-Emmaus-Emmaus-null,X4-creator-creator-the,X6-Christ-Christ-null,X3-nationality-nationality-the, X1-subj-X2,X5-has_name-Emmaus,X4-at-X5,X3-of-X4,X6-has_name-Christ,X3-of-X6,X1-obj-X3, X1-be-is-null,X2-which-Which-null,X4-Christ-Christ-null,X3-nationality-nationality-the,X6-Emmaus-Emmaus-null,X5-creator-creator-the, X1-subj-X2,X4-has_name-Christ,X3-of-X4,X1-obj-X3,X6-has_name-Emmaus,X5-at-X6,X1-obl_of-X5, X1-be-is-null,X2-which-Which-null,X5-Emmaus-Emmaus-null,X4-creator-creator-the,X3-nationality-nationality-the,X6-Christ-Christ-null, X1-subj-X2,X5-has_name-Emmaus,X4-at-X5,X3-of-X4,X1-obj-X3,X6-has_name-Christ,X1-obl_of-X6, X1-be-is-null,X2-which-Which-null,X4-creator-creator-the,X5-Christ-Christ-null,X6-Emmaus-Emmaus-null,X3-nationality-nationality-the, X1-subj-X2,X3-of-X4,X5-has_name-Christ,X3-of-X5,X6-has_name-Emmaus,X3-at-X6,X1-obj-X3, X1-be-is-null,X2-which-Which-null,X5-Christ-Christ-null,X4-creator-creator-the,X6-Emmaus-Emmaus-null,X3-nationality-nationality-the, X1-subj-X2,X5-has_name-Christ,X4-of-X5,X3-of-X4,X6-has_name-Emmaus,X3-at-X6,X1-obj-X3,",Incorrect partial DRS,null,null
85,Which is the nationality of the creator of Christmas Greens?," X1-be-is-null,X2-which-Which-null,X5-Christmas Greens-Christmas Greens-null,X4-creator-creator-the,X3-nationality-nationality-the, X1-subj-X2,X5-has_name-Christmas Greens,X4-of-X5,X3-of-X4,X1-obj-X3, X1-be-is-null,X2-which-Which-null,X3-nationality-nationality-the,X5-Christmas Greens-Christmas Greens-null,X4-creator-creator-the, X1-subj-X2,X1-obj-X3,X5-has_name-Christmas Greens,X4-of-X5,X1-obl_of-X4, X1-be-is-null,X2-which-Which-null,X3-nationality-nationality-the,X4-creator-creator-the,X5-Christmas Greens-Christmas Greens-null, X1-subj-X2,X1-obj-X3,X1-obl_of-X4,X5-has_name-Christmas Greens,X1-obl_of-X5, X1-be-is-null,X2-which-Which-null,X4-creator-creator-the,X5-Christmas Greens-Christmas Greens-null,X3-nationality-nationality-the, X1-subj-X2,X3-of-X4,X5-has_name-Christmas Greens,X3-of-X5,X1-obj-X3, X1-be-is-null,X2-which-Which-null,X4-Christmas Greens-Christmas Greens-null,X3-nationality-nationality-the,X5-creator-creator-the, X1-subj-X2,X4-has_name-Christmas Greens,X3-of-X4,X1-obj-X3,X1-obl_of-X5, X1-be-is-null,X2-which-Which-null,X4-creator-creator-the,X3-nationality-nationality-the,X5-Christmas Greens-Christmas Greens-null, X1-subj-X2,X3-of-X4,X1-obj-X3,X5-has_name-Christmas Greens,X1-obl_of-X5,","Drs [
 tokens=[],
 dEntities=[
DEntity(X1, be, is, VERB, null, false, Query1, Query), 
DEntity(X2, which, Which, PRON, null, false, Qualifier2, Qualifier), 
DEntity(X5, Christmas Greens, Christmas Greens, PROPN, null, false, Artefact3, Artefact), 
DEntity(X4, creator, creator, NOUN, the, false, Artist4, Artist), 
DEntity(X3, nationality, nationality, NOUN, the, false, ConceptArtist5, ConceptArtist)],
 dConditions=[
DCondition(X1, subj, X2, propriedades= [qQualifier] --- []), 
DCondition(X5, has_name, Christmas Greens, propriedades= [] --- [has_name, has_text, who]), 
DCondition(X4, of, X5, propriedades= [author_of] --- []), 
DCondition(X3, of, X4, propriedades= [conc_of_Artist] --- []), 
DCondition(X1, obj, X3, propriedades= [select] --- []), 
DCondition(X1, has_text, be, propriedades= [] --- [has_name, has_text, who]), 
DCondition(X2, has_text, which, propriedades= [] --- [has_name, has_text, who]), 
DCondition(X5, has_text, Christmas Greens, propriedades= [] --- [has_name, has_text, who]), 
DCondition(X4, has_text, creator, propriedades= [] --- [has_name, has_text, who]), 
DCondition(X3, has_text, nationality, propriedades= [] --- [has_name, has_text, who]), 
DCondition(X2, has_name, null list, propriedades= [] --- [has_name, has_text, who]), 
DCondition(X1, obj, X2, propriedades= [qQualifier] --- [])]
 solu��es = []
 numeroFrase = 0
 numHasNames = 2
 numIndividuals = 5
 numEntitiesOk = 10
 numIsClass = 0
 numPropsOk = 5
 numEntitiesNOk = 0
 numClassesOk = 4]"," PREFIX rdf: <http://www.w3.org/1999/02/22-rdf-syntax-ns#> PREFIX xsd: <http://www.w3.org/2001/XMLSchema#> PREFIX rdfs: <http://www.w3.org/2000/01/rdf-schema#> PREFIX cidoc: <http://www.cidoc-crm.org/cidoc-crm/> SELECT  DISTINCT  ?snameConceptArtist5 ?ConceptArtist5 ?snameArtefact3 ?Artefact3 WHERE { {{?Artefact3 cidoc:P131_is_identified_by ?nameArtefact3 . ?nameArtefact3 rdf:value ?snameArtefact3 .}  UNION {?Artefact3 rdfs:label ?snameArtefact3 .}}  filter(regex(?snameArtefact3,""Christmas Greens"",""i"")) . ?prod cidoc:P14_carried_out_by ?Artist4 . ?Artefact3 cidoc:P108i_was_produced_by ?prod . ?Artist4 rdfs:label ?snameArtist4 . ?Artist4 cidoc:P107i_is_current_or_former_member_of ?ConceptArtist5. ?ConceptArtist5 rdfs:label ?snameConceptArtist5. }",true
86,Which is the nationality of the creator of Christmas Greeting Card?,,Incorrect Stanza Parsing,null,null
87,"Which is the nationality of the creator of Church, Eton?"," X1-be-is-null,X2-which-Which-null,X5-Church-Church-null,X4-creator-creator-the,X3-nationality-nationality-the, X1-subj-X2,X5-has_name-Eton,X5-has_name-Church,X4-of-X5,X3-of-X4,X1-obj-X3, X1-be-is-null,X2-which-Which-null,X3-nationality-nationality-the,X5-Church-Church-null,X4-creator-creator-the, X1-subj-X2,X1-obj-X3,X5-has_name-Eton,X5-has_name-Church,X4-of-X5,X1-obl_of-X4, X1-be-is-null,X2-which-Which-null,X3-nationality-nationality-the,X4-creator-creator-the,X5-Church-Church-null, X1-subj-X2,X1-obj-X3,X1-obl_of-X4,X5-has_name-Eton,X5-has_name-Church,X1-obl_of-X5, X1-be-is-null,X2-which-Which-null,X4-creator-creator-the,X5-Church-Church-null,X3-nationality-nationality-the, X1-subj-X2,X3-of-X4,X5-has_name-Eton,X5-has_name-Church,X3-of-X5,X1-obj-X3, X1-be-is-null,X2-which-Which-null,X4-Church-Church-null,X3-nationality-nationality-the,X5-creator-creator-the, X1-subj-X2,X4-has_name-Eton,X4-has_name-Church,X3-of-X4,X1-obj-X3,X1-obl_of-X5, X1-be-is-null,X2-which-Which-null,X4-creator-creator-the,X3-nationality-nationality-the,X5-Church-Church-null, X1-subj-X2,X3-of-X4,X1-obj-X3,X5-has_name-Eton,X5-has_name-Church,X1-obl_of-X5,","Drs [
 tokens=[],
 dEntities=[
DEntity(X1, be, is, VERB, null, false, Query1, Query), 
DEntity(X2, which, Which, PRON, null, false, Qualifier2, Qualifier), 
DEntity(X5, Church, Church, PROPN, null, false, Artefact3, Artefact), 
DEntity(X4, creator, creator, NOUN, the, false, Artist4, Artist), 
DEntity(X3, nationality, nationality, NOUN, the, false, ConceptArtist5, ConceptArtist)],
 dConditions=[
DCondition(X1, subj, X2, propriedades= [qQualifier] --- []), 
DCondition(X5, has_name, Eton, propriedades= [] --- [has_name, has_text, who]), 
DCondition(X5, has_name, Church, propriedades= [] --- [has_name, has_text, who]), 
DCondition(X4, of, X5, propriedades= [author_of] --- []), 
DCondition(X3, of, X4, propriedades= [conc_of_Artist] --- []), 
DCondition(X1, obj, X3, propriedades= [select] --- []), 
DCondition(X1, has_text, be, propriedades= [] --- [has_name, has_text, who]), 
DCondition(X2, has_text, which, propriedades= [] --- [has_name, has_text, who]), 
DCondition(X5, has_text, Church, propriedades= [] --- [has_name, has_text, who]), 
DCondition(X4, has_text, creator, propriedades= [] --- [has_name, has_text, who]), 
DCondition(X3, has_text, nationality, propriedades= [] --- [has_name, has_text, who]), 
DCondition(X2, has_name, null list, propriedades= [] --- [has_name, has_text, who]), 
DCondition(X1, obj, X2, propriedades= [qQualifier] --- [])]
 solu��es = []
 numeroFrase = 0
 numHasNames = 3
 numIndividuals = 5
 numEntitiesOk = 10
 numIsClass = 0
 numPropsOk = 5
 numEntitiesNOk = 0
 numClassesOk = 4]"," PREFIX rdf: <http://www.w3.org/1999/02/22-rdf-syntax-ns#> PREFIX xsd: <http://www.w3.org/2001/XMLSchema#> PREFIX rdfs: <http://www.w3.org/2000/01/rdf-schema#> PREFIX cidoc: <http://www.cidoc-crm.org/cidoc-crm/> SELECT  DISTINCT  ?snameConceptArtist5 ?ConceptArtist5 ?snameArtefact3 ?Artefact3 WHERE { {{?Artefact3 cidoc:P131_is_identified_by ?nameArtefact3 . ?nameArtefact3 rdf:value ?snameArtefact3 .}  UNION {?Artefact3 rdfs:label ?snameArtefact3 .}}  filter(regex(?snameArtefact3,""Church"",""i"")) . {{?Artefact3 cidoc:P131_is_identified_by ?nameArtefact3 . ?nameArtefact3 rdf:value ?snameArtefact3 .}  UNION {?Artefact3 rdfs:label ?snameArtefact3 .}}  filter(regex(?snameArtefact3,""Eton"",""i"")) . ?prod cidoc:P14_carried_out_by ?Artist4 . ?Artefact3 cidoc:P108i_was_produced_by ?prod . ?Artist4 rdfs:label ?snameArtist4 . ?Artist4 cidoc:P107i_is_current_or_former_member_of ?ConceptArtist5. ?ConceptArtist5 rdfs:label ?snameConceptArtist5. }",true
88,Which is the nationality of the creator of Circuit Rider?," X1-be-is-null,X2-which-Which-null,X5-circuit Rider-Circuit Rider-null,X4-creator-creator-the,X3-nationality-nationality-the, X1-subj-X2,X5-has_name-circuit Rider,X4-of-X5,X3-of-X4,X1-obj-X3, X1-be-is-null,X2-which-Which-null,X3-nationality-nationality-the,X5-circuit Rider-Circuit Rider-null,X4-creator-creator-the, X1-subj-X2,X1-obj-X3,X5-has_name-circuit Rider,X4-of-X5,X1-obl_of-X4, X1-be-is-null,X2-which-Which-null,X3-nationality-nationality-the,X4-creator-creator-the,X5-circuit Rider-Circuit Rider-null, X1-subj-X2,X1-obj-X3,X1-obl_of-X4,X5-has_name-circuit Rider,X1-obl_of-X5, X1-be-is-null,X2-which-Which-null,X4-creator-creator-the,X5-circuit Rider-Circuit Rider-null,X3-nationality-nationality-the, X1-subj-X2,X3-of-X4,X5-has_name-circuit Rider,X3-of-X5,X1-obj-X3, X1-be-is-null,X2-which-Which-null,X4-circuit Rider-Circuit Rider-null,X3-nationality-nationality-the,X5-creator-creator-the, X1-subj-X2,X4-has_name-circuit Rider,X3-of-X4,X1-obj-X3,X1-obl_of-X5, X1-be-is-null,X2-which-Which-null,X4-creator-creator-the,X3-nationality-nationality-the,X5-circuit Rider-Circuit Rider-null, X1-subj-X2,X3-of-X4,X1-obj-X3,X5-has_name-circuit Rider,X1-obl_of-X5,",Incorrect partial DRS,null,null
89,Which is the nationality of the creator of Circus Moon?," X1-be-is-null,X2-which-Which-null,X5-Circus Moon-Circus Moon-null,X4-creator-creator-the,X3-nationality-nationality-the, X1-subj-X2,X5-has_name-Circus Moon,X4-of-X5,X3-of-X4,X1-obj-X3, X1-be-is-null,X2-which-Which-null,X3-nationality-nationality-the,X5-Circus Moon-Circus Moon-null,X4-creator-creator-the, X1-subj-X2,X1-obj-X3,X5-has_name-Circus Moon,X4-of-X5,X1-obl_of-X4, X1-be-is-null,X2-which-Which-null,X3-nationality-nationality-the,X4-creator-creator-the,X5-Circus Moon-Circus Moon-null, X1-subj-X2,X1-obj-X3,X1-obl_of-X4,X5-has_name-Circus Moon,X1-obl_of-X5, X1-be-is-null,X2-which-Which-null,X4-creator-creator-the,X5-Circus Moon-Circus Moon-null,X3-nationality-nationality-the, X1-subj-X2,X3-of-X4,X5-has_name-Circus Moon,X3-of-X5,X1-obj-X3, X1-be-is-null,X2-which-Which-null,X4-Circus Moon-Circus Moon-null,X3-nationality-nationality-the,X5-creator-creator-the, X1-subj-X2,X4-has_name-Circus Moon,X3-of-X4,X1-obj-X3,X1-obl_of-X5, X1-be-is-null,X2-which-Which-null,X4-creator-creator-the,X3-nationality-nationality-the,X5-Circus Moon-Circus Moon-null, X1-subj-X2,X3-of-X4,X1-obj-X3,X5-has_name-Circus Moon,X1-obl_of-X5,","Drs [
 tokens=[],
 dEntities=[
DEntity(X1, be, is, VERB, null, false, Query1, Query), 
DEntity(X2, which, Which, PRON, null, false, Qualifier2, Qualifier), 
DEntity(X5, Circus Moon, Circus Moon, PROPN, null, false, Artefact3, Artefact), 
DEntity(X4, creator, creator, NOUN, the, false, Artist4, Artist), 
DEntity(X3, nationality, nationality, NOUN, the, false, ConceptArtist5, ConceptArtist)],
 dConditions=[
DCondition(X1, subj, X2, propriedades= [qQualifier] --- []), 
DCondition(X5, has_name, Circus Moon, propriedades= [] --- [has_name, has_text, who]), 
DCondition(X4, of, X5, propriedades= [author_of] --- []), 
DCondition(X3, of, X4, propriedades= [conc_of_Artist] --- []), 
DCondition(X1, obj, X3, propriedades= [select] --- []), 
DCondition(X1, has_text, be, propriedades= [] --- [has_name, has_text, who]), 
DCondition(X2, has_text, which, propriedades= [] --- [has_name, has_text, who]), 
DCondition(X5, has_text, Circus Moon, propriedades= [] --- [has_name, has_text, who]), 
DCondition(X4, has_text, creator, propriedades= [] --- [has_name, has_text, who]), 
DCondition(X3, has_text, nationality, propriedades= [] --- [has_name, has_text, who]), 
DCondition(X2, has_name, null list, propriedades= [] --- [has_name, has_text, who]), 
DCondition(X1, obj, X2, propriedades= [qQualifier] --- [])]
 solu��es = []
 numeroFrase = 0
 numHasNames = 2
 numIndividuals = 5
 numEntitiesOk = 10
 numIsClass = 0
 numPropsOk = 5
 numEntitiesNOk = 0
 numClassesOk = 4]"," PREFIX rdf: <http://www.w3.org/1999/02/22-rdf-syntax-ns#> PREFIX xsd: <http://www.w3.org/2001/XMLSchema#> PREFIX rdfs: <http://www.w3.org/2000/01/rdf-schema#> PREFIX cidoc: <http://www.cidoc-crm.org/cidoc-crm/> SELECT  DISTINCT  ?snameConceptArtist5 ?ConceptArtist5 ?snameArtefact3 ?Artefact3 WHERE { {{?Artefact3 cidoc:P131_is_identified_by ?nameArtefact3 . ?nameArtefact3 rdf:value ?snameArtefact3 .}  UNION {?Artefact3 rdfs:label ?snameArtefact3 .}}  filter(regex(?snameArtefact3,""Circus Moon"",""i"")) . ?prod cidoc:P14_carried_out_by ?Artist4 . ?Artefact3 cidoc:P108i_was_produced_by ?prod . ?Artist4 rdfs:label ?snameArtist4 . ?Artist4 cidoc:P107i_is_current_or_former_member_of ?ConceptArtist5. ?ConceptArtist5 rdfs:label ?snameConceptArtist5. }",true
90,Which is the nationality of the creator of Collecting with Rudi?," X1-be-is-null,X2-which-Which-null,X5-collect-Collecting-of,X6-Rudi-Rudi-null,X4-creator-creator-the,X3-nationality-nationality-the, X1-subj-X2,X6-has_name-Rudi,X5-obl_with-X6,X3-of-X4,X1-obj-X3,X5-obl-X4, X1-be-is-null,X2-which-Which-null,X3-nationality-nationality-the,X5-collect-Collecting-of,X6-Rudi-Rudi-null,X4-creator-creator-the, X1-subj-X2,X1-obj-X3,X6-has_name-Rudi,X5-obl_with-X6,X1-obl_of-X4,X5-obl-X4,X1-obl-X4,",Incorrect partial DRS,null,null
91,Which is the nationality of the creator of Come to the Moon?," X1-be-is-null,X2-which-Which-null,X6-Moon-Moon-the,X5-come-Come-null,X4-creator-creator-the,X3-nationality-nationality-the, X1-subj-X2,X6-has_name-Moon,X5-to-X6,X5-has_name-come,X4-of-X5,X3-of-X4,X1-obj-X3, X1-be-is-null,X2-which-Which-null,X3-nationality-nationality-the,X6-Moon-Moon-the,X5-come-Come-null,X4-creator-creator-the, X1-subj-X2,X1-obj-X3,X6-has_name-Moon,X5-to-X6,X5-has_name-come,X4-of-X5,X1-obl_of-X4, X1-be-is-null,X2-which-Which-null,X3-nationality-nationality-the,X4-creator-creator-the,X6-Moon-Moon-the,X5-come-Come-null, X1-subj-X2,X1-obj-X3,X1-obl_of-X4,X6-has_name-Moon,X5-to-X6,X5-has_name-come,X1-obl_of-X5, X1-be-is-null,X2-which-Which-null,X3-nationality-nationality-the,X4-creator-creator-the,X5-come-Come-null,X6-Moon-Moon-the, X1-subj-X2,X1-obj-X3,X1-obl_of-X4,X5-has_name-come,X1-obl_of-X5,X6-has_name-Moon,X1-obl_to-X6, X1-be-is-null,X2-which-Which-null,X3-nationality-nationality-the,X5-come-Come-null,X6-Moon-Moon-the,X4-creator-creator-the, X1-subj-X2,X1-obj-X3,X5-has_name-come,X4-of-X5,X6-has_name-Moon,X4-to-X6,X1-obl_of-X4, X1-be-is-null,X2-which-Which-null,X4-creator-creator-the,X6-Moon-Moon-the,X5-come-Come-null,X3-nationality-nationality-the, X1-subj-X2,X3-of-X4,X6-has_name-Moon,X5-to-X6,X5-has_name-come,X3-of-X5,X1-obj-X3, X1-be-is-null,X2-which-Which-null,X5-Moon-Moon-the,X4-come-Come-null,X3-nationality-nationality-the,X6-creator-creator-the, X1-subj-X2,X5-has_name-Moon,X4-to-X5,X4-has_name-come,X3-of-X4,X1-obj-X3,X1-obl_of-X6, X1-be-is-null,X2-which-Which-null,X4-creator-creator-the,X3-nationality-nationality-the,X6-Moon-Moon-the,X5-come-Come-null, X1-subj-X2,X3-of-X4,X1-obj-X3,X6-has_name-Moon,X5-to-X6,X5-has_name-come,X1-obl_of-X5, X1-be-is-null,X2-which-Which-null,X4-creator-creator-the,X5-come-Come-null,X6-Moon-Moon-the,X3-nationality-nationality-the, X1-subj-X2,X3-of-X4,X5-has_name-come,X3-of-X5,X6-has_name-Moon,X3-to-X6,X1-obj-X3, X1-be-is-null,X2-which-Which-null,X5-come-Come-null,X6-Moon-Moon-the,X4-creator-creator-the,X3-nationality-nationality-the, X1-subj-X2,X5-has_name-come,X4-of-X5,X6-has_name-Moon,X4-to-X6,X3-of-X4,X1-obj-X3,",Incorrect partial DRS,null,null
92,Which is the nationality of the creator of Concetta Scaravaglione?," X1-be-is-null,X2-which-Which-null,X5-Concetta Scaravaglione-Concetta-null,X4-creator-creator-the,X3-nationality-nationality-the, X1-subj-X2,X5-has_name-Concetta Scaravaglione,X4-of-X5,X3-of-X4,X1-obj-X3, X1-be-is-null,X2-which-Which-null,X3-nationality-nationality-the,X5-Concetta Scaravaglione-Concetta-null,X4-creator-creator-the, X1-subj-X2,X1-obj-X3,X5-has_name-Concetta Scaravaglione,X4-of-X5,X1-obl_of-X4, X1-be-is-null,X2-which-Which-null,X3-nationality-nationality-the,X4-creator-creator-the,X5-Concetta Scaravaglione-Concetta-null, X1-subj-X2,X1-obj-X3,X1-obl_of-X4,X5-has_name-Concetta Scaravaglione,X1-obl_of-X5, X1-be-is-null,X2-which-Which-null,X4-creator-creator-the,X5-Concetta Scaravaglione-Concetta-null,X3-nationality-nationality-the, X1-subj-X2,X3-of-X4,X5-has_name-Concetta Scaravaglione,X3-of-X5,X1-obj-X3, X1-be-is-null,X2-which-Which-null,X4-Concetta Scaravaglione-Concetta-null,X3-nationality-nationality-the,X5-creator-creator-the, X1-subj-X2,X4-has_name-Concetta Scaravaglione,X3-of-X4,X1-obj-X3,X1-obl_of-X5, X1-be-is-null,X2-which-Which-null,X4-creator-creator-the,X3-nationality-nationality-the,X5-Concetta Scaravaglione-Concetta-null, X1-subj-X2,X3-of-X4,X1-obj-X3,X5-has_name-Concetta Scaravaglione,X1-obl_of-X5,","Drs [
 tokens=[],
 dEntities=[
DEntity(X1, be, is, VERB, null, false, Query1, Query), 
DEntity(X2, which, Which, PRON, null, false, Qualifier2, Qualifier), 
DEntity(X5, Concetta Scaravaglione, Concetta, PROPN, null, false, Artefact3, Artefact), 
DEntity(X4, creator, creator, NOUN, the, false, Artist4, Artist), 
DEntity(X3, nationality, nationality, NOUN, the, false, ConceptArtist5, ConceptArtist)],
 dConditions=[
DCondition(X1, subj, X2, propriedades= [qQualifier] --- []), 
DCondition(X5, has_name, Concetta Scaravaglione, propriedades= [] --- [has_name, has_text, who]), 
DCondition(X4, of, X5, propriedades= [author_of] --- []), 
DCondition(X3, of, X4, propriedades= [conc_of_Artist] --- []), 
DCondition(X1, obj, X3, propriedades= [select] --- []), 
DCondition(X1, has_text, be, propriedades= [] --- [has_name, has_text, who]), 
DCondition(X2, has_text, which, propriedades= [] --- [has_name, has_text, who]), 
DCondition(X5, has_text, Concetta Scaravaglione, propriedades= [] --- [has_name, has_text, who]), 
DCondition(X4, has_text, creator, propriedades= [] --- [has_name, has_text, who]), 
DCondition(X3, has_text, nationality, propriedades= [] --- [has_name, has_text, who]), 
DCondition(X2, has_name, null list, propriedades= [] --- [has_name, has_text, who]), 
DCondition(X1, obj, X2, propriedades= [qQualifier] --- [])]
 solu��es = []
 numeroFrase = 0
 numHasNames = 2
 numIndividuals = 5
 numEntitiesOk = 10
 numIsClass = 0
 numPropsOk = 5
 numEntitiesNOk = 0
 numClassesOk = 4]"," PREFIX rdf: <http://www.w3.org/1999/02/22-rdf-syntax-ns#> PREFIX xsd: <http://www.w3.org/2001/XMLSchema#> PREFIX rdfs: <http://www.w3.org/2000/01/rdf-schema#> PREFIX cidoc: <http://www.cidoc-crm.org/cidoc-crm/> SELECT  DISTINCT  ?snameConceptArtist5 ?ConceptArtist5 ?snameArtefact3 ?Artefact3 WHERE { {{?Artefact3 cidoc:P131_is_identified_by ?nameArtefact3 . ?nameArtefact3 rdf:value ?snameArtefact3 .}  UNION {?Artefact3 rdfs:label ?snameArtefact3 .}}  filter(regex(?snameArtefact3,""Concetta Scaravaglione"",""i"")) . ?prod cidoc:P14_carried_out_by ?Artist4 . ?Artefact3 cidoc:P108i_was_produced_by ?prod . ?Artist4 rdfs:label ?snameArtist4 . ?Artist4 cidoc:P107i_is_current_or_former_member_of ?ConceptArtist5. ?ConceptArtist5 rdfs:label ?snameConceptArtist5. }",true
93,Which is the nationality of the creator of Concord?," X1-be-is-null,X2-which-Which-null,X5-Concord-Concord-null,X4-creator-creator-the,X3-nationality-nationality-the, X1-subj-X2,X5-has_name-Concord,X4-of-X5,X3-of-X4,X1-obj-X3, X1-be-is-null,X2-which-Which-null,X3-nationality-nationality-the,X5-Concord-Concord-null,X4-creator-creator-the, X1-subj-X2,X1-obj-X3,X5-has_name-Concord,X4-of-X5,X1-obl_of-X4, X1-be-is-null,X2-which-Which-null,X3-nationality-nationality-the,X4-creator-creator-the,X5-Concord-Concord-null, X1-subj-X2,X1-obj-X3,X1-obl_of-X4,X5-has_name-Concord,X1-obl_of-X5, X1-be-is-null,X2-which-Which-null,X4-creator-creator-the,X5-Concord-Concord-null,X3-nationality-nationality-the, X1-subj-X2,X3-of-X4,X5-has_name-Concord,X3-of-X5,X1-obj-X3, X1-be-is-null,X2-which-Which-null,X4-Concord-Concord-null,X3-nationality-nationality-the,X5-creator-creator-the, X1-subj-X2,X4-has_name-Concord,X3-of-X4,X1-obj-X3,X1-obl_of-X5, X1-be-is-null,X2-which-Which-null,X4-creator-creator-the,X3-nationality-nationality-the,X5-Concord-Concord-null, X1-subj-X2,X3-of-X4,X1-obj-X3,X5-has_name-Concord,X1-obl_of-X5,","Drs [
 tokens=[],
 dEntities=[
DEntity(X1, be, is, VERB, null, false, Query1, Query), 
DEntity(X2, which, Which, PRON, null, false, Qualifier2, Qualifier), 
DEntity(X5, Concord, Concord, PROPN, null, false, Artefact3, Artefact), 
DEntity(X4, creator, creator, NOUN, the, false, Artist4, Artist), 
DEntity(X3, nationality, nationality, NOUN, the, false, ConceptArtist5, ConceptArtist)],
 dConditions=[
DCondition(X1, subj, X2, propriedades= [qQualifier] --- []), 
DCondition(X5, has_name, Concord, propriedades= [] --- [has_name, has_text, who]), 
DCondition(X4, of, X5, propriedades= [author_of] --- []), 
DCondition(X3, of, X4, propriedades= [conc_of_Artist] --- []), 
DCondition(X1, obj, X3, propriedades= [select] --- []), 
DCondition(X1, has_text, be, propriedades= [] --- [has_name, has_text, who]), 
DCondition(X2, has_text, which, propriedades= [] --- [has_name, has_text, who]), 
DCondition(X5, has_text, Concord, propriedades= [] --- [has_name, has_text, who]), 
DCondition(X4, has_text, creator, propriedades= [] --- [has_name, has_text, who]), 
DCondition(X3, has_text, nationality, propriedades= [] --- [has_name, has_text, who]), 
DCondition(X2, has_name, null list, propriedades= [] --- [has_name, has_text, who]), 
DCondition(X1, obj, X2, propriedades= [qQualifier] --- [])]
 solu��es = []
 numeroFrase = 0
 numHasNames = 2
 numIndividuals = 5
 numEntitiesOk = 10
 numIsClass = 0
 numPropsOk = 5
 numEntitiesNOk = 0
 numClassesOk = 4]"," PREFIX rdf: <http://www.w3.org/1999/02/22-rdf-syntax-ns#> PREFIX xsd: <http://www.w3.org/2001/XMLSchema#> PREFIX rdfs: <http://www.w3.org/2000/01/rdf-schema#> PREFIX cidoc: <http://www.cidoc-crm.org/cidoc-crm/> SELECT  DISTINCT  ?snameConceptArtist5 ?ConceptArtist5 ?snameArtefact3 ?Artefact3 WHERE { {{?Artefact3 cidoc:P131_is_identified_by ?nameArtefact3 . ?nameArtefact3 rdf:value ?snameArtefact3 .}  UNION {?Artefact3 rdfs:label ?snameArtefact3 .}}  filter(regex(?snameArtefact3,""Concord"",""i"")) . ?prod cidoc:P14_carried_out_by ?Artist4 . ?Artefact3 cidoc:P108i_was_produced_by ?prod . ?Artist4 rdfs:label ?snameArtist4 . ?Artist4 cidoc:P107i_is_current_or_former_member_of ?ConceptArtist5. ?ConceptArtist5 rdfs:label ?snameConceptArtist5. }",true
94,Which is the nationality of the creator of Conde Duque d'Olivarez?," X1-be-is-null,X2-which-Which-null,X5-Conde Duque d'Olivarez-Conde-null,X4-creator-creator-the,X3-nationality-nationality-the, X1-subj-X2,X5-has_name-Conde Duque d'Olivarez,X4-of-X5,X3-of-X4,X1-obj-X3, X1-be-is-null,X2-which-Which-null,X3-nationality-nationality-the,X5-Conde Duque d'Olivarez-Conde-null,X4-creator-creator-the, X1-subj-X2,X1-obj-X3,X5-has_name-Conde Duque d'Olivarez,X4-of-X5,X1-obl_of-X4, X1-be-is-null,X2-which-Which-null,X3-nationality-nationality-the,X4-creator-creator-the,X5-Conde Duque d'Olivarez-Conde-null, X1-subj-X2,X1-obj-X3,X1-obl_of-X4,X5-has_name-Conde Duque d'Olivarez,X1-obl_of-X5, X1-be-is-null,X2-which-Which-null,X4-creator-creator-the,X5-Conde Duque d'Olivarez-Conde-null,X3-nationality-nationality-the, X1-subj-X2,X3-of-X4,X5-has_name-Conde Duque d'Olivarez,X3-of-X5,X1-obj-X3, X1-be-is-null,X2-which-Which-null,X4-Conde Duque d'Olivarez-Conde-null,X3-nationality-nationality-the,X5-creator-creator-the, X1-subj-X2,X4-has_name-Conde Duque d'Olivarez,X3-of-X4,X1-obj-X3,X1-obl_of-X5, X1-be-is-null,X2-which-Which-null,X4-creator-creator-the,X3-nationality-nationality-the,X5-Conde Duque d'Olivarez-Conde-null, X1-subj-X2,X3-of-X4,X1-obj-X3,X5-has_name-Conde Duque d'Olivarez,X1-obl_of-X5,","Drs [
 tokens=[],
 dEntities=[
DEntity(X1, be, is, VERB, null, false, Query1, Query), 
DEntity(X2, which, Which, PRON, null, false, Qualifier2, Qualifier), 
DEntity(X5, Conde Duque d'Olivarez, Conde, PROPN, null, false, Artefact3, Artefact), 
DEntity(X4, creator, creator, NOUN, the, false, Artist4, Artist), 
DEntity(X3, nationality, nationality, NOUN, the, false, ConceptArtist5, ConceptArtist)],
 dConditions=[
DCondition(X1, subj, X2, propriedades= [qQualifier] --- []), 
DCondition(X5, has_name, Conde Duque d'Olivarez, propriedades= [] --- [has_name, has_text, who]), 
DCondition(X4, of, X5, propriedades= [author_of] --- []), 
DCondition(X3, of, X4, propriedades= [conc_of_Artist] --- []), 
DCondition(X1, obj, X3, propriedades= [select] --- []), 
DCondition(X1, has_text, be, propriedades= [] --- [has_name, has_text, who]), 
DCondition(X2, has_text, which, propriedades= [] --- [has_name, has_text, who]), 
DCondition(X5, has_text, Conde Duque d'Olivarez, propriedades= [] --- [has_name, has_text, who]), 
DCondition(X4, has_text, creator, propriedades= [] --- [has_name, has_text, who]), 
DCondition(X3, has_text, nationality, propriedades= [] --- [has_name, has_text, who]), 
DCondition(X2, has_name, null list, propriedades= [] --- [has_name, has_text, who]), 
DCondition(X1, obj, X2, propriedades= [qQualifier] --- [])]
 solu��es = []
 numeroFrase = 0
 numHasNames = 2
 numIndividuals = 5
 numEntitiesOk = 10
 numIsClass = 0
 numPropsOk = 5
 numEntitiesNOk = 0
 numClassesOk = 4]"," PREFIX rdf: <http://www.w3.org/1999/02/22-rdf-syntax-ns#> PREFIX xsd: <http://www.w3.org/2001/XMLSchema#> PREFIX rdfs: <http://www.w3.org/2000/01/rdf-schema#> PREFIX cidoc: <http://www.cidoc-crm.org/cidoc-crm/> SELECT  DISTINCT  ?snameConceptArtist5 ?ConceptArtist5 ?snameArtefact3 ?Artefact3 WHERE { {{?Artefact3 cidoc:P131_is_identified_by ?nameArtefact3 . ?nameArtefact3 rdf:value ?snameArtefact3 .}  UNION {?Artefact3 rdfs:label ?snameArtefact3 .}}  filter(regex(?snameArtefact3,""Conde Duque d\\'Olivarez"",""i"")) . ?prod cidoc:P14_carried_out_by ?Artist4 . ?Artefact3 cidoc:P108i_was_produced_by ?prod . ?Artist4 rdfs:label ?snameArtist4 . ?Artist4 cidoc:P107i_is_current_or_former_member_of ?ConceptArtist5. ?ConceptArtist5 rdfs:label ?snameConceptArtist5. }",true
95,Which is the nationality of the creator of Confidences?," X1-be-is-null,X2-which-Which-null,X5-confidence-Confidences-null,X4-creator-creator-the,X3-nationality-nationality-the, X1-subj-X2,X4-of-X5,X3-of-X4,X1-obj-X3, X1-be-is-null,X2-which-Which-null,X3-nationality-nationality-the,X5-confidence-Confidences-null,X4-creator-creator-the, X1-subj-X2,X1-obj-X3,X4-of-X5,X1-obl_of-X4, X1-be-is-null,X2-which-Which-null,X3-nationality-nationality-the,X4-creator-creator-the,X5-confidence-Confidences-null, X1-subj-X2,X1-obj-X3,X1-obl_of-X4,X1-obl_of-X5, X1-be-is-null,X2-which-Which-null,X4-creator-creator-the,X5-confidence-Confidences-null,X3-nationality-nationality-the, X1-subj-X2,X3-of-X4,X3-of-X5,X1-obj-X3, X1-be-is-null,X2-which-Which-null,X4-confidence-Confidences-null,X3-nationality-nationality-the,X5-creator-creator-the, X1-subj-X2,X3-of-X4,X1-obj-X3,X1-obl_of-X5, X1-be-is-null,X2-which-Which-null,X4-creator-creator-the,X3-nationality-nationality-the,X5-confidence-Confidences-null, X1-subj-X2,X3-of-X4,X1-obj-X3,X1-obl_of-X5,","Drs [
 tokens=[],
 dEntities=[
DEntity(X1, be, is, VERB, null, false, Query1, Query), 
DEntity(X2, which, Which, PRON, null, false, Qualifier2, Qualifier), 
DEntity(X5, confidence, Confidences, NOUN, null, false, Artefact3, Artefact), 
DEntity(X4, creator, creator, NOUN, the, false, Artist4, Artist), 
DEntity(X3, nationality, nationality, NOUN, the, false, ConceptArtist5, ConceptArtist)],
 dConditions=[
DCondition(X1, subj, X2, propriedades= [qQualifier] --- []), 
DCondition(X4, of, X5, propriedades= [author_of] --- []), 
DCondition(X3, of, X4, propriedades= [conc_of_Artist] --- []), 
DCondition(X1, obj, X3, propriedades= [select] --- []), 
DCondition(X1, has_text, be, propriedades= [] --- [has_name, has_text, who]), 
DCondition(X2, has_text, which, propriedades= [] --- [has_name, has_text, who]), 
DCondition(X5, has_text, confidence, propriedades= [] --- [has_name, has_text, who]), 
DCondition(X4, has_text, creator, propriedades= [] --- [has_name, has_text, who]), 
DCondition(X3, has_text, nationality, propriedades= [] --- [has_name, has_text, who]), 
DCondition(X2, has_name, null list, propriedades= [] --- [has_name, has_text, who]), 
DCondition(X1, obj, X2, propriedades= [qQualifier] --- [])]
 solu��es = []
 numeroFrase = 0
 numHasNames = 1
 numIndividuals = 5
 numEntitiesOk = 10
 numIsClass = 0
 numPropsOk = 5
 numEntitiesNOk = 0
 numClassesOk = 4]", PREFIX rdf: <http://www.w3.org/1999/02/22-rdf-syntax-ns#> PREFIX xsd: <http://www.w3.org/2001/XMLSchema#> PREFIX rdfs: <http://www.w3.org/2000/01/rdf-schema#> PREFIX cidoc: <http://www.cidoc-crm.org/cidoc-crm/> SELECT  DISTINCT  ?snameConceptArtist5 ?ConceptArtist5 WHERE { ?prod cidoc:P14_carried_out_by ?Artist4 . ?Artefact3 cidoc:P108i_was_produced_by ?prod . ?Artist4 rdfs:label ?snameArtist4 . ?Artist4 cidoc:P107i_is_current_or_former_member_of ?ConceptArtist5. ?ConceptArtist5 rdfs:label ?snameConceptArtist5. },false
96,Which is the nationality of the creator of Connecticut Light and Power?," X1-be-is-null,X2-which-Which-null,X6-Power-Power-null,X5-Connecticut Light-Connecticut Light-null,X4-creator-creator-the,X3-nationality-nationality-the, X1-subj-X2,X6-has_name-Power,X4-of-X6,X5-has_name-Connecticut Light,X4-of-X5,X3-of-X4,X1-obj-X3, X1-be-is-null,X2-which-Which-null,X3-nationality-nationality-the,X6-Power-Power-null,X5-Connecticut Light-Connecticut Light-null,X4-creator-creator-the, X1-subj-X2,X1-obj-X3,X6-has_name-Power,X4-of-X6,X5-has_name-Connecticut Light,X4-of-X5,X1-obl_of-X4, X1-be-is-null,X2-which-Which-null,X3-nationality-nationality-the,X4-creator-creator-the,X6-Power-Power-null,X5-Connecticut Light-Connecticut Light-null, X1-subj-X2,X1-obj-X3,X1-obl_of-X4,X6-has_name-Power,X1-obl_of-X6,X5-has_name-Connecticut Light,X1-obl_of-X5, X1-be-is-null,X2-which-Which-null,X4-creator-creator-the,X6-Power-Power-null,X5-Connecticut Light-Connecticut Light-null,X3-nationality-nationality-the, X1-subj-X2,X3-of-X4,X6-has_name-Power,X3-of-X6,X5-has_name-Connecticut Light,X3-of-X5,X1-obj-X3, X1-be-is-null,X2-which-Which-null,X5-Power-Power-null,X4-Connecticut Light-Connecticut Light-null,X3-nationality-nationality-the,X6-creator-creator-the, X1-subj-X2,X5-has_name-Power,X3-of-X5,X4-has_name-Connecticut Light,X3-of-X4,X1-obj-X3,X1-obl_of-X6, X1-be-is-null,X2-which-Which-null,X4-creator-creator-the,X3-nationality-nationality-the,X6-Power-Power-null,X5-Connecticut Light-Connecticut Light-null, X1-subj-X2,X3-of-X4,X1-obj-X3,X6-has_name-Power,X1-obl_of-X6,X5-has_name-Connecticut Light,X1-obl_of-X5,",Incorrect partial DRS,null,null
97,Which is the nationality of the creator of Coon Alley?," X1-be-is-null,X2-which-Which-null,X5-Coon Alley-Coon Alley-null,X4-creator-creator-the,X3-nationality-nationality-the, X1-subj-X2,X5-has_name-Coon Alley,X4-of-X5,X3-of-X4,X1-obj-X3, X1-be-is-null,X2-which-Which-null,X3-nationality-nationality-the,X5-Coon Alley-Coon Alley-null,X4-creator-creator-the, X1-subj-X2,X1-obj-X3,X5-has_name-Coon Alley,X4-of-X5,X1-obl_of-X4, X1-be-is-null,X2-which-Which-null,X3-nationality-nationality-the,X4-creator-creator-the,X5-Coon Alley-Coon Alley-null, X1-subj-X2,X1-obj-X3,X1-obl_of-X4,X5-has_name-Coon Alley,X1-obl_of-X5, X1-be-is-null,X2-which-Which-null,X4-creator-creator-the,X5-Coon Alley-Coon Alley-null,X3-nationality-nationality-the, X1-subj-X2,X3-of-X4,X5-has_name-Coon Alley,X3-of-X5,X1-obj-X3, X1-be-is-null,X2-which-Which-null,X4-Coon Alley-Coon Alley-null,X3-nationality-nationality-the,X5-creator-creator-the, X1-subj-X2,X4-has_name-Coon Alley,X3-of-X4,X1-obj-X3,X1-obl_of-X5, X1-be-is-null,X2-which-Which-null,X4-creator-creator-the,X3-nationality-nationality-the,X5-Coon Alley-Coon Alley-null, X1-subj-X2,X3-of-X4,X1-obj-X3,X5-has_name-Coon Alley,X1-obl_of-X5,","Drs [
 tokens=[],
 dEntities=[
DEntity(X1, be, is, VERB, null, false, Query1, Query), 
DEntity(X2, which, Which, PRON, null, false, Qualifier2, Qualifier), 
DEntity(X5, Coon Alley, Coon Alley, PROPN, null, false, Artefact3, Artefact), 
DEntity(X4, creator, creator, NOUN, the, false, Artist4, Artist), 
DEntity(X3, nationality, nationality, NOUN, the, false, ConceptArtist5, ConceptArtist)],
 dConditions=[
DCondition(X1, subj, X2, propriedades= [qQualifier] --- []), 
DCondition(X5, has_name, Coon Alley, propriedades= [] --- [has_name, has_text, who]), 
DCondition(X4, of, X5, propriedades= [author_of] --- []), 
DCondition(X3, of, X4, propriedades= [conc_of_Artist] --- []), 
DCondition(X1, obj, X3, propriedades= [select] --- []), 
DCondition(X1, has_text, be, propriedades= [] --- [has_name, has_text, who]), 
DCondition(X2, has_text, which, propriedades= [] --- [has_name, has_text, who]), 
DCondition(X5, has_text, Coon Alley, propriedades= [] --- [has_name, has_text, who]), 
DCondition(X4, has_text, creator, propriedades= [] --- [has_name, has_text, who]), 
DCondition(X3, has_text, nationality, propriedades= [] --- [has_name, has_text, who]), 
DCondition(X2, has_name, null list, propriedades= [] --- [has_name, has_text, who]), 
DCondition(X1, obj, X2, propriedades= [qQualifier] --- [])]
 solu��es = []
 numeroFrase = 0
 numHasNames = 2
 numIndividuals = 5
 numEntitiesOk = 10
 numIsClass = 0
 numPropsOk = 5
 numEntitiesNOk = 0
 numClassesOk = 4]"," PREFIX rdf: <http://www.w3.org/1999/02/22-rdf-syntax-ns#> PREFIX xsd: <http://www.w3.org/2001/XMLSchema#> PREFIX rdfs: <http://www.w3.org/2000/01/rdf-schema#> PREFIX cidoc: <http://www.cidoc-crm.org/cidoc-crm/> SELECT  DISTINCT  ?snameConceptArtist5 ?ConceptArtist5 ?snameArtefact3 ?Artefact3 WHERE { {{?Artefact3 cidoc:P131_is_identified_by ?nameArtefact3 . ?nameArtefact3 rdf:value ?snameArtefact3 .}  UNION {?Artefact3 rdfs:label ?snameArtefact3 .}}  filter(regex(?snameArtefact3,""Coon Alley"",""i"")) . ?prod cidoc:P14_carried_out_by ?Artist4 . ?Artefact3 cidoc:P108i_was_produced_by ?prod . ?Artist4 rdfs:label ?snameArtist4 . ?Artist4 cidoc:P107i_is_current_or_former_member_of ?ConceptArtist5. ?ConceptArtist5 rdfs:label ?snameConceptArtist5. }",true
98,Which is the nationality of the creator of Country Pool?," X1-be-is-null,X2-which-Which-null,X5-Country Pool-Country Pool-null,X4-creator-creator-the,X3-nationality-nationality-the, X1-subj-X2,X5-has_name-Country Pool,X4-of-X5,X3-of-X4,X1-obj-X3, X1-be-is-null,X2-which-Which-null,X3-nationality-nationality-the,X5-Country Pool-Country Pool-null,X4-creator-creator-the, X1-subj-X2,X1-obj-X3,X5-has_name-Country Pool,X4-of-X5,X1-obl_of-X4, X1-be-is-null,X2-which-Which-null,X3-nationality-nationality-the,X4-creator-creator-the,X5-Country Pool-Country Pool-null, X1-subj-X2,X1-obj-X3,X1-obl_of-X4,X5-has_name-Country Pool,X1-obl_of-X5, X1-be-is-null,X2-which-Which-null,X4-creator-creator-the,X5-Country Pool-Country Pool-null,X3-nationality-nationality-the, X1-subj-X2,X3-of-X4,X5-has_name-Country Pool,X3-of-X5,X1-obj-X3, X1-be-is-null,X2-which-Which-null,X4-Country Pool-Country Pool-null,X3-nationality-nationality-the,X5-creator-creator-the, X1-subj-X2,X4-has_name-Country Pool,X3-of-X4,X1-obj-X3,X1-obl_of-X5, X1-be-is-null,X2-which-Which-null,X4-creator-creator-the,X3-nationality-nationality-the,X5-Country Pool-Country Pool-null, X1-subj-X2,X3-of-X4,X1-obj-X3,X5-has_name-Country Pool,X1-obl_of-X5,","Drs [
 tokens=[],
 dEntities=[
DEntity(X1, be, is, VERB, null, false, Query1, Query), 
DEntity(X2, which, Which, PRON, null, false, Qualifier2, Qualifier), 
DEntity(X5, Country Pool, Country Pool, PROPN, null, false, Artefact3, Artefact), 
DEntity(X4, creator, creator, NOUN, the, false, Artist4, Artist), 
DEntity(X3, nationality, nationality, NOUN, the, false, ConceptArtist5, ConceptArtist)],
 dConditions=[
DCondition(X1, subj, X2, propriedades= [qQualifier] --- []), 
DCondition(X5, has_name, Country Pool, propriedades= [] --- [has_name, has_text, who]), 
DCondition(X4, of, X5, propriedades= [author_of] --- []), 
DCondition(X3, of, X4, propriedades= [conc_of_Artist] --- []), 
DCondition(X1, obj, X3, propriedades= [select] --- []), 
DCondition(X1, has_text, be, propriedades= [] --- [has_name, has_text, who]), 
DCondition(X2, has_text, which, propriedades= [] --- [has_name, has_text, who]), 
DCondition(X5, has_text, Country Pool, propriedades= [] --- [has_name, has_text, who]), 
DCondition(X4, has_text, creator, propriedades= [] --- [has_name, has_text, who]), 
DCondition(X3, has_text, nationality, propriedades= [] --- [has_name, has_text, who]), 
DCondition(X2, has_name, null list, propriedades= [] --- [has_name, has_text, who]), 
DCondition(X1, obj, X2, propriedades= [qQualifier] --- [])]
 solu��es = []
 numeroFrase = 0
 numHasNames = 2
 numIndividuals = 5
 numEntitiesOk = 10
 numIsClass = 0
 numPropsOk = 5
 numEntitiesNOk = 0
 numClassesOk = 4]"," PREFIX rdf: <http://www.w3.org/1999/02/22-rdf-syntax-ns#> PREFIX xsd: <http://www.w3.org/2001/XMLSchema#> PREFIX rdfs: <http://www.w3.org/2000/01/rdf-schema#> PREFIX cidoc: <http://www.cidoc-crm.org/cidoc-crm/> SELECT  DISTINCT  ?snameConceptArtist5 ?ConceptArtist5 ?snameArtefact3 ?Artefact3 WHERE { {{?Artefact3 cidoc:P131_is_identified_by ?nameArtefact3 . ?nameArtefact3 rdf:value ?snameArtefact3 .}  UNION {?Artefact3 rdfs:label ?snameArtefact3 .}}  filter(regex(?snameArtefact3,""Country Pool"",""i"")) . ?prod cidoc:P14_carried_out_by ?Artist4 . ?Artefact3 cidoc:P108i_was_produced_by ?prod . ?Artist4 rdfs:label ?snameArtist4 . ?Artist4 cidoc:P107i_is_current_or_former_member_of ?ConceptArtist5. ?ConceptArtist5 rdfs:label ?snameConceptArtist5. }",true
99,Which is the nationality of the creator of Crowd?," X1-be-is-null,X2-which-Which-null,X5-Crowd-Crowd-null,X4-creator-creator-the,X3-nationality-nationality-the, X1-subj-X2,X5-has_name-Crowd,X4-of-X5,X3-of-X4,X1-obj-X3, X1-be-is-null,X2-which-Which-null,X3-nationality-nationality-the,X5-Crowd-Crowd-null,X4-creator-creator-the, X1-subj-X2,X1-obj-X3,X5-has_name-Crowd,X4-of-X5,X1-obl_of-X4, X1-be-is-null,X2-which-Which-null,X3-nationality-nationality-the,X4-creator-creator-the,X5-Crowd-Crowd-null, X1-subj-X2,X1-obj-X3,X1-obl_of-X4,X5-has_name-Crowd,X1-obl_of-X5, X1-be-is-null,X2-which-Which-null,X4-creator-creator-the,X5-Crowd-Crowd-null,X3-nationality-nationality-the, X1-subj-X2,X3-of-X4,X5-has_name-Crowd,X3-of-X5,X1-obj-X3, X1-be-is-null,X2-which-Which-null,X4-Crowd-Crowd-null,X3-nationality-nationality-the,X5-creator-creator-the, X1-subj-X2,X4-has_name-Crowd,X3-of-X4,X1-obj-X3,X1-obl_of-X5, X1-be-is-null,X2-which-Which-null,X4-creator-creator-the,X3-nationality-nationality-the,X5-Crowd-Crowd-null, X1-subj-X2,X3-of-X4,X1-obj-X3,X5-has_name-Crowd,X1-obl_of-X5,","Drs [
 tokens=[],
 dEntities=[
DEntity(X1, be, is, VERB, null, false, Query1, Query), 
DEntity(X2, which, Which, PRON, null, false, Qualifier2, Qualifier), 
DEntity(X5, Crowd, Crowd, PROPN, null, false, Artefact3, Artefact), 
DEntity(X4, creator, creator, NOUN, the, false, Artist4, Artist), 
DEntity(X3, nationality, nationality, NOUN, the, false, ConceptArtist5, ConceptArtist)],
 dConditions=[
DCondition(X1, subj, X2, propriedades= [qQualifier] --- []), 
DCondition(X5, has_name, Crowd, propriedades= [] --- [has_name, has_text, who]), 
DCondition(X4, of, X5, propriedades= [author_of] --- []), 
DCondition(X3, of, X4, propriedades= [conc_of_Artist] --- []), 
DCondition(X1, obj, X3, propriedades= [select] --- []), 
DCondition(X1, has_text, be, propriedades= [] --- [has_name, has_text, who]), 
DCondition(X2, has_text, which, propriedades= [] --- [has_name, has_text, who]), 
DCondition(X5, has_text, Crowd, propriedades= [] --- [has_name, has_text, who]), 
DCondition(X4, has_text, creator, propriedades= [] --- [has_name, has_text, who]), 
DCondition(X3, has_text, nationality, propriedades= [] --- [has_name, has_text, who]), 
DCondition(X2, has_name, null list, propriedades= [] --- [has_name, has_text, who]), 
DCondition(X1, obj, X2, propriedades= [qQualifier] --- [])]
 solu��es = []
 numeroFrase = 0
 numHasNames = 2
 numIndividuals = 5
 numEntitiesOk = 10
 numIsClass = 0
 numPropsOk = 5
 numEntitiesNOk = 0
 numClassesOk = 4]"," PREFIX rdf: <http://www.w3.org/1999/02/22-rdf-syntax-ns#> PREFIX xsd: <http://www.w3.org/2001/XMLSchema#> PREFIX rdfs: <http://www.w3.org/2000/01/rdf-schema#> PREFIX cidoc: <http://www.cidoc-crm.org/cidoc-crm/> SELECT  DISTINCT  ?snameConceptArtist5 ?ConceptArtist5 ?snameArtefact3 ?Artefact3 WHERE { {{?Artefact3 cidoc:P131_is_identified_by ?nameArtefact3 . ?nameArtefact3 rdf:value ?snameArtefact3 .}  UNION {?Artefact3 rdfs:label ?snameArtefact3 .}}  filter(regex(?snameArtefact3,""Crowd"",""i"")) . ?prod cidoc:P14_carried_out_by ?Artist4 . ?Artefact3 cidoc:P108i_was_produced_by ?prod . ?Artist4 rdfs:label ?snameArtist4 . ?Artist4 cidoc:P107i_is_current_or_former_member_of ?ConceptArtist5. ?ConceptArtist5 rdfs:label ?snameConceptArtist5. }",true
100,Which is the nationality of the creator of Cubist Analysis?," X1-be-is-null,X2-which-Which-null,X5-Cubist Analysis-Cubist Analysis-null,X4-creator-creator-the,X3-nationality-nationality-the, X1-subj-X2,X5-has_name-Cubist Analysis,X4-of-X5,X3-of-X4,X1-obj-X3, X1-be-is-null,X2-which-Which-null,X3-nationality-nationality-the,X5-Cubist Analysis-Cubist Analysis-null,X4-creator-creator-the, X1-subj-X2,X1-obj-X3,X5-has_name-Cubist Analysis,X4-of-X5,X1-obl_of-X4, X1-be-is-null,X2-which-Which-null,X3-nationality-nationality-the,X4-creator-creator-the,X5-Cubist Analysis-Cubist Analysis-null, X1-subj-X2,X1-obj-X3,X1-obl_of-X4,X5-has_name-Cubist Analysis,X1-obl_of-X5, X1-be-is-null,X2-which-Which-null,X4-creator-creator-the,X5-Cubist Analysis-Cubist Analysis-null,X3-nationality-nationality-the, X1-subj-X2,X3-of-X4,X5-has_name-Cubist Analysis,X3-of-X5,X1-obj-X3, X1-be-is-null,X2-which-Which-null,X4-Cubist Analysis-Cubist Analysis-null,X3-nationality-nationality-the,X5-creator-creator-the, X1-subj-X2,X4-has_name-Cubist Analysis,X3-of-X4,X1-obj-X3,X1-obl_of-X5, X1-be-is-null,X2-which-Which-null,X4-creator-creator-the,X3-nationality-nationality-the,X5-Cubist Analysis-Cubist Analysis-null, X1-subj-X2,X3-of-X4,X1-obj-X3,X5-has_name-Cubist Analysis,X1-obl_of-X5,","Drs [
 tokens=[],
 dEntities=[
DEntity(X1, be, is, VERB, null, false, Query1, Query), 
DEntity(X2, which, Which, PRON, null, false, Qualifier2, Qualifier), 
DEntity(X5, Cubist Analysis, Cubist Analysis, PROPN, null, false, Artefact3, Artefact), 
DEntity(X4, creator, creator, NOUN, the, false, Artist4, Artist), 
DEntity(X3, nationality, nationality, NOUN, the, false, ConceptArtist5, ConceptArtist)],
 dConditions=[
DCondition(X1, subj, X2, propriedades= [qQualifier] --- []), 
DCondition(X5, has_name, Cubist Analysis, propriedades= [] --- [has_name, has_text, who]), 
DCondition(X4, of, X5, propriedades= [author_of] --- []), 
DCondition(X3, of, X4, propriedades= [conc_of_Artist] --- []), 
DCondition(X1, obj, X3, propriedades= [select] --- []), 
DCondition(X1, has_text, be, propriedades= [] --- [has_name, has_text, who]), 
DCondition(X2, has_text, which, propriedades= [] --- [has_name, has_text, who]), 
DCondition(X5, has_text, Cubist Analysis, propriedades= [] --- [has_name, has_text, who]), 
DCondition(X4, has_text, creator, propriedades= [] --- [has_name, has_text, who]), 
DCondition(X3, has_text, nationality, propriedades= [] --- [has_name, has_text, who]), 
DCondition(X2, has_name, null list, propriedades= [] --- [has_name, has_text, who]), 
DCondition(X1, obj, X2, propriedades= [qQualifier] --- [])]
 solu��es = []
 numeroFrase = 0
 numHasNames = 2
 numIndividuals = 5
 numEntitiesOk = 10
 numIsClass = 0
 numPropsOk = 5
 numEntitiesNOk = 0
 numClassesOk = 4]"," PREFIX rdf: <http://www.w3.org/1999/02/22-rdf-syntax-ns#> PREFIX xsd: <http://www.w3.org/2001/XMLSchema#> PREFIX rdfs: <http://www.w3.org/2000/01/rdf-schema#> PREFIX cidoc: <http://www.cidoc-crm.org/cidoc-crm/> SELECT  DISTINCT  ?snameConceptArtist5 ?ConceptArtist5 ?snameArtefact3 ?Artefact3 WHERE { {{?Artefact3 cidoc:P131_is_identified_by ?nameArtefact3 . ?nameArtefact3 rdf:value ?snameArtefact3 .}  UNION {?Artefact3 rdfs:label ?snameArtefact3 .}}  filter(regex(?snameArtefact3,""Cubist Analysis"",""i"")) . ?prod cidoc:P14_carried_out_by ?Artist4 . ?Artefact3 cidoc:P108i_was_produced_by ?prod . ?Artist4 rdfs:label ?snameArtist4 . ?Artist4 cidoc:P107i_is_current_or_former_member_of ?ConceptArtist5. ?ConceptArtist5 rdfs:label ?snameConceptArtist5. }",true
101,Which is the nationality of the creator of Cubist Still Life?,,Incorrect Stanza Parsing,null,null
102,Which is the nationality of the creator of Dag Hammarskjold College?,,Incorrect Stanza Parsing,null,null
103,Which is the nationality of the creator of Dawn Boy?," X1-be-is-null,X2-which-Which-null,X5-Dawn Boy-Dawn Boy-null,X4-creator-creator-the,X3-nationality-nationality-the, X1-subj-X2,X5-has_name-Dawn Boy,X4-of-X5,X3-of-X4,X1-obj-X3, X1-be-is-null,X2-which-Which-null,X3-nationality-nationality-the,X5-Dawn Boy-Dawn Boy-null,X4-creator-creator-the, X1-subj-X2,X1-obj-X3,X5-has_name-Dawn Boy,X4-of-X5,X1-obl_of-X4, X1-be-is-null,X2-which-Which-null,X3-nationality-nationality-the,X4-creator-creator-the,X5-Dawn Boy-Dawn Boy-null, X1-subj-X2,X1-obj-X3,X1-obl_of-X4,X5-has_name-Dawn Boy,X1-obl_of-X5, X1-be-is-null,X2-which-Which-null,X4-creator-creator-the,X5-Dawn Boy-Dawn Boy-null,X3-nationality-nationality-the, X1-subj-X2,X3-of-X4,X5-has_name-Dawn Boy,X3-of-X5,X1-obj-X3, X1-be-is-null,X2-which-Which-null,X4-Dawn Boy-Dawn Boy-null,X3-nationality-nationality-the,X5-creator-creator-the, X1-subj-X2,X4-has_name-Dawn Boy,X3-of-X4,X1-obj-X3,X1-obl_of-X5, X1-be-is-null,X2-which-Which-null,X4-creator-creator-the,X3-nationality-nationality-the,X5-Dawn Boy-Dawn Boy-null, X1-subj-X2,X3-of-X4,X1-obj-X3,X5-has_name-Dawn Boy,X1-obl_of-X5,","Drs [
 tokens=[],
 dEntities=[
DEntity(X1, be, is, VERB, null, false, Query1, Query), 
DEntity(X2, which, Which, PRON, null, false, Qualifier2, Qualifier), 
DEntity(X5, Dawn Boy, Dawn Boy, PROPN, null, false, Artefact3, Artefact), 
DEntity(X4, creator, creator, NOUN, the, false, Artist4, Artist), 
DEntity(X3, nationality, nationality, NOUN, the, false, ConceptArtist5, ConceptArtist)],
 dConditions=[
DCondition(X1, subj, X2, propriedades= [qQualifier] --- []), 
DCondition(X5, has_name, Dawn Boy, propriedades= [] --- [has_name, has_text, who]), 
DCondition(X4, of, X5, propriedades= [author_of] --- []), 
DCondition(X3, of, X4, propriedades= [conc_of_Artist] --- []), 
DCondition(X1, obj, X3, propriedades= [select] --- []), 
DCondition(X1, has_text, be, propriedades= [] --- [has_name, has_text, who]), 
DCondition(X2, has_text, which, propriedades= [] --- [has_name, has_text, who]), 
DCondition(X5, has_text, Dawn Boy, propriedades= [] --- [has_name, has_text, who]), 
DCondition(X4, has_text, creator, propriedades= [] --- [has_name, has_text, who]), 
DCondition(X3, has_text, nationality, propriedades= [] --- [has_name, has_text, who]), 
DCondition(X2, has_name, null list, propriedades= [] --- [has_name, has_text, who]), 
DCondition(X1, obj, X2, propriedades= [qQualifier] --- [])]
 solu��es = []
 numeroFrase = 0
 numHasNames = 2
 numIndividuals = 5
 numEntitiesOk = 10
 numIsClass = 0
 numPropsOk = 5
 numEntitiesNOk = 0
 numClassesOk = 4]"," PREFIX rdf: <http://www.w3.org/1999/02/22-rdf-syntax-ns#> PREFIX xsd: <http://www.w3.org/2001/XMLSchema#> PREFIX rdfs: <http://www.w3.org/2000/01/rdf-schema#> PREFIX cidoc: <http://www.cidoc-crm.org/cidoc-crm/> SELECT  DISTINCT  ?snameConceptArtist5 ?ConceptArtist5 ?snameArtefact3 ?Artefact3 WHERE { {{?Artefact3 cidoc:P131_is_identified_by ?nameArtefact3 . ?nameArtefact3 rdf:value ?snameArtefact3 .}  UNION {?Artefact3 rdfs:label ?snameArtefact3 .}}  filter(regex(?snameArtefact3,""Dawn Boy"",""i"")) . ?prod cidoc:P14_carried_out_by ?Artist4 . ?Artefact3 cidoc:P108i_was_produced_by ?prod . ?Artist4 rdfs:label ?snameArtist4 . ?Artist4 cidoc:P107i_is_current_or_former_member_of ?ConceptArtist5. ?ConceptArtist5 rdfs:label ?snameConceptArtist5. }",true
104,Which is the nationality of the creator of Dawnscape?," X1-be-is-null,X2-which-Which-null,X5-Dawnscape-Dawnscape-null,X4-creator-creator-the,X3-nationality-nationality-the, X1-subj-X2,X5-has_name-Dawnscape,X4-of-X5,X3-of-X4,X1-obj-X3, X1-be-is-null,X2-which-Which-null,X3-nationality-nationality-the,X5-Dawnscape-Dawnscape-null,X4-creator-creator-the, X1-subj-X2,X1-obj-X3,X5-has_name-Dawnscape,X4-of-X5,X1-obl_of-X4, X1-be-is-null,X2-which-Which-null,X3-nationality-nationality-the,X4-creator-creator-the,X5-Dawnscape-Dawnscape-null, X1-subj-X2,X1-obj-X3,X1-obl_of-X4,X5-has_name-Dawnscape,X1-obl_of-X5, X1-be-is-null,X2-which-Which-null,X4-creator-creator-the,X5-Dawnscape-Dawnscape-null,X3-nationality-nationality-the, X1-subj-X2,X3-of-X4,X5-has_name-Dawnscape,X3-of-X5,X1-obj-X3, X1-be-is-null,X2-which-Which-null,X4-Dawnscape-Dawnscape-null,X3-nationality-nationality-the,X5-creator-creator-the, X1-subj-X2,X4-has_name-Dawnscape,X3-of-X4,X1-obj-X3,X1-obl_of-X5, X1-be-is-null,X2-which-Which-null,X4-creator-creator-the,X3-nationality-nationality-the,X5-Dawnscape-Dawnscape-null, X1-subj-X2,X3-of-X4,X1-obj-X3,X5-has_name-Dawnscape,X1-obl_of-X5,","Drs [
 tokens=[],
 dEntities=[
DEntity(X1, be, is, VERB, null, false, Query1, Query), 
DEntity(X2, which, Which, PRON, null, false, Qualifier2, Qualifier), 
DEntity(X5, Dawnscape, Dawnscape, PROPN, null, false, Artefact3, Artefact), 
DEntity(X4, creator, creator, NOUN, the, false, Artist4, Artist), 
DEntity(X3, nationality, nationality, NOUN, the, false, ConceptArtist5, ConceptArtist)],
 dConditions=[
DCondition(X1, subj, X2, propriedades= [qQualifier] --- []), 
DCondition(X5, has_name, Dawnscape, propriedades= [] --- [has_name, has_text, who]), 
DCondition(X4, of, X5, propriedades= [author_of] --- []), 
DCondition(X3, of, X4, propriedades= [conc_of_Artist] --- []), 
DCondition(X1, obj, X3, propriedades= [select] --- []), 
DCondition(X1, has_text, be, propriedades= [] --- [has_name, has_text, who]), 
DCondition(X2, has_text, which, propriedades= [] --- [has_name, has_text, who]), 
DCondition(X5, has_text, Dawnscape, propriedades= [] --- [has_name, has_text, who]), 
DCondition(X4, has_text, creator, propriedades= [] --- [has_name, has_text, who]), 
DCondition(X3, has_text, nationality, propriedades= [] --- [has_name, has_text, who]), 
DCondition(X2, has_name, null list, propriedades= [] --- [has_name, has_text, who]), 
DCondition(X1, obj, X2, propriedades= [qQualifier] --- [])]
 solu��es = []
 numeroFrase = 0
 numHasNames = 2
 numIndividuals = 5
 numEntitiesOk = 10
 numIsClass = 0
 numPropsOk = 5
 numEntitiesNOk = 0
 numClassesOk = 4]"," PREFIX rdf: <http://www.w3.org/1999/02/22-rdf-syntax-ns#> PREFIX xsd: <http://www.w3.org/2001/XMLSchema#> PREFIX rdfs: <http://www.w3.org/2000/01/rdf-schema#> PREFIX cidoc: <http://www.cidoc-crm.org/cidoc-crm/> SELECT  DISTINCT  ?snameConceptArtist5 ?ConceptArtist5 ?snameArtefact3 ?Artefact3 WHERE { {{?Artefact3 cidoc:P131_is_identified_by ?nameArtefact3 . ?nameArtefact3 rdf:value ?snameArtefact3 .}  UNION {?Artefact3 rdfs:label ?snameArtefact3 .}}  filter(regex(?snameArtefact3,""Dawnscape"",""i"")) . ?prod cidoc:P14_carried_out_by ?Artist4 . ?Artefact3 cidoc:P108i_was_produced_by ?prod . ?Artist4 rdfs:label ?snameArtist4 . ?Artist4 cidoc:P107i_is_current_or_former_member_of ?ConceptArtist5. ?ConceptArtist5 rdfs:label ?snameConceptArtist5. }",true
105,Which is the nationality of the creator of Dayton's Poster?,,Incorrect Stanza Parsing,null,null
106,Which is the nationality of the creator of Death of Clytaemnestra?," X1-be-is-null,X2-which-Which-null,X6-Clytaemnestra-Clytaemnestra-null,X5-death-Death-null,X4-creator-creator-the,X3-nationality-nationality-the, X1-subj-X2,X6-has_name-Clytaemnestra,X5-of-X6,X5-has_name-death,X4-of-X5,X3-of-X4,X1-obj-X3, X1-be-is-null,X2-which-Which-null,X3-nationality-nationality-the,X6-Clytaemnestra-Clytaemnestra-null,X5-death-Death-null,X4-creator-creator-the, X1-subj-X2,X1-obj-X3,X6-has_name-Clytaemnestra,X5-of-X6,X5-has_name-death,X4-of-X5,X1-obl_of-X4, X1-be-is-null,X2-which-Which-null,X3-nationality-nationality-the,X4-creator-creator-the,X6-Clytaemnestra-Clytaemnestra-null,X5-death-Death-null, X1-subj-X2,X1-obj-X3,X1-obl_of-X4,X6-has_name-Clytaemnestra,X5-of-X6,X5-has_name-death,X1-obl_of-X5, X1-be-is-null,X2-which-Which-null,X3-nationality-nationality-the,X4-creator-creator-the,X5-death-Death-null,X6-Clytaemnestra-Clytaemnestra-null, X1-subj-X2,X1-obj-X3,X1-obl_of-X4,X5-has_name-death,X1-obl_of-X5,X6-has_name-Clytaemnestra,X1-obl_of-X6, X1-be-is-null,X2-which-Which-null,X3-nationality-nationality-the,X5-death-Death-null,X6-Clytaemnestra-Clytaemnestra-null,X4-creator-creator-the, X1-subj-X2,X1-obj-X3,X5-has_name-death,X4-of-X5,X6-has_name-Clytaemnestra,X4-of-X6,X1-obl_of-X4, X1-be-is-null,X2-which-Which-null,X4-creator-creator-the,X6-Clytaemnestra-Clytaemnestra-null,X5-death-Death-null,X3-nationality-nationality-the, X1-subj-X2,X3-of-X4,X6-has_name-Clytaemnestra,X5-of-X6,X5-has_name-death,X3-of-X5,X1-obj-X3, X1-be-is-null,X2-which-Which-null,X5-Clytaemnestra-Clytaemnestra-null,X4-death-Death-null,X3-nationality-nationality-the,X6-creator-creator-the, X1-subj-X2,X5-has_name-Clytaemnestra,X4-of-X5,X4-has_name-death,X3-of-X4,X1-obj-X3,X1-obl_of-X6, X1-be-is-null,X2-which-Which-null,X4-creator-creator-the,X3-nationality-nationality-the,X6-Clytaemnestra-Clytaemnestra-null,X5-death-Death-null, X1-subj-X2,X3-of-X4,X1-obj-X3,X6-has_name-Clytaemnestra,X5-of-X6,X5-has_name-death,X1-obl_of-X5, X1-be-is-null,X2-which-Which-null,X4-creator-creator-the,X5-death-Death-null,X6-Clytaemnestra-Clytaemnestra-null,X3-nationality-nationality-the, X1-subj-X2,X3-of-X4,X5-has_name-death,X3-of-X5,X6-has_name-Clytaemnestra,X3-of-X6,X1-obj-X3, X1-be-is-null,X2-which-Which-null,X5-death-Death-null,X6-Clytaemnestra-Clytaemnestra-null,X4-creator-creator-the,X3-nationality-nationality-the, X1-subj-X2,X5-has_name-death,X4-of-X5,X6-has_name-Clytaemnestra,X4-of-X6,X3-of-X4,X1-obj-X3,",Incorrect partial DRS,null,null
107,Which is the nationality of the creator of Debussy Suite in C?," X1-be-is-null,X2-which-Which-null,X5-Debussy suite-Debussy-null,X6-C-C-null,X4-creator-creator-the,X3-nationality-nationality-the, X1-subj-X2,X5-has_name-Debussy suite,X4-of-X5,X6-has_name-C,X4-in-X6,X3-of-X4,X1-obj-X3, X1-be-is-null,X2-which-Which-null,X3-nationality-nationality-the,X5-Debussy suite-Debussy-null,X6-C-C-null,X4-creator-creator-the, X1-subj-X2,X1-obj-X3,X5-has_name-Debussy suite,X4-of-X5,X6-has_name-C,X4-in-X6,X1-obl_of-X4, X1-be-is-null,X2-which-Which-null,X3-nationality-nationality-the,X5-C-C-null,X4-creator-creator-the,X6-Debussy suite-Debussy-null, X1-subj-X2,X1-obj-X3,X5-has_name-C,X4-in-X5,X1-obl_of-X4,X6-has_name-Debussy suite,X1-obl_of-X6, X1-be-is-null,X2-which-Which-null,X3-nationality-nationality-the,X4-creator-creator-the,X5-Debussy suite-Debussy-null,X6-C-C-null, X1-subj-X2,X1-obj-X3,X1-obl_of-X4,X5-has_name-Debussy suite,X1-obl_of-X5,X6-has_name-C,X1-obl_in-X6, X1-be-is-null,X2-which-Which-null,X3-nationality-nationality-the,X5-Debussy suite-Debussy-null,X4-creator-creator-the,X6-C-C-null, X1-subj-X2,X1-obj-X3,X5-has_name-Debussy suite,X4-of-X5,X1-obl_of-X4,X6-has_name-C,X1-obl_in-X6, X1-be-is-null,X2-which-Which-null,X5-C-C-null,X4-creator-creator-the,X6-Debussy suite-Debussy-null,X3-nationality-nationality-the, X1-subj-X2,X5-has_name-C,X4-in-X5,X3-of-X4,X6-has_name-Debussy suite,X3-of-X6,X1-obj-X3, X1-be-is-null,X2-which-Which-null,X4-Debussy suite-Debussy-null,X3-nationality-nationality-the,X6-C-C-null,X5-creator-creator-the, X1-subj-X2,X4-has_name-Debussy suite,X3-of-X4,X1-obj-X3,X6-has_name-C,X5-in-X6,X1-obl_of-X5, X1-be-is-null,X2-which-Which-null,X5-C-C-null,X4-creator-creator-the,X3-nationality-nationality-the,X6-Debussy suite-Debussy-null, X1-subj-X2,X5-has_name-C,X4-in-X5,X3-of-X4,X1-obj-X3,X6-has_name-Debussy suite,X1-obl_of-X6, X1-be-is-null,X2-which-Which-null,X4-creator-creator-the,X5-Debussy suite-Debussy-null,X6-C-C-null,X3-nationality-nationality-the, X1-subj-X2,X3-of-X4,X5-has_name-Debussy suite,X3-of-X5,X6-has_name-C,X3-in-X6,X1-obj-X3, X1-be-is-null,X2-which-Which-null,X5-Debussy suite-Debussy-null,X4-creator-creator-the,X6-C-C-null,X3-nationality-nationality-the, X1-subj-X2,X5-has_name-Debussy suite,X4-of-X5,X3-of-X4,X6-has_name-C,X3-in-X6,X1-obj-X3,",Incorrect partial DRS,null,null
108,Which is the nationality of the creator of Defense de Stationner?,,Incorrect Stanza Parsing,null,null
109,Which is the nationality of the creator of Dematerialization?," X1-be-is-null,X2-which-Which-null,X5-Dematerialization-Dematerialization-null,X4-creator-creator-the,X3-nationality-nationality-the, X1-subj-X2,X5-has_name-Dematerialization,X4-of-X5,X3-of-X4,X1-obj-X3, X1-be-is-null,X2-which-Which-null,X3-nationality-nationality-the,X5-Dematerialization-Dematerialization-null,X4-creator-creator-the, X1-subj-X2,X1-obj-X3,X5-has_name-Dematerialization,X4-of-X5,X1-obl_of-X4, X1-be-is-null,X2-which-Which-null,X3-nationality-nationality-the,X4-creator-creator-the,X5-Dematerialization-Dematerialization-null, X1-subj-X2,X1-obj-X3,X1-obl_of-X4,X5-has_name-Dematerialization,X1-obl_of-X5, X1-be-is-null,X2-which-Which-null,X4-creator-creator-the,X5-Dematerialization-Dematerialization-null,X3-nationality-nationality-the, X1-subj-X2,X3-of-X4,X5-has_name-Dematerialization,X3-of-X5,X1-obj-X3, X1-be-is-null,X2-which-Which-null,X4-Dematerialization-Dematerialization-null,X3-nationality-nationality-the,X5-creator-creator-the, X1-subj-X2,X4-has_name-Dematerialization,X3-of-X4,X1-obj-X3,X1-obl_of-X5, X1-be-is-null,X2-which-Which-null,X4-creator-creator-the,X3-nationality-nationality-the,X5-Dematerialization-Dematerialization-null, X1-subj-X2,X3-of-X4,X1-obj-X3,X5-has_name-Dematerialization,X1-obl_of-X5,","Drs [
 tokens=[],
 dEntities=[
DEntity(X1, be, is, VERB, null, false, Query1, Query), 
DEntity(X2, which, Which, PRON, null, false, Qualifier2, Qualifier), 
DEntity(X5, Dematerialization, Dematerialization, PROPN, null, false, Artefact3, Artefact), 
DEntity(X4, creator, creator, NOUN, the, false, Artist4, Artist), 
DEntity(X3, nationality, nationality, NOUN, the, false, ConceptArtist5, ConceptArtist)],
 dConditions=[
DCondition(X1, subj, X2, propriedades= [qQualifier] --- []), 
DCondition(X5, has_name, Dematerialization, propriedades= [] --- [has_name, has_text, who]), 
DCondition(X4, of, X5, propriedades= [author_of] --- []), 
DCondition(X3, of, X4, propriedades= [conc_of_Artist] --- []), 
DCondition(X1, obj, X3, propriedades= [select] --- []), 
DCondition(X1, has_text, be, propriedades= [] --- [has_name, has_text, who]), 
DCondition(X2, has_text, which, propriedades= [] --- [has_name, has_text, who]), 
DCondition(X5, has_text, Dematerialization, propriedades= [] --- [has_name, has_text, who]), 
DCondition(X4, has_text, creator, propriedades= [] --- [has_name, has_text, who]), 
DCondition(X3, has_text, nationality, propriedades= [] --- [has_name, has_text, who]), 
DCondition(X2, has_name, null list, propriedades= [] --- [has_name, has_text, who]), 
DCondition(X1, obj, X2, propriedades= [qQualifier] --- [])]
 solu��es = []
 numeroFrase = 0
 numHasNames = 2
 numIndividuals = 5
 numEntitiesOk = 10
 numIsClass = 0
 numPropsOk = 5
 numEntitiesNOk = 0
 numClassesOk = 4]"," PREFIX rdf: <http://www.w3.org/1999/02/22-rdf-syntax-ns#> PREFIX xsd: <http://www.w3.org/2001/XMLSchema#> PREFIX rdfs: <http://www.w3.org/2000/01/rdf-schema#> PREFIX cidoc: <http://www.cidoc-crm.org/cidoc-crm/> SELECT  DISTINCT  ?snameConceptArtist5 ?ConceptArtist5 ?snameArtefact3 ?Artefact3 WHERE { {{?Artefact3 cidoc:P131_is_identified_by ?nameArtefact3 . ?nameArtefact3 rdf:value ?snameArtefact3 .}  UNION {?Artefact3 rdfs:label ?snameArtefact3 .}}  filter(regex(?snameArtefact3,""Dematerialization"",""i"")) . ?prod cidoc:P14_carried_out_by ?Artist4 . ?Artefact3 cidoc:P108i_was_produced_by ?prod . ?Artist4 rdfs:label ?snameArtist4 . ?Artist4 cidoc:P107i_is_current_or_former_member_of ?ConceptArtist5. ?ConceptArtist5 rdfs:label ?snameConceptArtist5. }",true
110,Which is the nationality of the creator of Deneb?," X1-be-is-null,X2-which-Which-null,X5-Deneb-Deneb-null,X4-creator-creator-the,X3-nationality-nationality-the, X1-subj-X2,X5-has_name-Deneb,X4-of-X5,X3-of-X4,X1-obj-X3, X1-be-is-null,X2-which-Which-null,X3-nationality-nationality-the,X5-Deneb-Deneb-null,X4-creator-creator-the, X1-subj-X2,X1-obj-X3,X5-has_name-Deneb,X4-of-X5,X1-obl_of-X4, X1-be-is-null,X2-which-Which-null,X3-nationality-nationality-the,X4-creator-creator-the,X5-Deneb-Deneb-null, X1-subj-X2,X1-obj-X3,X1-obl_of-X4,X5-has_name-Deneb,X1-obl_of-X5, X1-be-is-null,X2-which-Which-null,X4-creator-creator-the,X5-Deneb-Deneb-null,X3-nationality-nationality-the, X1-subj-X2,X3-of-X4,X5-has_name-Deneb,X3-of-X5,X1-obj-X3, X1-be-is-null,X2-which-Which-null,X4-Deneb-Deneb-null,X3-nationality-nationality-the,X5-creator-creator-the, X1-subj-X2,X4-has_name-Deneb,X3-of-X4,X1-obj-X3,X1-obl_of-X5, X1-be-is-null,X2-which-Which-null,X4-creator-creator-the,X3-nationality-nationality-the,X5-Deneb-Deneb-null, X1-subj-X2,X3-of-X4,X1-obj-X3,X5-has_name-Deneb,X1-obl_of-X5,","Drs [
 tokens=[],
 dEntities=[
DEntity(X1, be, is, VERB, null, false, Query1, Query), 
DEntity(X2, which, Which, PRON, null, false, Qualifier2, Qualifier), 
DEntity(X5, Deneb, Deneb, PROPN, null, false, Artefact3, Artefact), 
DEntity(X4, creator, creator, NOUN, the, false, Artist4, Artist), 
DEntity(X3, nationality, nationality, NOUN, the, false, ConceptArtist5, ConceptArtist)],
 dConditions=[
DCondition(X1, subj, X2, propriedades= [qQualifier] --- []), 
DCondition(X5, has_name, Deneb, propriedades= [] --- [has_name, has_text, who]), 
DCondition(X4, of, X5, propriedades= [author_of] --- []), 
DCondition(X3, of, X4, propriedades= [conc_of_Artist] --- []), 
DCondition(X1, obj, X3, propriedades= [select] --- []), 
DCondition(X1, has_text, be, propriedades= [] --- [has_name, has_text, who]), 
DCondition(X2, has_text, which, propriedades= [] --- [has_name, has_text, who]), 
DCondition(X5, has_text, Deneb, propriedades= [] --- [has_name, has_text, who]), 
DCondition(X4, has_text, creator, propriedades= [] --- [has_name, has_text, who]), 
DCondition(X3, has_text, nationality, propriedades= [] --- [has_name, has_text, who]), 
DCondition(X2, has_name, null list, propriedades= [] --- [has_name, has_text, who]), 
DCondition(X1, obj, X2, propriedades= [qQualifier] --- [])]
 solu��es = []
 numeroFrase = 0
 numHasNames = 2
 numIndividuals = 5
 numEntitiesOk = 10
 numIsClass = 0
 numPropsOk = 5
 numEntitiesNOk = 0
 numClassesOk = 4]"," PREFIX rdf: <http://www.w3.org/1999/02/22-rdf-syntax-ns#> PREFIX xsd: <http://www.w3.org/2001/XMLSchema#> PREFIX rdfs: <http://www.w3.org/2000/01/rdf-schema#> PREFIX cidoc: <http://www.cidoc-crm.org/cidoc-crm/> SELECT  DISTINCT  ?snameConceptArtist5 ?ConceptArtist5 ?snameArtefact3 ?Artefact3 WHERE { {{?Artefact3 cidoc:P131_is_identified_by ?nameArtefact3 . ?nameArtefact3 rdf:value ?snameArtefact3 .}  UNION {?Artefact3 rdfs:label ?snameArtefact3 .}}  filter(regex(?snameArtefact3,""Deneb"",""i"")) . ?prod cidoc:P14_carried_out_by ?Artist4 . ?Artefact3 cidoc:P108i_was_produced_by ?prod . ?Artist4 rdfs:label ?snameArtist4 . ?Artist4 cidoc:P107i_is_current_or_former_member_of ?ConceptArtist5. ?ConceptArtist5 rdfs:label ?snameConceptArtist5. }",true
111,Which is the nationality of the creator of Descending Night?," X1-be-is-null,X2-which-Which-null,X5-night-Night-null,X4-creator-creator-the,X3-nationality-nationality-the, X1-subj-X2,X5-descend-true,X4-of-X5,X3-of-X4,X1-obj-X3, X1-be-is-null,X2-which-Which-null,X5-night-Night-null,X4-creator-creator-the,X3-nationality-nationality-the, X1-subj-X2,X5-has_name-Descending,X4-of-X5,X3-of-X4,X1-obj-X3, X1-be-is-null,X2-which-Which-null,X5-Descending Night-Descending Night-null,X4-creator-creator-the,X3-nationality-nationality-the, X1-subj-X2,X4-of-X5,X3-of-X4,X1-obj-X3, X1-be-is-null,X2-which-Which-null,X3-nationality-nationality-the,X5-night-Night-null,X4-creator-creator-the, X1-subj-X2,X1-obj-X3,X5-descend-true,X4-of-X5,X1-obl_of-X4, X1-be-is-null,X2-which-Which-null,X3-nationality-nationality-the,X5-night-Night-null,X4-creator-creator-the, X1-subj-X2,X1-obj-X3,X5-has_name-Descending,X4-of-X5,X1-obl_of-X4, X1-be-is-null,X2-which-Which-null,X3-nationality-nationality-the,X5-Descending Night-Descending Night-null,X4-creator-creator-the, X1-subj-X2,X1-obj-X3,X4-of-X5,X1-obl_of-X4, X1-be-is-null,X2-which-Which-null,X3-nationality-nationality-the,X4-creator-creator-the,X5-night-Night-null, X1-subj-X2,X1-obj-X3,X1-obl_of-X4,X5-descend-true,X1-obl_of-X5, X1-be-is-null,X2-which-Which-null,X3-nationality-nationality-the,X4-creator-creator-the,X5-night-Night-null, X1-subj-X2,X1-obj-X3,X1-obl_of-X4,X5-has_name-Descending,X1-obl_of-X5, X1-be-is-null,X2-which-Which-null,X3-nationality-nationality-the,X4-creator-creator-the,X5-Descending Night-Descending Night-null, X1-subj-X2,X1-obj-X3,X1-obl_of-X4,X1-obl_of-X5, X1-be-is-null,X2-which-Which-null,X4-creator-creator-the,X5-night-Night-null,X3-nationality-nationality-the, X1-subj-X2,X3-of-X4,X5-descend-true,X3-of-X5,X1-obj-X3, X1-be-is-null,X2-which-Which-null,X4-creator-creator-the,X5-night-Night-null,X3-nationality-nationality-the, X1-subj-X2,X3-of-X4,X5-has_name-Descending,X3-of-X5,X1-obj-X3, X1-be-is-null,X2-which-Which-null,X4-creator-creator-the,X5-Descending Night-Descending Night-null,X3-nationality-nationality-the, X1-subj-X2,X3-of-X4,X3-of-X5,X1-obj-X3, X1-be-is-null,X2-which-Which-null,X4-night-Night-null,X3-nationality-nationality-the,X5-creator-creator-the, X1-subj-X2,X4-descend-true,X3-of-X4,X1-obj-X3,X1-obl_of-X5, X1-be-is-null,X2-which-Which-null,X4-night-Night-null,X3-nationality-nationality-the,X5-creator-creator-the, X1-subj-X2,X4-has_name-Descending,X3-of-X4,X1-obj-X3,X1-obl_of-X5, X1-be-is-null,X2-which-Which-null,X4-Descending Night-Descending Night-null,X3-nationality-nationality-the,X5-creator-creator-the, X1-subj-X2,X3-of-X4,X1-obj-X3,X1-obl_of-X5, X1-be-is-null,X2-which-Which-null,X4-creator-creator-the,X3-nationality-nationality-the,X5-night-Night-null, X1-subj-X2,X3-of-X4,X1-obj-X3,X5-descend-true,X1-obl_of-X5, X1-be-is-null,X2-which-Which-null,X4-creator-creator-the,X3-nationality-nationality-the,X5-night-Night-null, X1-subj-X2,X3-of-X4,X1-obj-X3,X5-has_name-Descending,X1-obl_of-X5, X1-be-is-null,X2-which-Which-null,X4-creator-creator-the,X3-nationality-nationality-the,X5-Descending Night-Descending Night-null, X1-subj-X2,X3-of-X4,X1-obj-X3,X1-obl_of-X5,",Incorrect partial DRS,null,null
112,Which is the nationality of the creator of Desert Rose?," X1-be-is-null,X2-which-Which-null,X5-Desert Rose-Desert Rose-null,X4-creator-creator-the,X3-nationality-nationality-the, X1-subj-X2,X5-has_name-Desert Rose,X4-of-X5,X3-of-X4,X1-obj-X3, X1-be-is-null,X2-which-Which-null,X3-nationality-nationality-the,X5-Desert Rose-Desert Rose-null,X4-creator-creator-the, X1-subj-X2,X1-obj-X3,X5-has_name-Desert Rose,X4-of-X5,X1-obl_of-X4, X1-be-is-null,X2-which-Which-null,X3-nationality-nationality-the,X4-creator-creator-the,X5-Desert Rose-Desert Rose-null, X1-subj-X2,X1-obj-X3,X1-obl_of-X4,X5-has_name-Desert Rose,X1-obl_of-X5, X1-be-is-null,X2-which-Which-null,X4-creator-creator-the,X5-Desert Rose-Desert Rose-null,X3-nationality-nationality-the, X1-subj-X2,X3-of-X4,X5-has_name-Desert Rose,X3-of-X5,X1-obj-X3, X1-be-is-null,X2-which-Which-null,X4-Desert Rose-Desert Rose-null,X3-nationality-nationality-the,X5-creator-creator-the, X1-subj-X2,X4-has_name-Desert Rose,X3-of-X4,X1-obj-X3,X1-obl_of-X5, X1-be-is-null,X2-which-Which-null,X4-creator-creator-the,X3-nationality-nationality-the,X5-Desert Rose-Desert Rose-null, X1-subj-X2,X3-of-X4,X1-obj-X3,X5-has_name-Desert Rose,X1-obl_of-X5,","Drs [
 tokens=[],
 dEntities=[
DEntity(X1, be, is, VERB, null, false, Query1, Query), 
DEntity(X2, which, Which, PRON, null, false, Qualifier2, Qualifier), 
DEntity(X5, Desert Rose, Desert Rose, PROPN, null, false, Artefact3, Artefact), 
DEntity(X4, creator, creator, NOUN, the, false, Artist4, Artist), 
DEntity(X3, nationality, nationality, NOUN, the, false, ConceptArtist5, ConceptArtist)],
 dConditions=[
DCondition(X1, subj, X2, propriedades= [qQualifier] --- []), 
DCondition(X5, has_name, Desert Rose, propriedades= [] --- [has_name, has_text, who]), 
DCondition(X4, of, X5, propriedades= [author_of] --- []), 
DCondition(X3, of, X4, propriedades= [conc_of_Artist] --- []), 
DCondition(X1, obj, X3, propriedades= [select] --- []), 
DCondition(X1, has_text, be, propriedades= [] --- [has_name, has_text, who]), 
DCondition(X2, has_text, which, propriedades= [] --- [has_name, has_text, who]), 
DCondition(X5, has_text, Desert Rose, propriedades= [] --- [has_name, has_text, who]), 
DCondition(X4, has_text, creator, propriedades= [] --- [has_name, has_text, who]), 
DCondition(X3, has_text, nationality, propriedades= [] --- [has_name, has_text, who]), 
DCondition(X2, has_name, null list, propriedades= [] --- [has_name, has_text, who]), 
DCondition(X1, obj, X2, propriedades= [qQualifier] --- [])]
 solu��es = []
 numeroFrase = 0
 numHasNames = 2
 numIndividuals = 5
 numEntitiesOk = 10
 numIsClass = 0
 numPropsOk = 5
 numEntitiesNOk = 0
 numClassesOk = 4]"," PREFIX rdf: <http://www.w3.org/1999/02/22-rdf-syntax-ns#> PREFIX xsd: <http://www.w3.org/2001/XMLSchema#> PREFIX rdfs: <http://www.w3.org/2000/01/rdf-schema#> PREFIX cidoc: <http://www.cidoc-crm.org/cidoc-crm/> SELECT  DISTINCT  ?snameConceptArtist5 ?ConceptArtist5 ?snameArtefact3 ?Artefact3 WHERE { {{?Artefact3 cidoc:P131_is_identified_by ?nameArtefact3 . ?nameArtefact3 rdf:value ?snameArtefact3 .}  UNION {?Artefact3 rdfs:label ?snameArtefact3 .}}  filter(regex(?snameArtefact3,""Desert Rose"",""i"")) . ?prod cidoc:P14_carried_out_by ?Artist4 . ?Artefact3 cidoc:P108i_was_produced_by ?prod . ?Artist4 rdfs:label ?snameArtist4 . ?Artist4 cidoc:P107i_is_current_or_former_member_of ?ConceptArtist5. ?ConceptArtist5 rdfs:label ?snameConceptArtist5. }",true
113,Which is the nationality of the creator of Devil Face Jug?,,Incorrect Stanza Parsing,null,null
114,Which is the nationality of the creator of Distant Provincetown?," X1-be-is-null,X2-which-Which-null,X5-Distant Provincetown-Distant Provincetown-null,X4-creator-creator-the,X3-nationality-nationality-the, X1-subj-X2,X5-has_name-Distant Provincetown,X4-of-X5,X3-of-X4,X1-obj-X3, X1-be-is-null,X2-which-Which-null,X3-nationality-nationality-the,X5-Distant Provincetown-Distant Provincetown-null,X4-creator-creator-the, X1-subj-X2,X1-obj-X3,X5-has_name-Distant Provincetown,X4-of-X5,X1-obl_of-X4, X1-be-is-null,X2-which-Which-null,X3-nationality-nationality-the,X4-creator-creator-the,X5-Distant Provincetown-Distant Provincetown-null, X1-subj-X2,X1-obj-X3,X1-obl_of-X4,X5-has_name-Distant Provincetown,X1-obl_of-X5, X1-be-is-null,X2-which-Which-null,X4-creator-creator-the,X5-Distant Provincetown-Distant Provincetown-null,X3-nationality-nationality-the, X1-subj-X2,X3-of-X4,X5-has_name-Distant Provincetown,X3-of-X5,X1-obj-X3, X1-be-is-null,X2-which-Which-null,X4-Distant Provincetown-Distant Provincetown-null,X3-nationality-nationality-the,X5-creator-creator-the, X1-subj-X2,X4-has_name-Distant Provincetown,X3-of-X4,X1-obj-X3,X1-obl_of-X5, X1-be-is-null,X2-which-Which-null,X4-creator-creator-the,X3-nationality-nationality-the,X5-Distant Provincetown-Distant Provincetown-null, X1-subj-X2,X3-of-X4,X1-obj-X3,X5-has_name-Distant Provincetown,X1-obl_of-X5,","Drs [
 tokens=[],
 dEntities=[
DEntity(X1, be, is, VERB, null, false, Query1, Query), 
DEntity(X2, which, Which, PRON, null, false, Qualifier2, Qualifier), 
DEntity(X5, Provincetown, Provincetown, PROPN, null, false, Artefact3, Artefact), 
DEntity(X4, creator, creator, NOUN, the, false, Artist4, Artist), 
DEntity(X3, nationality, nationality, NOUN, the, false, ConceptArtist5, ConceptArtist)],
 dConditions=[
DCondition(X1, subj, X2, propriedades= [qQualifier] --- []), 
DCondition(X5, distant, true, propriedades= [] --- [has_name, has_text, who]), 
DCondition(X5, has_name, Provincetown, propriedades= [] --- [has_name, has_text, who]), 
DCondition(X4, of, X5, propriedades= [author_of] --- []), 
DCondition(X3, of, X4, propriedades= [conc_of_Artist] --- []), 
DCondition(X1, obj, X3, propriedades= [select] --- []), 
DCondition(X1, has_text, be, propriedades= [] --- [has_name, has_text, who]), 
DCondition(X2, has_text, which, propriedades= [] --- [has_name, has_text, who]), 
DCondition(X5, has_text, Provincetown, propriedades= [] --- [has_name, has_text, who]), 
DCondition(X4, has_text, creator, propriedades= [] --- [has_name, has_text, who]), 
DCondition(X3, has_text, nationality, propriedades= [] --- [has_name, has_text, who]), 
DCondition(X2, has_name, null list, propriedades= [] --- [has_name, has_text, who]), 
DCondition(X1, obj, X2, propriedades= [qQualifier] --- [])]
 solu��es = []
 numeroFrase = 0
 numHasNames = 2
 numIndividuals = 5
 numEntitiesOk = 10
 numIsClass = 0
 numPropsOk = 5
 numEntitiesNOk = 0
 numClassesOk = 4]"," PREFIX rdf: <http://www.w3.org/1999/02/22-rdf-syntax-ns#> PREFIX xsd: <http://www.w3.org/2001/XMLSchema#> PREFIX rdfs: <http://www.w3.org/2000/01/rdf-schema#> PREFIX cidoc: <http://www.cidoc-crm.org/cidoc-crm/> SELECT  DISTINCT  ?snameConceptArtist5 ?ConceptArtist5 ?snameArtefact3 ?Artefact3 WHERE { {{?Artefact3 cidoc:P131_is_identified_by ?nameArtefact3 . ?nameArtefact3 rdf:value ?snameArtefact3 .}  UNION {?Artefact3 rdfs:label ?snameArtefact3 .}}  filter(regex(?snameArtefact3,""Provincetown"",""i"")) . ?prod cidoc:P14_carried_out_by ?Artist4 . ?Artefact3 cidoc:P108i_was_produced_by ?prod . ?Artist4 rdfs:label ?snameArtist4 . ?Artist4 cidoc:P107i_is_current_or_former_member_of ?ConceptArtist5. ?ConceptArtist5 rdfs:label ?snameConceptArtist5. }",true
115,Which is the nationality of the creator of Dockyard?," X1-be-is-null,X2-which-Which-null,X5-Dockyard-Dockyard-null,X4-creator-creator-the,X3-nationality-nationality-the, X1-subj-X2,X5-has_name-Dockyard,X4-of-X5,X3-of-X4,X1-obj-X3, X1-be-is-null,X2-which-Which-null,X3-nationality-nationality-the,X5-Dockyard-Dockyard-null,X4-creator-creator-the, X1-subj-X2,X1-obj-X3,X5-has_name-Dockyard,X4-of-X5,X1-obl_of-X4, X1-be-is-null,X2-which-Which-null,X3-nationality-nationality-the,X4-creator-creator-the,X5-Dockyard-Dockyard-null, X1-subj-X2,X1-obj-X3,X1-obl_of-X4,X5-has_name-Dockyard,X1-obl_of-X5, X1-be-is-null,X2-which-Which-null,X4-creator-creator-the,X5-Dockyard-Dockyard-null,X3-nationality-nationality-the, X1-subj-X2,X3-of-X4,X5-has_name-Dockyard,X3-of-X5,X1-obj-X3, X1-be-is-null,X2-which-Which-null,X4-Dockyard-Dockyard-null,X3-nationality-nationality-the,X5-creator-creator-the, X1-subj-X2,X4-has_name-Dockyard,X3-of-X4,X1-obj-X3,X1-obl_of-X5, X1-be-is-null,X2-which-Which-null,X4-creator-creator-the,X3-nationality-nationality-the,X5-Dockyard-Dockyard-null, X1-subj-X2,X3-of-X4,X1-obj-X3,X5-has_name-Dockyard,X1-obl_of-X5,","Drs [
 tokens=[],
 dEntities=[
DEntity(X1, be, is, VERB, null, false, Query1, Query), 
DEntity(X2, which, Which, PRON, null, false, Qualifier2, Qualifier), 
DEntity(X5, Dockyard, Dockyard, PROPN, null, false, Artefact3, Artefact), 
DEntity(X4, creator, creator, NOUN, the, false, Artist4, Artist), 
DEntity(X3, nationality, nationality, NOUN, the, false, ConceptArtist5, ConceptArtist)],
 dConditions=[
DCondition(X1, subj, X2, propriedades= [qQualifier] --- []), 
DCondition(X5, has_name, Dockyard, propriedades= [] --- [has_name, has_text, who]), 
DCondition(X4, of, X5, propriedades= [author_of] --- []), 
DCondition(X3, of, X4, propriedades= [conc_of_Artist] --- []), 
DCondition(X1, obj, X3, propriedades= [select] --- []), 
DCondition(X1, has_text, be, propriedades= [] --- [has_name, has_text, who]), 
DCondition(X2, has_text, which, propriedades= [] --- [has_name, has_text, who]), 
DCondition(X5, has_text, Dockyard, propriedades= [] --- [has_name, has_text, who]), 
DCondition(X4, has_text, creator, propriedades= [] --- [has_name, has_text, who]), 
DCondition(X3, has_text, nationality, propriedades= [] --- [has_name, has_text, who]), 
DCondition(X2, has_name, null list, propriedades= [] --- [has_name, has_text, who]), 
DCondition(X1, obj, X2, propriedades= [qQualifier] --- [])]
 solu��es = []
 numeroFrase = 0
 numHasNames = 2
 numIndividuals = 5
 numEntitiesOk = 10
 numIsClass = 0
 numPropsOk = 5
 numEntitiesNOk = 0
 numClassesOk = 4]"," PREFIX rdf: <http://www.w3.org/1999/02/22-rdf-syntax-ns#> PREFIX xsd: <http://www.w3.org/2001/XMLSchema#> PREFIX rdfs: <http://www.w3.org/2000/01/rdf-schema#> PREFIX cidoc: <http://www.cidoc-crm.org/cidoc-crm/> SELECT  DISTINCT  ?snameConceptArtist5 ?ConceptArtist5 ?snameArtefact3 ?Artefact3 WHERE { {{?Artefact3 cidoc:P131_is_identified_by ?nameArtefact3 . ?nameArtefact3 rdf:value ?snameArtefact3 .}  UNION {?Artefact3 rdfs:label ?snameArtefact3 .}}  filter(regex(?snameArtefact3,""Dockyard"",""i"")) . ?prod cidoc:P14_carried_out_by ?Artist4 . ?Artefact3 cidoc:P108i_was_produced_by ?prod . ?Artist4 rdfs:label ?snameArtist4 . ?Artist4 cidoc:P107i_is_current_or_former_member_of ?ConceptArtist5. ?ConceptArtist5 rdfs:label ?snameConceptArtist5. }",true
116,Which is the nationality of the creator of Dome?," X1-be-is-null,X2-which-Which-null,X5-Dome-Dome-null,X4-creator-creator-the,X3-nationality-nationality-the, X1-subj-X2,X5-has_name-Dome,X4-of-X5,X3-of-X4,X1-obj-X3, X1-be-is-null,X2-which-Which-null,X3-nationality-nationality-the,X5-Dome-Dome-null,X4-creator-creator-the, X1-subj-X2,X1-obj-X3,X5-has_name-Dome,X4-of-X5,X1-obl_of-X4, X1-be-is-null,X2-which-Which-null,X3-nationality-nationality-the,X4-creator-creator-the,X5-Dome-Dome-null, X1-subj-X2,X1-obj-X3,X1-obl_of-X4,X5-has_name-Dome,X1-obl_of-X5, X1-be-is-null,X2-which-Which-null,X4-creator-creator-the,X5-Dome-Dome-null,X3-nationality-nationality-the, X1-subj-X2,X3-of-X4,X5-has_name-Dome,X3-of-X5,X1-obj-X3, X1-be-is-null,X2-which-Which-null,X4-Dome-Dome-null,X3-nationality-nationality-the,X5-creator-creator-the, X1-subj-X2,X4-has_name-Dome,X3-of-X4,X1-obj-X3,X1-obl_of-X5, X1-be-is-null,X2-which-Which-null,X4-creator-creator-the,X3-nationality-nationality-the,X5-Dome-Dome-null, X1-subj-X2,X3-of-X4,X1-obj-X3,X5-has_name-Dome,X1-obl_of-X5,","Drs [
 tokens=[],
 dEntities=[
DEntity(X1, be, is, VERB, null, false, Query1, Query), 
DEntity(X2, which, Which, PRON, null, false, Qualifier2, Qualifier), 
DEntity(X5, Dome, Dome, PROPN, null, false, Artefact3, Artefact), 
DEntity(X4, creator, creator, NOUN, the, false, Artist4, Artist), 
DEntity(X3, nationality, nationality, NOUN, the, false, ConceptArtist5, ConceptArtist)],
 dConditions=[
DCondition(X1, subj, X2, propriedades= [qQualifier] --- []), 
DCondition(X5, has_name, Dome, propriedades= [] --- [has_name, has_text, who]), 
DCondition(X4, of, X5, propriedades= [author_of] --- []), 
DCondition(X3, of, X4, propriedades= [conc_of_Artist] --- []), 
DCondition(X1, obj, X3, propriedades= [select] --- []), 
DCondition(X1, has_text, be, propriedades= [] --- [has_name, has_text, who]), 
DCondition(X2, has_text, which, propriedades= [] --- [has_name, has_text, who]), 
DCondition(X5, has_text, Dome, propriedades= [] --- [has_name, has_text, who]), 
DCondition(X4, has_text, creator, propriedades= [] --- [has_name, has_text, who]), 
DCondition(X3, has_text, nationality, propriedades= [] --- [has_name, has_text, who]), 
DCondition(X2, has_name, null list, propriedades= [] --- [has_name, has_text, who]), 
DCondition(X1, obj, X2, propriedades= [qQualifier] --- [])]
 solu��es = []
 numeroFrase = 0
 numHasNames = 2
 numIndividuals = 5
 numEntitiesOk = 10
 numIsClass = 0
 numPropsOk = 5
 numEntitiesNOk = 0
 numClassesOk = 4]"," PREFIX rdf: <http://www.w3.org/1999/02/22-rdf-syntax-ns#> PREFIX xsd: <http://www.w3.org/2001/XMLSchema#> PREFIX rdfs: <http://www.w3.org/2000/01/rdf-schema#> PREFIX cidoc: <http://www.cidoc-crm.org/cidoc-crm/> SELECT  DISTINCT  ?snameConceptArtist5 ?ConceptArtist5 ?snameArtefact3 ?Artefact3 WHERE { {{?Artefact3 cidoc:P131_is_identified_by ?nameArtefact3 . ?nameArtefact3 rdf:value ?snameArtefact3 .}  UNION {?Artefact3 rdfs:label ?snameArtefact3 .}}  filter(regex(?snameArtefact3,""Dome"",""i"")) . ?prod cidoc:P14_carried_out_by ?Artist4 . ?Artefact3 cidoc:P108i_was_produced_by ?prod . ?Artist4 rdfs:label ?snameArtist4 . ?Artist4 cidoc:P107i_is_current_or_former_member_of ?ConceptArtist5. ?ConceptArtist5 rdfs:label ?snameConceptArtist5. }",true
117,"Which is the nationality of the creator of Dr. Oskar Stracker, Vienna?"," X1-be-is-null,X2-which-Which-null,X5-Dr. Oskar Stracker-Dr.-null,X4-creator-creator-the,X3-nationality-nationality-the, X1-subj-X2,X5-has_name-Vienna,X5-has_name-Dr. Oskar Stracker,X4-of-X5,X3-of-X4,X1-obj-X3, X1-be-is-null,X2-which-Which-null,X3-nationality-nationality-the,X5-Dr. Oskar Stracker-Dr.-null,X4-creator-creator-the, X1-subj-X2,X1-obj-X3,X5-has_name-Vienna,X5-has_name-Dr. Oskar Stracker,X4-of-X5,X1-obl_of-X4, X1-be-is-null,X2-which-Which-null,X3-nationality-nationality-the,X4-creator-creator-the,X5-Dr. Oskar Stracker-Dr.-null, X1-subj-X2,X1-obj-X3,X1-obl_of-X4,X5-has_name-Vienna,X5-has_name-Dr. Oskar Stracker,X1-obl_of-X5, X1-be-is-null,X2-which-Which-null,X4-creator-creator-the,X5-Dr. Oskar Stracker-Dr.-null,X3-nationality-nationality-the, X1-subj-X2,X3-of-X4,X5-has_name-Vienna,X5-has_name-Dr. Oskar Stracker,X3-of-X5,X1-obj-X3, X1-be-is-null,X2-which-Which-null,X4-Dr. Oskar Stracker-Dr.-null,X3-nationality-nationality-the,X5-creator-creator-the, X1-subj-X2,X4-has_name-Vienna,X4-has_name-Dr. Oskar Stracker,X3-of-X4,X1-obj-X3,X1-obl_of-X5, X1-be-is-null,X2-which-Which-null,X4-creator-creator-the,X3-nationality-nationality-the,X5-Dr. Oskar Stracker-Dr.-null, X1-subj-X2,X3-of-X4,X1-obj-X3,X5-has_name-Vienna,X5-has_name-Dr. Oskar Stracker,X1-obl_of-X5, X1-be-is-null,X2-which-Which-null,X6-Vienna-Vienna-null,X5-Dr. Oskar Stracker-Dr.-null,X4-creator-creator-the,X3-nationality-nationality-the, X1-subj-X2,X6-has_name-Vienna,X5-rel-X6,X5-has_name-Dr. Oskar Stracker,X4-of-X5,X3-of-X4,X1-obj-X3, X1-be-is-null,X2-which-Which-null,X3-nationality-nationality-the,X6-Vienna-Vienna-null,X5-Dr. Oskar Stracker-Dr.-null,X4-creator-creator-the, X1-subj-X2,X1-obj-X3,X6-has_name-Vienna,X5-rel-X6,X5-has_name-Dr. Oskar Stracker,X4-of-X5,X1-obl_of-X4, X1-be-is-null,X2-which-Which-null,X3-nationality-nationality-the,X4-creator-creator-the,X6-Vienna-Vienna-null,X5-Dr. Oskar Stracker-Dr.-null, X1-subj-X2,X1-obj-X3,X1-obl_of-X4,X6-has_name-Vienna,X5-rel-X6,X5-has_name-Dr. Oskar Stracker,X1-obl_of-X5, X1-be-is-null,X2-which-Which-null,X4-creator-creator-the,X6-Vienna-Vienna-null,X5-Dr. Oskar Stracker-Dr.-null,X3-nationality-nationality-the, X1-subj-X2,X3-of-X4,X6-has_name-Vienna,X5-rel-X6,X5-has_name-Dr. Oskar Stracker,X3-of-X5,X1-obj-X3, X1-be-is-null,X2-which-Which-null,X5-Vienna-Vienna-null,X4-Dr. Oskar Stracker-Dr.-null,X3-nationality-nationality-the,X6-creator-creator-the, X1-subj-X2,X5-has_name-Vienna,X4-rel-X5,X4-has_name-Dr. Oskar Stracker,X3-of-X4,X1-obj-X3,X1-obl_of-X6, X1-be-is-null,X2-which-Which-null,X4-creator-creator-the,X3-nationality-nationality-the,X6-Vienna-Vienna-null,X5-Dr. Oskar Stracker-Dr.-null, X1-subj-X2,X3-of-X4,X1-obj-X3,X6-has_name-Vienna,X5-rel-X6,X5-has_name-Dr. Oskar Stracker,X1-obl_of-X5,",Incorrect partial DRS,null,null
118,Which is the nationality of the creator of Dream Woman?," X1-be-is-null,X2-which-Which-null,X5-dream Woman-Dream Woman-null,X4-creator-creator-the,X3-nationality-nationality-the, X1-subj-X2,X5-has_name-dream Woman,X4-of-X5,X3-of-X4,X1-obj-X3, X1-be-is-null,X2-which-Which-null,X3-nationality-nationality-the,X5-dream Woman-Dream Woman-null,X4-creator-creator-the, X1-subj-X2,X1-obj-X3,X5-has_name-dream Woman,X4-of-X5,X1-obl_of-X4, X1-be-is-null,X2-which-Which-null,X3-nationality-nationality-the,X4-creator-creator-the,X5-dream Woman-Dream Woman-null, X1-subj-X2,X1-obj-X3,X1-obl_of-X4,X5-has_name-dream Woman,X1-obl_of-X5, X1-be-is-null,X2-which-Which-null,X4-creator-creator-the,X5-dream Woman-Dream Woman-null,X3-nationality-nationality-the, X1-subj-X2,X3-of-X4,X5-has_name-dream Woman,X3-of-X5,X1-obj-X3, X1-be-is-null,X2-which-Which-null,X4-dream Woman-Dream Woman-null,X3-nationality-nationality-the,X5-creator-creator-the, X1-subj-X2,X4-has_name-dream Woman,X3-of-X4,X1-obj-X3,X1-obl_of-X5, X1-be-is-null,X2-which-Which-null,X4-creator-creator-the,X3-nationality-nationality-the,X5-dream Woman-Dream Woman-null, X1-subj-X2,X3-of-X4,X1-obj-X3,X5-has_name-dream Woman,X1-obl_of-X5,","Drs [
 tokens=[],
 dEntities=[
DEntity(X1, be, is, VERB, null, false, Query1, Query), 
DEntity(X2, which, Which, PRON, null, false, Qualifier2, Qualifier), 
DEntity(X5, dream Woman, Dream Woman, PROPN, null, false, Artefact3, Artefact), 
DEntity(X4, creator, creator, NOUN, the, false, Artist4, Artist), 
DEntity(X3, nationality, nationality, NOUN, the, false, ConceptArtist5, ConceptArtist)],
 dConditions=[
DCondition(X1, subj, X2, propriedades= [qQualifier] --- []), 
DCondition(X5, has_name, dream Woman, propriedades= [] --- [has_name, has_text, who]), 
DCondition(X4, of, X5, propriedades= [author_of] --- []), 
DCondition(X3, of, X4, propriedades= [conc_of_Artist] --- []), 
DCondition(X1, obj, X3, propriedades= [select] --- []), 
DCondition(X1, has_text, be, propriedades= [] --- [has_name, has_text, who]), 
DCondition(X2, has_text, which, propriedades= [] --- [has_name, has_text, who]), 
DCondition(X5, has_text, dream Woman, propriedades= [] --- [has_name, has_text, who]), 
DCondition(X4, has_text, creator, propriedades= [] --- [has_name, has_text, who]), 
DCondition(X3, has_text, nationality, propriedades= [] --- [has_name, has_text, who]), 
DCondition(X2, has_name, null list, propriedades= [] --- [has_name, has_text, who]), 
DCondition(X1, obj, X2, propriedades= [qQualifier] --- [])]
 solu��es = []
 numeroFrase = 0
 numHasNames = 2
 numIndividuals = 5
 numEntitiesOk = 10
 numIsClass = 0
 numPropsOk = 5
 numEntitiesNOk = 0
 numClassesOk = 4]"," PREFIX rdf: <http://www.w3.org/1999/02/22-rdf-syntax-ns#> PREFIX xsd: <http://www.w3.org/2001/XMLSchema#> PREFIX rdfs: <http://www.w3.org/2000/01/rdf-schema#> PREFIX cidoc: <http://www.cidoc-crm.org/cidoc-crm/> SELECT  DISTINCT  ?snameConceptArtist5 ?ConceptArtist5 ?snameArtefact3 ?Artefact3 WHERE { {{?Artefact3 cidoc:P131_is_identified_by ?nameArtefact3 . ?nameArtefact3 rdf:value ?snameArtefact3 .}  UNION {?Artefact3 rdfs:label ?snameArtefact3 .}}  filter(regex(?snameArtefact3,""dream Woman"",""i"")) . ?prod cidoc:P14_carried_out_by ?Artist4 . ?Artefact3 cidoc:P108i_was_produced_by ?prod . ?Artist4 rdfs:label ?snameArtist4 . ?Artist4 cidoc:P107i_is_current_or_former_member_of ?ConceptArtist5. ?ConceptArtist5 rdfs:label ?snameConceptArtist5. }",true
119,Which is the nationality of the creator of Dry Dock Men?," X1-be-is-null,X2-which-Which-null,X5-Dock Men-Dock Men-null,X4-creator-creator-the,X3-nationality-nationality-the, X1-subj-X2,X5-dry-true,X5-has_name-Dock Men,X4-of-X5,X3-of-X4,X1-obj-X3, X1-be-is-null,X2-which-Which-null,X5-Dock Men-Dock Men-null,X4-creator-creator-the,X3-nationality-nationality-the, X1-subj-X2,X5-has_name-Dry,X5-has_name-Dock Men,X4-of-X5,X3-of-X4,X1-obj-X3, X1-be-is-null,X2-which-Which-null,X5-Dock Dry Men-Dock Dry Men-null,X4-creator-creator-the,X3-nationality-nationality-the, X1-subj-X2,X5-has_name-Dock Dry Men,X4-of-X5,X3-of-X4,X1-obj-X3, X1-be-is-null,X2-which-Which-null,X3-nationality-nationality-the,X5-Dock Men-Dock Men-null,X4-creator-creator-the, X1-subj-X2,X1-obj-X3,X5-dry-true,X5-has_name-Dock Men,X4-of-X5,X1-obl_of-X4, X1-be-is-null,X2-which-Which-null,X3-nationality-nationality-the,X5-Dock Men-Dock Men-null,X4-creator-creator-the, X1-subj-X2,X1-obj-X3,X5-has_name-Dry,X5-has_name-Dock Men,X4-of-X5,X1-obl_of-X4, X1-be-is-null,X2-which-Which-null,X3-nationality-nationality-the,X5-Dock Dry Men-Dock Dry Men-null,X4-creator-creator-the, X1-subj-X2,X1-obj-X3,X5-has_name-Dock Dry Men,X4-of-X5,X1-obl_of-X4, X1-be-is-null,X2-which-Which-null,X3-nationality-nationality-the,X4-creator-creator-the,X5-Dock Men-Dock Men-null, X1-subj-X2,X1-obj-X3,X1-obl_of-X4,X5-dry-true,X5-has_name-Dock Men,X1-obl_of-X5, X1-be-is-null,X2-which-Which-null,X3-nationality-nationality-the,X4-creator-creator-the,X5-Dock Men-Dock Men-null, X1-subj-X2,X1-obj-X3,X1-obl_of-X4,X5-has_name-Dry,X5-has_name-Dock Men,X1-obl_of-X5, X1-be-is-null,X2-which-Which-null,X3-nationality-nationality-the,X4-creator-creator-the,X5-Dock Dry Men-Dock Dry Men-null, X1-subj-X2,X1-obj-X3,X1-obl_of-X4,X5-has_name-Dock Dry Men,X1-obl_of-X5, X1-be-is-null,X2-which-Which-null,X4-creator-creator-the,X5-Dock Men-Dock Men-null,X3-nationality-nationality-the, X1-subj-X2,X3-of-X4,X5-dry-true,X5-has_name-Dock Men,X3-of-X5,X1-obj-X3, X1-be-is-null,X2-which-Which-null,X4-creator-creator-the,X5-Dock Men-Dock Men-null,X3-nationality-nationality-the, X1-subj-X2,X3-of-X4,X5-has_name-Dry,X5-has_name-Dock Men,X3-of-X5,X1-obj-X3, X1-be-is-null,X2-which-Which-null,X4-creator-creator-the,X5-Dock Dry Men-Dock Dry Men-null,X3-nationality-nationality-the, X1-subj-X2,X3-of-X4,X5-has_name-Dock Dry Men,X3-of-X5,X1-obj-X3, X1-be-is-null,X2-which-Which-null,X4-Dock Men-Dock Men-null,X3-nationality-nationality-the,X5-creator-creator-the, X1-subj-X2,X4-dry-true,X4-has_name-Dock Men,X3-of-X4,X1-obj-X3,X1-obl_of-X5, X1-be-is-null,X2-which-Which-null,X4-Dock Men-Dock Men-null,X3-nationality-nationality-the,X5-creator-creator-the, X1-subj-X2,X4-has_name-Dry,X4-has_name-Dock Men,X3-of-X4,X1-obj-X3,X1-obl_of-X5, X1-be-is-null,X2-which-Which-null,X4-Dock Dry Men-Dock Dry Men-null,X3-nationality-nationality-the,X5-creator-creator-the, X1-subj-X2,X4-has_name-Dock Dry Men,X3-of-X4,X1-obj-X3,X1-obl_of-X5, X1-be-is-null,X2-which-Which-null,X4-creator-creator-the,X3-nationality-nationality-the,X5-Dock Men-Dock Men-null, X1-subj-X2,X3-of-X4,X1-obj-X3,X5-dry-true,X5-has_name-Dock Men,X1-obl_of-X5, X1-be-is-null,X2-which-Which-null,X4-creator-creator-the,X3-nationality-nationality-the,X5-Dock Men-Dock Men-null, X1-subj-X2,X3-of-X4,X1-obj-X3,X5-has_name-Dry,X5-has_name-Dock Men,X1-obl_of-X5, X1-be-is-null,X2-which-Which-null,X4-creator-creator-the,X3-nationality-nationality-the,X5-Dock Dry Men-Dock Dry Men-null, X1-subj-X2,X3-of-X4,X1-obj-X3,X5-has_name-Dock Dry Men,X1-obl_of-X5,","Drs [
 tokens=[],
 dEntities=[
DEntity(X1, be, is, VERB, null, false, Query1, Query), 
DEntity(X2, which, Which, PRON, null, false, Qualifier2, Qualifier), 
DEntity(X5, Dock Men, Dock Men, PROPN, null, false, Artefact3, Artefact), 
DEntity(X4, creator, creator, NOUN, the, false, Artist4, Artist), 
DEntity(X3, nationality, nationality, NOUN, the, false, ConceptArtist5, ConceptArtist)],
 dConditions=[
DCondition(X1, subj, X2, propriedades= [qQualifier] --- []), 
DCondition(X5, dry, true, propriedades= [] --- [has_name, has_text, who]), 
DCondition(X5, has_name, Dock Men, propriedades= [] --- [has_name, has_text, who]), 
DCondition(X4, of, X5, propriedades= [author_of] --- []), 
DCondition(X3, of, X4, propriedades= [conc_of_Artist] --- []), 
DCondition(X1, obj, X3, propriedades= [select] --- []), 
DCondition(X1, has_text, be, propriedades= [] --- [has_name, has_text, who]), 
DCondition(X2, has_text, which, propriedades= [] --- [has_name, has_text, who]), 
DCondition(X5, has_text, Dock Men, propriedades= [] --- [has_name, has_text, who]), 
DCondition(X4, has_text, creator, propriedades= [] --- [has_name, has_text, who]), 
DCondition(X3, has_text, nationality, propriedades= [] --- [has_name, has_text, who]), 
DCondition(X2, has_name, null list, propriedades= [] --- [has_name, has_text, who]), 
DCondition(X1, obj, X2, propriedades= [qQualifier] --- [])]
 solu��es = []
 numeroFrase = 0
 numHasNames = 2
 numIndividuals = 5
 numEntitiesOk = 10
 numIsClass = 0
 numPropsOk = 5
 numEntitiesNOk = 0
 numClassesOk = 4]"," PREFIX rdf: <http://www.w3.org/1999/02/22-rdf-syntax-ns#> PREFIX xsd: <http://www.w3.org/2001/XMLSchema#> PREFIX rdfs: <http://www.w3.org/2000/01/rdf-schema#> PREFIX cidoc: <http://www.cidoc-crm.org/cidoc-crm/> SELECT  DISTINCT  ?snameConceptArtist5 ?ConceptArtist5 ?snameArtefact3 ?Artefact3 WHERE { {{?Artefact3 cidoc:P131_is_identified_by ?nameArtefact3 . ?nameArtefact3 rdf:value ?snameArtefact3 .}  UNION {?Artefact3 rdfs:label ?snameArtefact3 .}}  filter(regex(?snameArtefact3,""Dock Men"",""i"")) . ?prod cidoc:P14_carried_out_by ?Artist4 . ?Artefact3 cidoc:P108i_was_produced_by ?prod . ?Artist4 rdfs:label ?snameArtist4 . ?Artist4 cidoc:P107i_is_current_or_former_member_of ?ConceptArtist5. ?ConceptArtist5 rdfs:label ?snameConceptArtist5. }",true
120,Which is the nationality of the creator of Early Morning Work?," X1-be-is-null,X2-which-Which-null,X5-Morning work-Morning Work-null,X4-creator-creator-the,X3-nationality-nationality-the, X1-subj-X2,X5-early-true,X5-has_name-Morning work,X4-of-X5,X3-of-X4,X1-obj-X3, X1-be-is-null,X2-which-Which-null,X5-Morning work-Morning Work-null,X4-creator-creator-the,X3-nationality-nationality-the, X1-subj-X2,X5-has_name-Early,X5-has_name-Morning work,X4-of-X5,X3-of-X4,X1-obj-X3, X1-be-is-null,X2-which-Which-null,X5-Morning Early Work-Morning Early Work-null,X4-creator-creator-the,X3-nationality-nationality-the, X1-subj-X2,X5-has_name-Morning Early Work,X4-of-X5,X3-of-X4,X1-obj-X3, X1-be-is-null,X2-which-Which-null,X3-nationality-nationality-the,X5-Morning work-Morning Work-null,X4-creator-creator-the, X1-subj-X2,X1-obj-X3,X5-early-true,X5-has_name-Morning work,X4-of-X5,X1-obl_of-X4, X1-be-is-null,X2-which-Which-null,X3-nationality-nationality-the,X5-Morning work-Morning Work-null,X4-creator-creator-the, X1-subj-X2,X1-obj-X3,X5-has_name-Early,X5-has_name-Morning work,X4-of-X5,X1-obl_of-X4, X1-be-is-null,X2-which-Which-null,X3-nationality-nationality-the,X5-Morning Early Work-Morning Early Work-null,X4-creator-creator-the, X1-subj-X2,X1-obj-X3,X5-has_name-Morning Early Work,X4-of-X5,X1-obl_of-X4, X1-be-is-null,X2-which-Which-null,X3-nationality-nationality-the,X4-creator-creator-the,X5-Morning work-Morning Work-null, X1-subj-X2,X1-obj-X3,X1-obl_of-X4,X5-early-true,X5-has_name-Morning work,X1-obl_of-X5, X1-be-is-null,X2-which-Which-null,X3-nationality-nationality-the,X4-creator-creator-the,X5-Morning work-Morning Work-null, X1-subj-X2,X1-obj-X3,X1-obl_of-X4,X5-has_name-Early,X5-has_name-Morning work,X1-obl_of-X5, X1-be-is-null,X2-which-Which-null,X3-nationality-nationality-the,X4-creator-creator-the,X5-Morning Early Work-Morning Early Work-null, X1-subj-X2,X1-obj-X3,X1-obl_of-X4,X5-has_name-Morning Early Work,X1-obl_of-X5, X1-be-is-null,X2-which-Which-null,X4-creator-creator-the,X5-Morning work-Morning Work-null,X3-nationality-nationality-the, X1-subj-X2,X3-of-X4,X5-early-true,X5-has_name-Morning work,X3-of-X5,X1-obj-X3, X1-be-is-null,X2-which-Which-null,X4-creator-creator-the,X5-Morning work-Morning Work-null,X3-nationality-nationality-the, X1-subj-X2,X3-of-X4,X5-has_name-Early,X5-has_name-Morning work,X3-of-X5,X1-obj-X3, X1-be-is-null,X2-which-Which-null,X4-creator-creator-the,X5-Morning Early Work-Morning Early Work-null,X3-nationality-nationality-the, X1-subj-X2,X3-of-X4,X5-has_name-Morning Early Work,X3-of-X5,X1-obj-X3, X1-be-is-null,X2-which-Which-null,X4-Morning work-Morning Work-null,X3-nationality-nationality-the,X5-creator-creator-the, X1-subj-X2,X4-early-true,X4-has_name-Morning work,X3-of-X4,X1-obj-X3,X1-obl_of-X5, X1-be-is-null,X2-which-Which-null,X4-Morning work-Morning Work-null,X3-nationality-nationality-the,X5-creator-creator-the, X1-subj-X2,X4-has_name-Early,X4-has_name-Morning work,X3-of-X4,X1-obj-X3,X1-obl_of-X5, X1-be-is-null,X2-which-Which-null,X4-Morning Early Work-Morning Early Work-null,X3-nationality-nationality-the,X5-creator-creator-the, X1-subj-X2,X4-has_name-Morning Early Work,X3-of-X4,X1-obj-X3,X1-obl_of-X5, X1-be-is-null,X2-which-Which-null,X4-creator-creator-the,X3-nationality-nationality-the,X5-Morning work-Morning Work-null, X1-subj-X2,X3-of-X4,X1-obj-X3,X5-early-true,X5-has_name-Morning work,X1-obl_of-X5, X1-be-is-null,X2-which-Which-null,X4-creator-creator-the,X3-nationality-nationality-the,X5-Morning work-Morning Work-null, X1-subj-X2,X3-of-X4,X1-obj-X3,X5-has_name-Early,X5-has_name-Morning work,X1-obl_of-X5, X1-be-is-null,X2-which-Which-null,X4-creator-creator-the,X3-nationality-nationality-the,X5-Morning Early Work-Morning Early Work-null, X1-subj-X2,X3-of-X4,X1-obj-X3,X5-has_name-Morning Early Work,X1-obl_of-X5,",Incorrect partial DRS,null,null
121,"Which is the nationality of the creator of East Gate, Damascus?"," X1-be-is-null,X2-which-Which-null,X5-East Gate-East Gate-null,X4-creator-creator-the,X3-nationality-nationality-the, X1-subj-X2,X5-has_name-Damascus,X5-has_name-East Gate,X4-of-X5,X3-of-X4,X1-obj-X3, X1-be-is-null,X2-which-Which-null,X3-nationality-nationality-the,X5-East Gate-East Gate-null,X4-creator-creator-the, X1-subj-X2,X1-obj-X3,X5-has_name-Damascus,X5-has_name-East Gate,X4-of-X5,X1-obl_of-X4, X1-be-is-null,X2-which-Which-null,X3-nationality-nationality-the,X4-creator-creator-the,X5-East Gate-East Gate-null, X1-subj-X2,X1-obj-X3,X1-obl_of-X4,X5-has_name-Damascus,X5-has_name-East Gate,X1-obl_of-X5, X1-be-is-null,X2-which-Which-null,X4-creator-creator-the,X5-East Gate-East Gate-null,X3-nationality-nationality-the, X1-subj-X2,X3-of-X4,X5-has_name-Damascus,X5-has_name-East Gate,X3-of-X5,X1-obj-X3, X1-be-is-null,X2-which-Which-null,X4-East Gate-East Gate-null,X3-nationality-nationality-the,X5-creator-creator-the, X1-subj-X2,X4-has_name-Damascus,X4-has_name-East Gate,X3-of-X4,X1-obj-X3,X1-obl_of-X5, X1-be-is-null,X2-which-Which-null,X4-creator-creator-the,X3-nationality-nationality-the,X5-East Gate-East Gate-null, X1-subj-X2,X3-of-X4,X1-obj-X3,X5-has_name-Damascus,X5-has_name-East Gate,X1-obl_of-X5,","Drs [
 tokens=[],
 dEntities=[
DEntity(X1, be, is, VERB, null, false, Query1, Query), 
DEntity(X2, which, Which, PRON, null, false, Qualifier2, Qualifier), 
DEntity(X5, East Gate, East Gate, PROPN, null, false, Artefact3, Artefact), 
DEntity(X4, creator, creator, NOUN, the, false, Artist4, Artist), 
DEntity(X3, nationality, nationality, NOUN, the, false, ConceptArtist5, ConceptArtist)],
 dConditions=[
DCondition(X1, subj, X2, propriedades= [qQualifier] --- []), 
DCondition(X5, has_name, Damascus, propriedades= [] --- [has_name, has_text, who]), 
DCondition(X5, has_name, East Gate, propriedades= [] --- [has_name, has_text, who]), 
DCondition(X4, of, X5, propriedades= [author_of] --- []), 
DCondition(X3, of, X4, propriedades= [conc_of_Artist] --- []), 
DCondition(X1, obj, X3, propriedades= [select] --- []), 
DCondition(X1, has_text, be, propriedades= [] --- [has_name, has_text, who]), 
DCondition(X2, has_text, which, propriedades= [] --- [has_name, has_text, who]), 
DCondition(X5, has_text, East Gate, propriedades= [] --- [has_name, has_text, who]), 
DCondition(X4, has_text, creator, propriedades= [] --- [has_name, has_text, who]), 
DCondition(X3, has_text, nationality, propriedades= [] --- [has_name, has_text, who]), 
DCondition(X2, has_name, null list, propriedades= [] --- [has_name, has_text, who]), 
DCondition(X1, obj, X2, propriedades= [qQualifier] --- [])]
 solu��es = []
 numeroFrase = 0
 numHasNames = 3
 numIndividuals = 5
 numEntitiesOk = 10
 numIsClass = 0
 numPropsOk = 5
 numEntitiesNOk = 0
 numClassesOk = 4]"," PREFIX rdf: <http://www.w3.org/1999/02/22-rdf-syntax-ns#> PREFIX xsd: <http://www.w3.org/2001/XMLSchema#> PREFIX rdfs: <http://www.w3.org/2000/01/rdf-schema#> PREFIX cidoc: <http://www.cidoc-crm.org/cidoc-crm/> SELECT  DISTINCT  ?snameConceptArtist5 ?ConceptArtist5 ?snameArtefact3 ?Artefact3 WHERE { {{?Artefact3 cidoc:P131_is_identified_by ?nameArtefact3 . ?nameArtefact3 rdf:value ?snameArtefact3 .}  UNION {?Artefact3 rdfs:label ?snameArtefact3 .}}  filter(regex(?snameArtefact3,""Damascus"",""i"")) . {{?Artefact3 cidoc:P131_is_identified_by ?nameArtefact3 . ?nameArtefact3 rdf:value ?snameArtefact3 .}  UNION {?Artefact3 rdfs:label ?snameArtefact3 .}}  filter(regex(?snameArtefact3,""East Gate"",""i"")) . ?prod cidoc:P14_carried_out_by ?Artist4 . ?Artefact3 cidoc:P108i_was_produced_by ?prod . ?Artist4 rdfs:label ?snameArtist4 . ?Artist4 cidoc:P107i_is_current_or_former_member_of ?ConceptArtist5. ?ConceptArtist5 rdfs:label ?snameConceptArtist5. }",true
122,Which is the nationality of the creator of Eddyville?," X1-be-is-null,X2-which-Which-null,X5-Eddyville-Eddyville-null,X4-creator-creator-the,X3-nationality-nationality-the, X1-subj-X2,X5-has_name-Eddyville,X4-of-X5,X3-of-X4,X1-obj-X3, X1-be-is-null,X2-which-Which-null,X3-nationality-nationality-the,X5-Eddyville-Eddyville-null,X4-creator-creator-the, X1-subj-X2,X1-obj-X3,X5-has_name-Eddyville,X4-of-X5,X1-obl_of-X4, X1-be-is-null,X2-which-Which-null,X3-nationality-nationality-the,X4-creator-creator-the,X5-Eddyville-Eddyville-null, X1-subj-X2,X1-obj-X3,X1-obl_of-X4,X5-has_name-Eddyville,X1-obl_of-X5, X1-be-is-null,X2-which-Which-null,X4-creator-creator-the,X5-Eddyville-Eddyville-null,X3-nationality-nationality-the, X1-subj-X2,X3-of-X4,X5-has_name-Eddyville,X3-of-X5,X1-obj-X3, X1-be-is-null,X2-which-Which-null,X4-Eddyville-Eddyville-null,X3-nationality-nationality-the,X5-creator-creator-the, X1-subj-X2,X4-has_name-Eddyville,X3-of-X4,X1-obj-X3,X1-obl_of-X5, X1-be-is-null,X2-which-Which-null,X4-creator-creator-the,X3-nationality-nationality-the,X5-Eddyville-Eddyville-null, X1-subj-X2,X3-of-X4,X1-obj-X3,X5-has_name-Eddyville,X1-obl_of-X5,","Drs [
 tokens=[],
 dEntities=[
DEntity(X1, be, is, VERB, null, false, Query1, Query), 
DEntity(X2, which, Which, PRON, null, false, Qualifier2, Qualifier), 
DEntity(X5, Eddyville, Eddyville, PROPN, null, false, Artefact3, Artefact), 
DEntity(X4, creator, creator, NOUN, the, false, Artist4, Artist), 
DEntity(X3, nationality, nationality, NOUN, the, false, ConceptArtist5, ConceptArtist)],
 dConditions=[
DCondition(X1, subj, X2, propriedades= [qQualifier] --- []), 
DCondition(X5, has_name, Eddyville, propriedades= [] --- [has_name, has_text, who]), 
DCondition(X4, of, X5, propriedades= [author_of] --- []), 
DCondition(X3, of, X4, propriedades= [conc_of_Artist] --- []), 
DCondition(X1, obj, X3, propriedades= [select] --- []), 
DCondition(X1, has_text, be, propriedades= [] --- [has_name, has_text, who]), 
DCondition(X2, has_text, which, propriedades= [] --- [has_name, has_text, who]), 
DCondition(X5, has_text, Eddyville, propriedades= [] --- [has_name, has_text, who]), 
DCondition(X4, has_text, creator, propriedades= [] --- [has_name, has_text, who]), 
DCondition(X3, has_text, nationality, propriedades= [] --- [has_name, has_text, who]), 
DCondition(X2, has_name, null list, propriedades= [] --- [has_name, has_text, who]), 
DCondition(X1, obj, X2, propriedades= [qQualifier] --- [])]
 solu��es = []
 numeroFrase = 0
 numHasNames = 2
 numIndividuals = 5
 numEntitiesOk = 10
 numIsClass = 0
 numPropsOk = 5
 numEntitiesNOk = 0
 numClassesOk = 4]"," PREFIX rdf: <http://www.w3.org/1999/02/22-rdf-syntax-ns#> PREFIX xsd: <http://www.w3.org/2001/XMLSchema#> PREFIX rdfs: <http://www.w3.org/2000/01/rdf-schema#> PREFIX cidoc: <http://www.cidoc-crm.org/cidoc-crm/> SELECT  DISTINCT  ?snameConceptArtist5 ?ConceptArtist5 ?snameArtefact3 ?Artefact3 WHERE { {{?Artefact3 cidoc:P131_is_identified_by ?nameArtefact3 . ?nameArtefact3 rdf:value ?snameArtefact3 .}  UNION {?Artefact3 rdfs:label ?snameArtefact3 .}}  filter(regex(?snameArtefact3,""Eddyville"",""i"")) . ?prod cidoc:P14_carried_out_by ?Artist4 . ?Artefact3 cidoc:P108i_was_produced_by ?prod . ?Artist4 rdfs:label ?snameArtist4 . ?Artist4 cidoc:P107i_is_current_or_former_member_of ?ConceptArtist5. ?ConceptArtist5 rdfs:label ?snameConceptArtist5. }",true
123,Which is the nationality of the creator of Eglise Saint Joseph?," X1-be-is-null,X2-which-Which-null,X5-Eglise Saint Joseph-Eglise-null,X4-creator-creator-the,X3-nationality-nationality-the, X1-subj-X2,X5-has_name-Eglise Saint Joseph,X4-of-X5,X3-of-X4,X1-obj-X3, X1-be-is-null,X2-which-Which-null,X3-nationality-nationality-the,X5-Eglise Saint Joseph-Eglise-null,X4-creator-creator-the, X1-subj-X2,X1-obj-X3,X5-has_name-Eglise Saint Joseph,X4-of-X5,X1-obl_of-X4, X1-be-is-null,X2-which-Which-null,X3-nationality-nationality-the,X4-creator-creator-the,X5-Eglise Saint Joseph-Eglise-null, X1-subj-X2,X1-obj-X3,X1-obl_of-X4,X5-has_name-Eglise Saint Joseph,X1-obl_of-X5, X1-be-is-null,X2-which-Which-null,X4-creator-creator-the,X5-Eglise Saint Joseph-Eglise-null,X3-nationality-nationality-the, X1-subj-X2,X3-of-X4,X5-has_name-Eglise Saint Joseph,X3-of-X5,X1-obj-X3, X1-be-is-null,X2-which-Which-null,X4-Eglise Saint Joseph-Eglise-null,X3-nationality-nationality-the,X5-creator-creator-the, X1-subj-X2,X4-has_name-Eglise Saint Joseph,X3-of-X4,X1-obj-X3,X1-obl_of-X5, X1-be-is-null,X2-which-Which-null,X4-creator-creator-the,X3-nationality-nationality-the,X5-Eglise Saint Joseph-Eglise-null, X1-subj-X2,X3-of-X4,X1-obj-X3,X5-has_name-Eglise Saint Joseph,X1-obl_of-X5,","Drs [
 tokens=[],
 dEntities=[
DEntity(X1, be, is, VERB, null, false, Query1, Query), 
DEntity(X2, which, Which, PRON, null, false, Qualifier2, Qualifier), 
DEntity(X5, Eglise Saint Joseph, Eglise, PROPN, null, false, Artefact3, Artefact), 
DEntity(X4, creator, creator, NOUN, the, false, Artist4, Artist), 
DEntity(X3, nationality, nationality, NOUN, the, false, ConceptArtist5, ConceptArtist)],
 dConditions=[
DCondition(X1, subj, X2, propriedades= [qQualifier] --- []), 
DCondition(X5, has_name, Eglise Saint Joseph, propriedades= [] --- [has_name, has_text, who]), 
DCondition(X4, of, X5, propriedades= [author_of] --- []), 
DCondition(X3, of, X4, propriedades= [conc_of_Artist] --- []), 
DCondition(X1, obj, X3, propriedades= [select] --- []), 
DCondition(X1, has_text, be, propriedades= [] --- [has_name, has_text, who]), 
DCondition(X2, has_text, which, propriedades= [] --- [has_name, has_text, who]), 
DCondition(X5, has_text, Eglise Saint Joseph, propriedades= [] --- [has_name, has_text, who]), 
DCondition(X4, has_text, creator, propriedades= [] --- [has_name, has_text, who]), 
DCondition(X3, has_text, nationality, propriedades= [] --- [has_name, has_text, who]), 
DCondition(X2, has_name, null list, propriedades= [] --- [has_name, has_text, who]), 
DCondition(X1, obj, X2, propriedades= [qQualifier] --- [])]
 solu��es = []
 numeroFrase = 0
 numHasNames = 2
 numIndividuals = 5
 numEntitiesOk = 10
 numIsClass = 0
 numPropsOk = 5
 numEntitiesNOk = 0
 numClassesOk = 4]"," PREFIX rdf: <http://www.w3.org/1999/02/22-rdf-syntax-ns#> PREFIX xsd: <http://www.w3.org/2001/XMLSchema#> PREFIX rdfs: <http://www.w3.org/2000/01/rdf-schema#> PREFIX cidoc: <http://www.cidoc-crm.org/cidoc-crm/> SELECT  DISTINCT  ?snameConceptArtist5 ?ConceptArtist5 ?snameArtefact3 ?Artefact3 WHERE { {{?Artefact3 cidoc:P131_is_identified_by ?nameArtefact3 . ?nameArtefact3 rdf:value ?snameArtefact3 .}  UNION {?Artefact3 rdfs:label ?snameArtefact3 .}}  filter(regex(?snameArtefact3,""Eglise Saint Joseph"",""i"")) . ?prod cidoc:P14_carried_out_by ?Artist4 . ?Artefact3 cidoc:P108i_was_produced_by ?prod . ?Artist4 rdfs:label ?snameArtist4 . ?Artist4 cidoc:P107i_is_current_or_former_member_of ?ConceptArtist5. ?ConceptArtist5 rdfs:label ?snameConceptArtist5. }",true
124,Which is the nationality of the creator of Elevated Turn?," X1-be-is-null,X2-which-Which-null,X5-turn-Turn-null,X4-creator-creator-the,X3-nationality-nationality-the, X1-subj-X2,X5-elevate-true,X4-of-X5,X3-of-X4,X1-obj-X3, X1-be-is-null,X2-which-Which-null,X5-turn-Turn-null,X4-creator-creator-the,X3-nationality-nationality-the, X1-subj-X2,X5-has_name-Elevated,X4-of-X5,X3-of-X4,X1-obj-X3, X1-be-is-null,X2-which-Which-null,X5-Elevated Turn-Elevated Turn-null,X4-creator-creator-the,X3-nationality-nationality-the, X1-subj-X2,X4-of-X5,X3-of-X4,X1-obj-X3, X1-be-is-null,X2-which-Which-null,X3-nationality-nationality-the,X5-turn-Turn-null,X4-creator-creator-the, X1-subj-X2,X1-obj-X3,X5-elevate-true,X4-of-X5,X1-obl_of-X4, X1-be-is-null,X2-which-Which-null,X3-nationality-nationality-the,X5-turn-Turn-null,X4-creator-creator-the, X1-subj-X2,X1-obj-X3,X5-has_name-Elevated,X4-of-X5,X1-obl_of-X4, X1-be-is-null,X2-which-Which-null,X3-nationality-nationality-the,X5-Elevated Turn-Elevated Turn-null,X4-creator-creator-the, X1-subj-X2,X1-obj-X3,X4-of-X5,X1-obl_of-X4, X1-be-is-null,X2-which-Which-null,X3-nationality-nationality-the,X4-creator-creator-the,X5-turn-Turn-null, X1-subj-X2,X1-obj-X3,X1-obl_of-X4,X5-elevate-true,X1-obl_of-X5, X1-be-is-null,X2-which-Which-null,X3-nationality-nationality-the,X4-creator-creator-the,X5-turn-Turn-null, X1-subj-X2,X1-obj-X3,X1-obl_of-X4,X5-has_name-Elevated,X1-obl_of-X5, X1-be-is-null,X2-which-Which-null,X3-nationality-nationality-the,X4-creator-creator-the,X5-Elevated Turn-Elevated Turn-null, X1-subj-X2,X1-obj-X3,X1-obl_of-X4,X1-obl_of-X5, X1-be-is-null,X2-which-Which-null,X4-creator-creator-the,X5-turn-Turn-null,X3-nationality-nationality-the, X1-subj-X2,X3-of-X4,X5-elevate-true,X3-of-X5,X1-obj-X3, X1-be-is-null,X2-which-Which-null,X4-creator-creator-the,X5-turn-Turn-null,X3-nationality-nationality-the, X1-subj-X2,X3-of-X4,X5-has_name-Elevated,X3-of-X5,X1-obj-X3, X1-be-is-null,X2-which-Which-null,X4-creator-creator-the,X5-Elevated Turn-Elevated Turn-null,X3-nationality-nationality-the, X1-subj-X2,X3-of-X4,X3-of-X5,X1-obj-X3, X1-be-is-null,X2-which-Which-null,X4-turn-Turn-null,X3-nationality-nationality-the,X5-creator-creator-the, X1-subj-X2,X4-elevate-true,X3-of-X4,X1-obj-X3,X1-obl_of-X5, X1-be-is-null,X2-which-Which-null,X4-turn-Turn-null,X3-nationality-nationality-the,X5-creator-creator-the, X1-subj-X2,X4-has_name-Elevated,X3-of-X4,X1-obj-X3,X1-obl_of-X5, X1-be-is-null,X2-which-Which-null,X4-Elevated Turn-Elevated Turn-null,X3-nationality-nationality-the,X5-creator-creator-the, X1-subj-X2,X3-of-X4,X1-obj-X3,X1-obl_of-X5, X1-be-is-null,X2-which-Which-null,X4-creator-creator-the,X3-nationality-nationality-the,X5-turn-Turn-null, X1-subj-X2,X3-of-X4,X1-obj-X3,X5-elevate-true,X1-obl_of-X5, X1-be-is-null,X2-which-Which-null,X4-creator-creator-the,X3-nationality-nationality-the,X5-turn-Turn-null, X1-subj-X2,X3-of-X4,X1-obj-X3,X5-has_name-Elevated,X1-obl_of-X5, X1-be-is-null,X2-which-Which-null,X4-creator-creator-the,X3-nationality-nationality-the,X5-Elevated Turn-Elevated Turn-null, X1-subj-X2,X3-of-X4,X1-obj-X3,X1-obl_of-X5,",Incorrect partial DRS,null,null
125,Which is the nationality of the creator of Elizabeth Gibson Powers?," X1-be-is-null,X2-which-Which-null,X5-Elizabeth Gibson Powers-Elizabeth Powers-null,X4-creator-creator-the,X3-nationality-nationality-the, X1-subj-X2,X5-has_name-Elizabeth Gibson Powers,X4-of-X5,X3-of-X4,X1-obj-X3, X1-be-is-null,X2-which-Which-null,X3-nationality-nationality-the,X5-Elizabeth Gibson Powers-Elizabeth Powers-null,X4-creator-creator-the, X1-subj-X2,X1-obj-X3,X5-has_name-Elizabeth Gibson Powers,X4-of-X5,X1-obl_of-X4, X1-be-is-null,X2-which-Which-null,X3-nationality-nationality-the,X4-creator-creator-the,X5-Elizabeth Gibson Powers-Elizabeth Powers-null, X1-subj-X2,X1-obj-X3,X1-obl_of-X4,X5-has_name-Elizabeth Gibson Powers,X1-obl_of-X5, X1-be-is-null,X2-which-Which-null,X4-creator-creator-the,X5-Elizabeth Gibson Powers-Elizabeth Powers-null,X3-nationality-nationality-the, X1-subj-X2,X3-of-X4,X5-has_name-Elizabeth Gibson Powers,X3-of-X5,X1-obj-X3, X1-be-is-null,X2-which-Which-null,X4-Elizabeth Gibson Powers-Elizabeth Powers-null,X3-nationality-nationality-the,X5-creator-creator-the, X1-subj-X2,X4-has_name-Elizabeth Gibson Powers,X3-of-X4,X1-obj-X3,X1-obl_of-X5, X1-be-is-null,X2-which-Which-null,X4-creator-creator-the,X3-nationality-nationality-the,X5-Elizabeth Gibson Powers-Elizabeth Powers-null, X1-subj-X2,X3-of-X4,X1-obj-X3,X5-has_name-Elizabeth Gibson Powers,X1-obl_of-X5,","Drs [
 tokens=[],
 dEntities=[
DEntity(X1, be, is, VERB, null, false, Query1, Query), 
DEntity(X2, which, Which, PRON, null, false, Qualifier2, Qualifier), 
DEntity(X5, Elizabeth Gibson Powers, Elizabeth Powers, PROPN, null, false, Artefact3, Artefact), 
DEntity(X4, creator, creator, NOUN, the, false, Artist4, Artist), 
DEntity(X3, nationality, nationality, NOUN, the, false, ConceptArtist5, ConceptArtist)],
 dConditions=[
DCondition(X1, subj, X2, propriedades= [qQualifier] --- []), 
DCondition(X5, has_name, Elizabeth Gibson Powers, propriedades= [] --- [has_name, has_text, who]), 
DCondition(X4, of, X5, propriedades= [author_of] --- []), 
DCondition(X3, of, X4, propriedades= [conc_of_Artist] --- []), 
DCondition(X1, obj, X3, propriedades= [select] --- []), 
DCondition(X1, has_text, be, propriedades= [] --- [has_name, has_text, who]), 
DCondition(X2, has_text, which, propriedades= [] --- [has_name, has_text, who]), 
DCondition(X5, has_text, Elizabeth Gibson Powers, propriedades= [] --- [has_name, has_text, who]), 
DCondition(X4, has_text, creator, propriedades= [] --- [has_name, has_text, who]), 
DCondition(X3, has_text, nationality, propriedades= [] --- [has_name, has_text, who]), 
DCondition(X2, has_name, null list, propriedades= [] --- [has_name, has_text, who]), 
DCondition(X1, obj, X2, propriedades= [qQualifier] --- [])]
 solu��es = []
 numeroFrase = 0
 numHasNames = 2
 numIndividuals = 5
 numEntitiesOk = 10
 numIsClass = 0
 numPropsOk = 5
 numEntitiesNOk = 0
 numClassesOk = 4]"," PREFIX rdf: <http://www.w3.org/1999/02/22-rdf-syntax-ns#> PREFIX xsd: <http://www.w3.org/2001/XMLSchema#> PREFIX rdfs: <http://www.w3.org/2000/01/rdf-schema#> PREFIX cidoc: <http://www.cidoc-crm.org/cidoc-crm/> SELECT  DISTINCT  ?snameConceptArtist5 ?ConceptArtist5 ?snameArtefact3 ?Artefact3 WHERE { {{?Artefact3 cidoc:P131_is_identified_by ?nameArtefact3 . ?nameArtefact3 rdf:value ?snameArtefact3 .}  UNION {?Artefact3 rdfs:label ?snameArtefact3 .}}  filter(regex(?snameArtefact3,""Elizabeth Gibson Powers"",""i"")) . ?prod cidoc:P14_carried_out_by ?Artist4 . ?Artefact3 cidoc:P108i_was_produced_by ?prod . ?Artist4 rdfs:label ?snameArtist4 . ?Artist4 cidoc:P107i_is_current_or_former_member_of ?ConceptArtist5. ?ConceptArtist5 rdfs:label ?snameConceptArtist5. }",true
126,Which is the nationality of the creator of Encompassed in Purple?,,Incorrect Stanza Parsing,null,null
127,Which is the nationality of the creator of Erased Lynchings?," X1-be-is-null,X2-which-Which-null,X5-Erased Lynchings-Erased Lynchings-null,X4-creator-creator-the,X3-nationality-nationality-the, X1-subj-X2,X5-has_name-Erased Lynchings,X4-of-X5,X3-of-X4,X1-obj-X3, X1-be-is-null,X2-which-Which-null,X3-nationality-nationality-the,X5-Erased Lynchings-Erased Lynchings-null,X4-creator-creator-the, X1-subj-X2,X1-obj-X3,X5-has_name-Erased Lynchings,X4-of-X5,X1-obl_of-X4, X1-be-is-null,X2-which-Which-null,X3-nationality-nationality-the,X4-creator-creator-the,X5-Erased Lynchings-Erased Lynchings-null, X1-subj-X2,X1-obj-X3,X1-obl_of-X4,X5-has_name-Erased Lynchings,X1-obl_of-X5, X1-be-is-null,X2-which-Which-null,X4-creator-creator-the,X5-Erased Lynchings-Erased Lynchings-null,X3-nationality-nationality-the, X1-subj-X2,X3-of-X4,X5-has_name-Erased Lynchings,X3-of-X5,X1-obj-X3, X1-be-is-null,X2-which-Which-null,X4-Erased Lynchings-Erased Lynchings-null,X3-nationality-nationality-the,X5-creator-creator-the, X1-subj-X2,X4-has_name-Erased Lynchings,X3-of-X4,X1-obj-X3,X1-obl_of-X5, X1-be-is-null,X2-which-Which-null,X4-creator-creator-the,X3-nationality-nationality-the,X5-Erased Lynchings-Erased Lynchings-null, X1-subj-X2,X3-of-X4,X1-obj-X3,X5-has_name-Erased Lynchings,X1-obl_of-X5,","Drs [
 tokens=[],
 dEntities=[
DEntity(X1, be, is, VERB, null, false, Query1, Query), 
DEntity(X2, which, Which, PRON, null, false, Qualifier2, Qualifier), 
DEntity(X5, Lynchings, Lynchings, PROPN, null, false, Artefact3, Artefact), 
DEntity(X4, creator, creator, NOUN, the, false, Artist4, Artist), 
DEntity(X3, nationality, nationality, NOUN, the, false, ConceptArtist5, ConceptArtist)],
 dConditions=[
DCondition(X1, subj, X2, propriedades= [qQualifier] --- []), 
DCondition(X5, erase, true, propriedades= [] --- [has_name, has_text, who]), 
DCondition(X5, has_name, Lynchings, propriedades= [] --- [has_name, has_text, who]), 
DCondition(X4, of, X5, propriedades= [author_of] --- []), 
DCondition(X3, of, X4, propriedades= [conc_of_Artist] --- []), 
DCondition(X1, obj, X3, propriedades= [select] --- []), 
DCondition(X1, has_text, be, propriedades= [] --- [has_name, has_text, who]), 
DCondition(X2, has_text, which, propriedades= [] --- [has_name, has_text, who]), 
DCondition(X5, has_text, Lynchings, propriedades= [] --- [has_name, has_text, who]), 
DCondition(X4, has_text, creator, propriedades= [] --- [has_name, has_text, who]), 
DCondition(X3, has_text, nationality, propriedades= [] --- [has_name, has_text, who]), 
DCondition(X2, has_name, null list, propriedades= [] --- [has_name, has_text, who]), 
DCondition(X1, obj, X2, propriedades= [qQualifier] --- [])]
 solu��es = []
 numeroFrase = 0
 numHasNames = 2
 numIndividuals = 5
 numEntitiesOk = 10
 numIsClass = 0
 numPropsOk = 5
 numEntitiesNOk = 0
 numClassesOk = 4]"," PREFIX rdf: <http://www.w3.org/1999/02/22-rdf-syntax-ns#> PREFIX xsd: <http://www.w3.org/2001/XMLSchema#> PREFIX rdfs: <http://www.w3.org/2000/01/rdf-schema#> PREFIX cidoc: <http://www.cidoc-crm.org/cidoc-crm/> SELECT  DISTINCT  ?snameConceptArtist5 ?ConceptArtist5 ?snameArtefact3 ?Artefact3 WHERE { {{?Artefact3 cidoc:P131_is_identified_by ?nameArtefact3 . ?nameArtefact3 rdf:value ?snameArtefact3 .}  UNION {?Artefact3 rdfs:label ?snameArtefact3 .}}  filter(regex(?snameArtefact3,""Lynchings"",""i"")) . ?prod cidoc:P14_carried_out_by ?Artist4 . ?Artefact3 cidoc:P108i_was_produced_by ?prod . ?Artist4 rdfs:label ?snameArtist4 . ?Artist4 cidoc:P107i_is_current_or_former_member_of ?ConceptArtist5. ?ConceptArtist5 rdfs:label ?snameConceptArtist5. }",true
128,Which is the nationality of the creator of Escaped Bull?," X1-be-is-null,X2-which-Which-null,X5-Bull-Bull-null,X4-creator-creator-the,X3-nationality-nationality-the, X1-subj-X2,X5-escape-true,X5-has_name-Bull,X4-of-X5,X3-of-X4,X1-obj-X3, X1-be-is-null,X2-which-Which-null,X5-Bull-Bull-null,X4-creator-creator-the,X3-nationality-nationality-the, X1-subj-X2,X5-has_name-Escaped,X5-has_name-Bull,X4-of-X5,X3-of-X4,X1-obj-X3, X1-be-is-null,X2-which-Which-null,X5-Escaped Bull-Escaped Bull-null,X4-creator-creator-the,X3-nationality-nationality-the, X1-subj-X2,X5-has_name-Escaped Bull,X4-of-X5,X3-of-X4,X1-obj-X3, X1-be-is-null,X2-which-Which-null,X3-nationality-nationality-the,X5-Bull-Bull-null,X4-creator-creator-the, X1-subj-X2,X1-obj-X3,X5-escape-true,X5-has_name-Bull,X4-of-X5,X1-obl_of-X4, X1-be-is-null,X2-which-Which-null,X3-nationality-nationality-the,X5-Bull-Bull-null,X4-creator-creator-the, X1-subj-X2,X1-obj-X3,X5-has_name-Escaped,X5-has_name-Bull,X4-of-X5,X1-obl_of-X4, X1-be-is-null,X2-which-Which-null,X3-nationality-nationality-the,X5-Escaped Bull-Escaped Bull-null,X4-creator-creator-the, X1-subj-X2,X1-obj-X3,X5-has_name-Escaped Bull,X4-of-X5,X1-obl_of-X4, X1-be-is-null,X2-which-Which-null,X3-nationality-nationality-the,X4-creator-creator-the,X5-Bull-Bull-null, X1-subj-X2,X1-obj-X3,X1-obl_of-X4,X5-escape-true,X5-has_name-Bull,X1-obl_of-X5, X1-be-is-null,X2-which-Which-null,X3-nationality-nationality-the,X4-creator-creator-the,X5-Bull-Bull-null, X1-subj-X2,X1-obj-X3,X1-obl_of-X4,X5-has_name-Escaped,X5-has_name-Bull,X1-obl_of-X5, X1-be-is-null,X2-which-Which-null,X3-nationality-nationality-the,X4-creator-creator-the,X5-Escaped Bull-Escaped Bull-null, X1-subj-X2,X1-obj-X3,X1-obl_of-X4,X5-has_name-Escaped Bull,X1-obl_of-X5, X1-be-is-null,X2-which-Which-null,X4-creator-creator-the,X5-Bull-Bull-null,X3-nationality-nationality-the, X1-subj-X2,X3-of-X4,X5-escape-true,X5-has_name-Bull,X3-of-X5,X1-obj-X3, X1-be-is-null,X2-which-Which-null,X4-creator-creator-the,X5-Bull-Bull-null,X3-nationality-nationality-the, X1-subj-X2,X3-of-X4,X5-has_name-Escaped,X5-has_name-Bull,X3-of-X5,X1-obj-X3, X1-be-is-null,X2-which-Which-null,X4-creator-creator-the,X5-Escaped Bull-Escaped Bull-null,X3-nationality-nationality-the, X1-subj-X2,X3-of-X4,X5-has_name-Escaped Bull,X3-of-X5,X1-obj-X3, X1-be-is-null,X2-which-Which-null,X4-Bull-Bull-null,X3-nationality-nationality-the,X5-creator-creator-the, X1-subj-X2,X4-escape-true,X4-has_name-Bull,X3-of-X4,X1-obj-X3,X1-obl_of-X5, X1-be-is-null,X2-which-Which-null,X4-Bull-Bull-null,X3-nationality-nationality-the,X5-creator-creator-the, X1-subj-X2,X4-has_name-Escaped,X4-has_name-Bull,X3-of-X4,X1-obj-X3,X1-obl_of-X5, X1-be-is-null,X2-which-Which-null,X4-Escaped Bull-Escaped Bull-null,X3-nationality-nationality-the,X5-creator-creator-the, X1-subj-X2,X4-has_name-Escaped Bull,X3-of-X4,X1-obj-X3,X1-obl_of-X5, X1-be-is-null,X2-which-Which-null,X4-creator-creator-the,X3-nationality-nationality-the,X5-Bull-Bull-null, X1-subj-X2,X3-of-X4,X1-obj-X3,X5-escape-true,X5-has_name-Bull,X1-obl_of-X5, X1-be-is-null,X2-which-Which-null,X4-creator-creator-the,X3-nationality-nationality-the,X5-Bull-Bull-null, X1-subj-X2,X3-of-X4,X1-obj-X3,X5-has_name-Escaped,X5-has_name-Bull,X1-obl_of-X5, X1-be-is-null,X2-which-Which-null,X4-creator-creator-the,X3-nationality-nationality-the,X5-Escaped Bull-Escaped Bull-null, X1-subj-X2,X3-of-X4,X1-obj-X3,X5-has_name-Escaped Bull,X1-obl_of-X5,","Drs [
 tokens=[],
 dEntities=[
DEntity(X1, be, is, VERB, null, false, Query1, Query), 
DEntity(X2, which, Which, PRON, null, false, Qualifier2, Qualifier), 
DEntity(X5, Bull, Bull, PROPN, null, false, Artefact3, Artefact), 
DEntity(X4, creator, creator, NOUN, the, false, Artist4, Artist), 
DEntity(X3, nationality, nationality, NOUN, the, false, ConceptArtist5, ConceptArtist)],
 dConditions=[
DCondition(X1, subj, X2, propriedades= [qQualifier] --- []), 
DCondition(X5, escape, true, propriedades= [] --- [has_name, has_text, who]), 
DCondition(X5, has_name, Bull, propriedades= [] --- [has_name, has_text, who]), 
DCondition(X4, of, X5, propriedades= [author_of] --- []), 
DCondition(X3, of, X4, propriedades= [conc_of_Artist] --- []), 
DCondition(X1, obj, X3, propriedades= [select] --- []), 
DCondition(X1, has_text, be, propriedades= [] --- [has_name, has_text, who]), 
DCondition(X2, has_text, which, propriedades= [] --- [has_name, has_text, who]), 
DCondition(X5, has_text, Bull, propriedades= [] --- [has_name, has_text, who]), 
DCondition(X4, has_text, creator, propriedades= [] --- [has_name, has_text, who]), 
DCondition(X3, has_text, nationality, propriedades= [] --- [has_name, has_text, who]), 
DCondition(X2, has_name, null list, propriedades= [] --- [has_name, has_text, who]), 
DCondition(X1, obj, X2, propriedades= [qQualifier] --- [])]
 solu��es = []
 numeroFrase = 0
 numHasNames = 2
 numIndividuals = 5
 numEntitiesOk = 10
 numIsClass = 0
 numPropsOk = 5
 numEntitiesNOk = 0
 numClassesOk = 4]"," PREFIX rdf: <http://www.w3.org/1999/02/22-rdf-syntax-ns#> PREFIX xsd: <http://www.w3.org/2001/XMLSchema#> PREFIX rdfs: <http://www.w3.org/2000/01/rdf-schema#> PREFIX cidoc: <http://www.cidoc-crm.org/cidoc-crm/> SELECT  DISTINCT  ?snameConceptArtist5 ?ConceptArtist5 ?snameArtefact3 ?Artefact3 WHERE { {{?Artefact3 cidoc:P131_is_identified_by ?nameArtefact3 . ?nameArtefact3 rdf:value ?snameArtefact3 .}  UNION {?Artefact3 rdfs:label ?snameArtefact3 .}}  filter(regex(?snameArtefact3,""Bull"",""i"")) . ?prod cidoc:P14_carried_out_by ?Artist4 . ?Artefact3 cidoc:P108i_was_produced_by ?prod . ?Artist4 rdfs:label ?snameArtist4 . ?Artist4 cidoc:P107i_is_current_or_former_member_of ?ConceptArtist5. ?ConceptArtist5 rdfs:label ?snameConceptArtist5. }",true
129,Which is the nationality of the creator of Esther?," X1-be-is-null,X2-which-Which-null,X5-Esther-Esther-null,X4-creator-creator-the,X3-nationality-nationality-the, X1-subj-X2,X5-has_name-Esther,X4-of-X5,X3-of-X4,X1-obj-X3, X1-be-is-null,X2-which-Which-null,X3-nationality-nationality-the,X5-Esther-Esther-null,X4-creator-creator-the, X1-subj-X2,X1-obj-X3,X5-has_name-Esther,X4-of-X5,X1-obl_of-X4, X1-be-is-null,X2-which-Which-null,X3-nationality-nationality-the,X4-creator-creator-the,X5-Esther-Esther-null, X1-subj-X2,X1-obj-X3,X1-obl_of-X4,X5-has_name-Esther,X1-obl_of-X5, X1-be-is-null,X2-which-Which-null,X4-creator-creator-the,X5-Esther-Esther-null,X3-nationality-nationality-the, X1-subj-X2,X3-of-X4,X5-has_name-Esther,X3-of-X5,X1-obj-X3, X1-be-is-null,X2-which-Which-null,X4-Esther-Esther-null,X3-nationality-nationality-the,X5-creator-creator-the, X1-subj-X2,X4-has_name-Esther,X3-of-X4,X1-obj-X3,X1-obl_of-X5, X1-be-is-null,X2-which-Which-null,X4-creator-creator-the,X3-nationality-nationality-the,X5-Esther-Esther-null, X1-subj-X2,X3-of-X4,X1-obj-X3,X5-has_name-Esther,X1-obl_of-X5,","Drs [
 tokens=[],
 dEntities=[
DEntity(X1, be, is, VERB, null, false, Query1, Query), 
DEntity(X2, which, Which, PRON, null, false, Qualifier2, Qualifier), 
DEntity(X5, Esther, Esther, PROPN, null, false, Artefact3, Artefact), 
DEntity(X4, creator, creator, NOUN, the, false, Artist4, Artist), 
DEntity(X3, nationality, nationality, NOUN, the, false, ConceptArtist5, ConceptArtist)],
 dConditions=[
DCondition(X1, subj, X2, propriedades= [qQualifier] --- []), 
DCondition(X5, has_name, Esther, propriedades= [] --- [has_name, has_text, who]), 
DCondition(X4, of, X5, propriedades= [author_of] --- []), 
DCondition(X3, of, X4, propriedades= [conc_of_Artist] --- []), 
DCondition(X1, obj, X3, propriedades= [select] --- []), 
DCondition(X1, has_text, be, propriedades= [] --- [has_name, has_text, who]), 
DCondition(X2, has_text, which, propriedades= [] --- [has_name, has_text, who]), 
DCondition(X5, has_text, Esther, propriedades= [] --- [has_name, has_text, who]), 
DCondition(X4, has_text, creator, propriedades= [] --- [has_name, has_text, who]), 
DCondition(X3, has_text, nationality, propriedades= [] --- [has_name, has_text, who]), 
DCondition(X2, has_name, null list, propriedades= [] --- [has_name, has_text, who]), 
DCondition(X1, obj, X2, propriedades= [qQualifier] --- [])]
 solu��es = []
 numeroFrase = 0
 numHasNames = 2
 numIndividuals = 5
 numEntitiesOk = 10
 numIsClass = 0
 numPropsOk = 5
 numEntitiesNOk = 0
 numClassesOk = 4]"," PREFIX rdf: <http://www.w3.org/1999/02/22-rdf-syntax-ns#> PREFIX xsd: <http://www.w3.org/2001/XMLSchema#> PREFIX rdfs: <http://www.w3.org/2000/01/rdf-schema#> PREFIX cidoc: <http://www.cidoc-crm.org/cidoc-crm/> SELECT  DISTINCT  ?snameConceptArtist5 ?ConceptArtist5 ?snameArtefact3 ?Artefact3 WHERE { {{?Artefact3 cidoc:P131_is_identified_by ?nameArtefact3 . ?nameArtefact3 rdf:value ?snameArtefact3 .}  UNION {?Artefact3 rdfs:label ?snameArtefact3 .}}  filter(regex(?snameArtefact3,""Esther"",""i"")) . ?prod cidoc:P14_carried_out_by ?Artist4 . ?Artefact3 cidoc:P108i_was_produced_by ?prod . ?Artist4 rdfs:label ?snameArtist4 . ?Artist4 cidoc:P107i_is_current_or_former_member_of ?ConceptArtist5. ?ConceptArtist5 rdfs:label ?snameConceptArtist5. }",true
130,Which is the nationality of the creator of Evangeline?," X1-be-is-null,X2-which-Which-null,X5-Evangeline-Evangeline-null,X4-creator-creator-the,X3-nationality-nationality-the, X1-subj-X2,X5-has_name-Evangeline,X4-of-X5,X3-of-X4,X1-obj-X3, X1-be-is-null,X2-which-Which-null,X3-nationality-nationality-the,X5-Evangeline-Evangeline-null,X4-creator-creator-the, X1-subj-X2,X1-obj-X3,X5-has_name-Evangeline,X4-of-X5,X1-obl_of-X4, X1-be-is-null,X2-which-Which-null,X3-nationality-nationality-the,X4-creator-creator-the,X5-Evangeline-Evangeline-null, X1-subj-X2,X1-obj-X3,X1-obl_of-X4,X5-has_name-Evangeline,X1-obl_of-X5, X1-be-is-null,X2-which-Which-null,X4-creator-creator-the,X5-Evangeline-Evangeline-null,X3-nationality-nationality-the, X1-subj-X2,X3-of-X4,X5-has_name-Evangeline,X3-of-X5,X1-obj-X3, X1-be-is-null,X2-which-Which-null,X4-Evangeline-Evangeline-null,X3-nationality-nationality-the,X5-creator-creator-the, X1-subj-X2,X4-has_name-Evangeline,X3-of-X4,X1-obj-X3,X1-obl_of-X5, X1-be-is-null,X2-which-Which-null,X4-creator-creator-the,X3-nationality-nationality-the,X5-Evangeline-Evangeline-null, X1-subj-X2,X3-of-X4,X1-obj-X3,X5-has_name-Evangeline,X1-obl_of-X5,","Drs [
 tokens=[],
 dEntities=[
DEntity(X1, be, is, VERB, null, false, Query1, Query), 
DEntity(X2, which, Which, PRON, null, false, Qualifier2, Qualifier), 
DEntity(X5, Evangeline, Evangeline, PROPN, null, false, Artefact3, Artefact), 
DEntity(X4, creator, creator, NOUN, the, false, Artist4, Artist), 
DEntity(X3, nationality, nationality, NOUN, the, false, ConceptArtist5, ConceptArtist)],
 dConditions=[
DCondition(X1, subj, X2, propriedades= [qQualifier] --- []), 
DCondition(X5, has_name, Evangeline, propriedades= [] --- [has_name, has_text, who]), 
DCondition(X4, of, X5, propriedades= [author_of] --- []), 
DCondition(X3, of, X4, propriedades= [conc_of_Artist] --- []), 
DCondition(X1, obj, X3, propriedades= [select] --- []), 
DCondition(X1, has_text, be, propriedades= [] --- [has_name, has_text, who]), 
DCondition(X2, has_text, which, propriedades= [] --- [has_name, has_text, who]), 
DCondition(X5, has_text, Evangeline, propriedades= [] --- [has_name, has_text, who]), 
DCondition(X4, has_text, creator, propriedades= [] --- [has_name, has_text, who]), 
DCondition(X3, has_text, nationality, propriedades= [] --- [has_name, has_text, who]), 
DCondition(X2, has_name, null list, propriedades= [] --- [has_name, has_text, who]), 
DCondition(X1, obj, X2, propriedades= [qQualifier] --- [])]
 solu��es = []
 numeroFrase = 0
 numHasNames = 2
 numIndividuals = 5
 numEntitiesOk = 10
 numIsClass = 0
 numPropsOk = 5
 numEntitiesNOk = 0
 numClassesOk = 4]"," PREFIX rdf: <http://www.w3.org/1999/02/22-rdf-syntax-ns#> PREFIX xsd: <http://www.w3.org/2001/XMLSchema#> PREFIX rdfs: <http://www.w3.org/2000/01/rdf-schema#> PREFIX cidoc: <http://www.cidoc-crm.org/cidoc-crm/> SELECT  DISTINCT  ?snameConceptArtist5 ?ConceptArtist5 ?snameArtefact3 ?Artefact3 WHERE { {{?Artefact3 cidoc:P131_is_identified_by ?nameArtefact3 . ?nameArtefact3 rdf:value ?snameArtefact3 .}  UNION {?Artefact3 rdfs:label ?snameArtefact3 .}}  filter(regex(?snameArtefact3,""Evangeline"",""i"")) . ?prod cidoc:P14_carried_out_by ?Artist4 . ?Artefact3 cidoc:P108i_was_produced_by ?prod . ?Artist4 rdfs:label ?snameArtist4 . ?Artist4 cidoc:P107i_is_current_or_former_member_of ?ConceptArtist5. ?ConceptArtist5 rdfs:label ?snameConceptArtist5. }",true
131,Which is the nationality of the creator of Evening Blossom?," X1-be-is-null,X2-which-Which-null,X5-Evening Blossom-Evening Blossom-null,X4-creator-creator-the,X3-nationality-nationality-the, X1-subj-X2,X5-has_name-Evening Blossom,X4-of-X5,X3-of-X4,X1-obj-X3, X1-be-is-null,X2-which-Which-null,X3-nationality-nationality-the,X5-Evening Blossom-Evening Blossom-null,X4-creator-creator-the, X1-subj-X2,X1-obj-X3,X5-has_name-Evening Blossom,X4-of-X5,X1-obl_of-X4, X1-be-is-null,X2-which-Which-null,X3-nationality-nationality-the,X4-creator-creator-the,X5-Evening Blossom-Evening Blossom-null, X1-subj-X2,X1-obj-X3,X1-obl_of-X4,X5-has_name-Evening Blossom,X1-obl_of-X5, X1-be-is-null,X2-which-Which-null,X4-creator-creator-the,X5-Evening Blossom-Evening Blossom-null,X3-nationality-nationality-the, X1-subj-X2,X3-of-X4,X5-has_name-Evening Blossom,X3-of-X5,X1-obj-X3, X1-be-is-null,X2-which-Which-null,X4-Evening Blossom-Evening Blossom-null,X3-nationality-nationality-the,X5-creator-creator-the, X1-subj-X2,X4-has_name-Evening Blossom,X3-of-X4,X1-obj-X3,X1-obl_of-X5, X1-be-is-null,X2-which-Which-null,X4-creator-creator-the,X3-nationality-nationality-the,X5-Evening Blossom-Evening Blossom-null, X1-subj-X2,X3-of-X4,X1-obj-X3,X5-has_name-Evening Blossom,X1-obl_of-X5,","Drs [
 tokens=[],
 dEntities=[
DEntity(X1, be, is, VERB, null, false, Query1, Query), 
DEntity(X2, which, Which, PRON, null, false, Qualifier2, Qualifier), 
DEntity(X5, Evening Blossom, Evening Blossom, PROPN, null, false, Artefact3, Artefact), 
DEntity(X4, creator, creator, NOUN, the, false, Artist4, Artist), 
DEntity(X3, nationality, nationality, NOUN, the, false, ConceptArtist5, ConceptArtist)],
 dConditions=[
DCondition(X1, subj, X2, propriedades= [qQualifier] --- []), 
DCondition(X5, has_name, Evening Blossom, propriedades= [] --- [has_name, has_text, who]), 
DCondition(X4, of, X5, propriedades= [author_of] --- []), 
DCondition(X3, of, X4, propriedades= [conc_of_Artist] --- []), 
DCondition(X1, obj, X3, propriedades= [select] --- []), 
DCondition(X1, has_text, be, propriedades= [] --- [has_name, has_text, who]), 
DCondition(X2, has_text, which, propriedades= [] --- [has_name, has_text, who]), 
DCondition(X5, has_text, Evening Blossom, propriedades= [] --- [has_name, has_text, who]), 
DCondition(X4, has_text, creator, propriedades= [] --- [has_name, has_text, who]), 
DCondition(X3, has_text, nationality, propriedades= [] --- [has_name, has_text, who]), 
DCondition(X2, has_name, null list, propriedades= [] --- [has_name, has_text, who]), 
DCondition(X1, obj, X2, propriedades= [qQualifier] --- [])]
 solu��es = []
 numeroFrase = 0
 numHasNames = 2
 numIndividuals = 5
 numEntitiesOk = 10
 numIsClass = 0
 numPropsOk = 5
 numEntitiesNOk = 0
 numClassesOk = 4]"," PREFIX rdf: <http://www.w3.org/1999/02/22-rdf-syntax-ns#> PREFIX xsd: <http://www.w3.org/2001/XMLSchema#> PREFIX rdfs: <http://www.w3.org/2000/01/rdf-schema#> PREFIX cidoc: <http://www.cidoc-crm.org/cidoc-crm/> SELECT  DISTINCT  ?snameConceptArtist5 ?ConceptArtist5 ?snameArtefact3 ?Artefact3 WHERE { {{?Artefact3 cidoc:P131_is_identified_by ?nameArtefact3 . ?nameArtefact3 rdf:value ?snameArtefact3 .}  UNION {?Artefact3 rdfs:label ?snameArtefact3 .}}  filter(regex(?snameArtefact3,""Evening Blossom"",""i"")) . ?prod cidoc:P14_carried_out_by ?Artist4 . ?Artefact3 cidoc:P108i_was_produced_by ?prod . ?Artist4 rdfs:label ?snameArtist4 . ?Artist4 cidoc:P107i_is_current_or_former_member_of ?ConceptArtist5. ?ConceptArtist5 rdfs:label ?snameConceptArtist5. }",true
132,Which is the nationality of the creator of Evening Fairy Tale?,,Incorrect Stanza Parsing,null,null
133,Which is the nationality of the creator of Evening on the Maas?," X1-be-is-null,X2-which-Which-null,X6-Maas-Maas-the,X5-Evening-Evening-null,X4-creator-creator-the,X3-nationality-nationality-the, X1-subj-X2,X6-has_name-Maas,X5-on-X6,X5-has_name-Evening,X4-of-X5,X3-of-X4,X1-obj-X3, X1-be-is-null,X2-which-Which-null,X3-nationality-nationality-the,X6-Maas-Maas-the,X5-Evening-Evening-null,X4-creator-creator-the, X1-subj-X2,X1-obj-X3,X6-has_name-Maas,X5-on-X6,X5-has_name-Evening,X4-of-X5,X1-obl_of-X4, X1-be-is-null,X2-which-Which-null,X3-nationality-nationality-the,X4-creator-creator-the,X6-Maas-Maas-the,X5-Evening-Evening-null, X1-subj-X2,X1-obj-X3,X1-obl_of-X4,X6-has_name-Maas,X5-on-X6,X5-has_name-Evening,X1-obl_of-X5, X1-be-is-null,X2-which-Which-null,X3-nationality-nationality-the,X4-creator-creator-the,X5-Evening-Evening-null,X6-Maas-Maas-the, X1-subj-X2,X1-obj-X3,X1-obl_of-X4,X5-has_name-Evening,X1-obl_of-X5,X6-has_name-Maas,X1-obl_on-X6, X1-be-is-null,X2-which-Which-null,X3-nationality-nationality-the,X5-Evening-Evening-null,X6-Maas-Maas-the,X4-creator-creator-the, X1-subj-X2,X1-obj-X3,X5-has_name-Evening,X4-of-X5,X6-has_name-Maas,X4-on-X6,X1-obl_of-X4, X1-be-is-null,X2-which-Which-null,X4-creator-creator-the,X6-Maas-Maas-the,X5-Evening-Evening-null,X3-nationality-nationality-the, X1-subj-X2,X3-of-X4,X6-has_name-Maas,X5-on-X6,X5-has_name-Evening,X3-of-X5,X1-obj-X3, X1-be-is-null,X2-which-Which-null,X5-Maas-Maas-the,X4-Evening-Evening-null,X3-nationality-nationality-the,X6-creator-creator-the, X1-subj-X2,X5-has_name-Maas,X4-on-X5,X4-has_name-Evening,X3-of-X4,X1-obj-X3,X1-obl_of-X6, X1-be-is-null,X2-which-Which-null,X4-creator-creator-the,X3-nationality-nationality-the,X6-Maas-Maas-the,X5-Evening-Evening-null, X1-subj-X2,X3-of-X4,X1-obj-X3,X6-has_name-Maas,X5-on-X6,X5-has_name-Evening,X1-obl_of-X5, X1-be-is-null,X2-which-Which-null,X4-creator-creator-the,X5-Evening-Evening-null,X6-Maas-Maas-the,X3-nationality-nationality-the, X1-subj-X2,X3-of-X4,X5-has_name-Evening,X3-of-X5,X6-has_name-Maas,X3-on-X6,X1-obj-X3, X1-be-is-null,X2-which-Which-null,X5-Evening-Evening-null,X6-Maas-Maas-the,X4-creator-creator-the,X3-nationality-nationality-the, X1-subj-X2,X5-has_name-Evening,X4-of-X5,X6-has_name-Maas,X4-on-X6,X3-of-X4,X1-obj-X3,",Incorrect partial DRS,null,null
134,Which is the nationality of the creator of Execution?," X1-be-is-null,X2-which-Which-null,X5-Execution-Execution-null,X4-creator-creator-the,X3-nationality-nationality-the, X1-subj-X2,X5-has_name-Execution,X4-of-X5,X3-of-X4,X1-obj-X3, X1-be-is-null,X2-which-Which-null,X3-nationality-nationality-the,X5-Execution-Execution-null,X4-creator-creator-the, X1-subj-X2,X1-obj-X3,X5-has_name-Execution,X4-of-X5,X1-obl_of-X4, X1-be-is-null,X2-which-Which-null,X3-nationality-nationality-the,X4-creator-creator-the,X5-Execution-Execution-null, X1-subj-X2,X1-obj-X3,X1-obl_of-X4,X5-has_name-Execution,X1-obl_of-X5, X1-be-is-null,X2-which-Which-null,X4-creator-creator-the,X5-Execution-Execution-null,X3-nationality-nationality-the, X1-subj-X2,X3-of-X4,X5-has_name-Execution,X3-of-X5,X1-obj-X3, X1-be-is-null,X2-which-Which-null,X4-Execution-Execution-null,X3-nationality-nationality-the,X5-creator-creator-the, X1-subj-X2,X4-has_name-Execution,X3-of-X4,X1-obj-X3,X1-obl_of-X5, X1-be-is-null,X2-which-Which-null,X4-creator-creator-the,X3-nationality-nationality-the,X5-Execution-Execution-null, X1-subj-X2,X3-of-X4,X1-obj-X3,X5-has_name-Execution,X1-obl_of-X5,","Drs [
 tokens=[],
 dEntities=[
DEntity(X1, be, is, VERB, null, false, Query1, Query), 
DEntity(X2, which, Which, PRON, null, false, Qualifier2, Qualifier), 
DEntity(X5, Execution, Execution, PROPN, null, false, Artefact3, Artefact), 
DEntity(X4, creator, creator, NOUN, the, false, Artist4, Artist), 
DEntity(X3, nationality, nationality, NOUN, the, false, ConceptArtist5, ConceptArtist)],
 dConditions=[
DCondition(X1, subj, X2, propriedades= [qQualifier] --- []), 
DCondition(X5, has_name, Execution, propriedades= [] --- [has_name, has_text, who]), 
DCondition(X4, of, X5, propriedades= [author_of] --- []), 
DCondition(X3, of, X4, propriedades= [conc_of_Artist] --- []), 
DCondition(X1, obj, X3, propriedades= [select] --- []), 
DCondition(X1, has_text, be, propriedades= [] --- [has_name, has_text, who]), 
DCondition(X2, has_text, which, propriedades= [] --- [has_name, has_text, who]), 
DCondition(X5, has_text, Execution, propriedades= [] --- [has_name, has_text, who]), 
DCondition(X4, has_text, creator, propriedades= [] --- [has_name, has_text, who]), 
DCondition(X3, has_text, nationality, propriedades= [] --- [has_name, has_text, who]), 
DCondition(X2, has_name, null list, propriedades= [] --- [has_name, has_text, who]), 
DCondition(X1, obj, X2, propriedades= [qQualifier] --- [])]
 solu��es = []
 numeroFrase = 0
 numHasNames = 2
 numIndividuals = 5
 numEntitiesOk = 10
 numIsClass = 0
 numPropsOk = 5
 numEntitiesNOk = 0
 numClassesOk = 4]"," PREFIX rdf: <http://www.w3.org/1999/02/22-rdf-syntax-ns#> PREFIX xsd: <http://www.w3.org/2001/XMLSchema#> PREFIX rdfs: <http://www.w3.org/2000/01/rdf-schema#> PREFIX cidoc: <http://www.cidoc-crm.org/cidoc-crm/> SELECT  DISTINCT  ?snameConceptArtist5 ?ConceptArtist5 ?snameArtefact3 ?Artefact3 WHERE { {{?Artefact3 cidoc:P131_is_identified_by ?nameArtefact3 . ?nameArtefact3 rdf:value ?snameArtefact3 .}  UNION {?Artefact3 rdfs:label ?snameArtefact3 .}}  filter(regex(?snameArtefact3,""Execution"",""i"")) . ?prod cidoc:P14_carried_out_by ?Artist4 . ?Artefact3 cidoc:P108i_was_produced_by ?prod . ?Artist4 rdfs:label ?snameArtist4 . ?Artist4 cidoc:P107i_is_current_or_former_member_of ?ConceptArtist5. ?ConceptArtist5 rdfs:label ?snameConceptArtist5. }",true
135,"Which is the nationality of the creator of Experience Meeting, Massydony?"," X1-be-is-null,X2-which-Which-null,X5-experience meeting-Experience Meeting-null,X4-creator-creator-the,X3-nationality-nationality-the, X1-subj-X2,X5-has_name-Massydony,X4-of-X5,X3-of-X4,X1-obj-X3, X1-be-is-null,X2-which-Which-null,X3-nationality-nationality-the,X5-experience meeting-Experience Meeting-null,X4-creator-creator-the, X1-subj-X2,X1-obj-X3,X5-has_name-Massydony,X4-of-X5,X1-obl_of-X4, X1-be-is-null,X2-which-Which-null,X3-nationality-nationality-the,X4-creator-creator-the,X5-experience meeting-Experience Meeting-null, X1-subj-X2,X1-obj-X3,X1-obl_of-X4,X5-has_name-Massydony,X1-obl_of-X5, X1-be-is-null,X2-which-Which-null,X4-creator-creator-the,X5-experience meeting-Experience Meeting-null,X3-nationality-nationality-the, X1-subj-X2,X3-of-X4,X5-has_name-Massydony,X3-of-X5,X1-obj-X3, X1-be-is-null,X2-which-Which-null,X4-experience meeting-Experience Meeting-null,X3-nationality-nationality-the,X5-creator-creator-the, X1-subj-X2,X4-has_name-Massydony,X3-of-X4,X1-obj-X3,X1-obl_of-X5, X1-be-is-null,X2-which-Which-null,X4-creator-creator-the,X3-nationality-nationality-the,X5-experience meeting-Experience Meeting-null, X1-subj-X2,X3-of-X4,X1-obj-X3,X5-has_name-Massydony,X1-obl_of-X5,","Drs [
 tokens=[],
 dEntities=[
DEntity(X1, be, is, VERB, null, false, Query1, Query), 
DEntity(X2, which, Which, PRON, null, false, Qualifier2, Qualifier), 
DEntity(X5, experience meeting, Experience Meeting, NOUN, null, false, Artefact3, Artefact), 
DEntity(X4, creator, creator, NOUN, the, false, Artist4, Artist), 
DEntity(X3, nationality, nationality, NOUN, the, false, ConceptArtist5, ConceptArtist)],
 dConditions=[
DCondition(X1, subj, X2, propriedades= [qQualifier] --- []), 
DCondition(X5, has_name, Massydony, propriedades= [] --- [has_name, has_text, who]), 
DCondition(X4, of, X5, propriedades= [author_of] --- []), 
DCondition(X3, of, X4, propriedades= [conc_of_Artist] --- []), 
DCondition(X1, obj, X3, propriedades= [select] --- []), 
DCondition(X1, has_text, be, propriedades= [] --- [has_name, has_text, who]), 
DCondition(X2, has_text, which, propriedades= [] --- [has_name, has_text, who]), 
DCondition(X5, has_text, experience meeting, propriedades= [] --- [has_name, has_text, who]), 
DCondition(X4, has_text, creator, propriedades= [] --- [has_name, has_text, who]), 
DCondition(X3, has_text, nationality, propriedades= [] --- [has_name, has_text, who]), 
DCondition(X2, has_name, null list, propriedades= [] --- [has_name, has_text, who]), 
DCondition(X1, obj, X2, propriedades= [qQualifier] --- [])]
 solu��es = []
 numeroFrase = 0
 numHasNames = 2
 numIndividuals = 5
 numEntitiesOk = 10
 numIsClass = 0
 numPropsOk = 5
 numEntitiesNOk = 0
 numClassesOk = 4]"," PREFIX rdf: <http://www.w3.org/1999/02/22-rdf-syntax-ns#> PREFIX xsd: <http://www.w3.org/2001/XMLSchema#> PREFIX rdfs: <http://www.w3.org/2000/01/rdf-schema#> PREFIX cidoc: <http://www.cidoc-crm.org/cidoc-crm/> SELECT  DISTINCT  ?snameConceptArtist5 ?ConceptArtist5 ?snameArtefact3 ?Artefact3 WHERE { {{?Artefact3 cidoc:P131_is_identified_by ?nameArtefact3 . ?nameArtefact3 rdf:value ?snameArtefact3 .}  UNION {?Artefact3 rdfs:label ?snameArtefact3 .}}  filter(regex(?snameArtefact3,""Massydony"",""i"")) . ?prod cidoc:P14_carried_out_by ?Artist4 . ?Artefact3 cidoc:P108i_was_produced_by ?prod . ?Artist4 rdfs:label ?snameArtist4 . ?Artist4 cidoc:P107i_is_current_or_former_member_of ?ConceptArtist5. ?ConceptArtist5 rdfs:label ?snameConceptArtist5. }",true
136,Which is the nationality of the creator of Faith?," X1-be-is-null,X2-which-Which-null,X5-Faith-Faith-null,X4-creator-creator-the,X3-nationality-nationality-the, X1-subj-X2,X5-has_name-Faith,X4-of-X5,X3-of-X4,X1-obj-X3, X1-be-is-null,X2-which-Which-null,X3-nationality-nationality-the,X5-Faith-Faith-null,X4-creator-creator-the, X1-subj-X2,X1-obj-X3,X5-has_name-Faith,X4-of-X5,X1-obl_of-X4, X1-be-is-null,X2-which-Which-null,X3-nationality-nationality-the,X4-creator-creator-the,X5-Faith-Faith-null, X1-subj-X2,X1-obj-X3,X1-obl_of-X4,X5-has_name-Faith,X1-obl_of-X5, X1-be-is-null,X2-which-Which-null,X4-creator-creator-the,X5-Faith-Faith-null,X3-nationality-nationality-the, X1-subj-X2,X3-of-X4,X5-has_name-Faith,X3-of-X5,X1-obj-X3, X1-be-is-null,X2-which-Which-null,X4-Faith-Faith-null,X3-nationality-nationality-the,X5-creator-creator-the, X1-subj-X2,X4-has_name-Faith,X3-of-X4,X1-obj-X3,X1-obl_of-X5, X1-be-is-null,X2-which-Which-null,X4-creator-creator-the,X3-nationality-nationality-the,X5-Faith-Faith-null, X1-subj-X2,X3-of-X4,X1-obj-X3,X5-has_name-Faith,X1-obl_of-X5,","Drs [
 tokens=[],
 dEntities=[
DEntity(X1, be, is, VERB, null, false, Query1, Query), 
DEntity(X2, which, Which, PRON, null, false, Qualifier2, Qualifier), 
DEntity(X5, Faith, Faith, PROPN, null, false, Artefact3, Artefact), 
DEntity(X4, creator, creator, NOUN, the, false, Artist4, Artist), 
DEntity(X3, nationality, nationality, NOUN, the, false, ConceptArtist5, ConceptArtist)],
 dConditions=[
DCondition(X1, subj, X2, propriedades= [qQualifier] --- []), 
DCondition(X5, has_name, Faith, propriedades= [] --- [has_name, has_text, who]), 
DCondition(X4, of, X5, propriedades= [author_of] --- []), 
DCondition(X3, of, X4, propriedades= [conc_of_Artist] --- []), 
DCondition(X1, obj, X3, propriedades= [select] --- []), 
DCondition(X1, has_text, be, propriedades= [] --- [has_name, has_text, who]), 
DCondition(X2, has_text, which, propriedades= [] --- [has_name, has_text, who]), 
DCondition(X5, has_text, Faith, propriedades= [] --- [has_name, has_text, who]), 
DCondition(X4, has_text, creator, propriedades= [] --- [has_name, has_text, who]), 
DCondition(X3, has_text, nationality, propriedades= [] --- [has_name, has_text, who]), 
DCondition(X2, has_name, null list, propriedades= [] --- [has_name, has_text, who]), 
DCondition(X1, obj, X2, propriedades= [qQualifier] --- [])]
 solu��es = []
 numeroFrase = 0
 numHasNames = 2
 numIndividuals = 5
 numEntitiesOk = 10
 numIsClass = 0
 numPropsOk = 5
 numEntitiesNOk = 0
 numClassesOk = 4]"," PREFIX rdf: <http://www.w3.org/1999/02/22-rdf-syntax-ns#> PREFIX xsd: <http://www.w3.org/2001/XMLSchema#> PREFIX rdfs: <http://www.w3.org/2000/01/rdf-schema#> PREFIX cidoc: <http://www.cidoc-crm.org/cidoc-crm/> SELECT  DISTINCT  ?snameConceptArtist5 ?ConceptArtist5 ?snameArtefact3 ?Artefact3 WHERE { {{?Artefact3 cidoc:P131_is_identified_by ?nameArtefact3 . ?nameArtefact3 rdf:value ?snameArtefact3 .}  UNION {?Artefact3 rdfs:label ?snameArtefact3 .}}  filter(regex(?snameArtefact3,""Faith"",""i"")) . ?prod cidoc:P14_carried_out_by ?Artist4 . ?Artefact3 cidoc:P108i_was_produced_by ?prod . ?Artist4 rdfs:label ?snameArtist4 . ?Artist4 cidoc:P107i_is_current_or_former_member_of ?ConceptArtist5. ?ConceptArtist5 rdfs:label ?snameConceptArtist5. }",true
137,Which is the nationality of the creator of Fallen Tree?," X1-be-is-null,X2-which-Which-null,X5-fall Tree-Fallen Tree-null,X4-creator-creator-the,X3-nationality-nationality-the, X1-subj-X2,X5-has_name-fall Tree,X4-of-X5,X3-of-X4,X1-obj-X3, X1-be-is-null,X2-which-Which-null,X3-nationality-nationality-the,X5-fall Tree-Fallen Tree-null,X4-creator-creator-the, X1-subj-X2,X1-obj-X3,X5-has_name-fall Tree,X4-of-X5,X1-obl_of-X4, X1-be-is-null,X2-which-Which-null,X3-nationality-nationality-the,X4-creator-creator-the,X5-fall Tree-Fallen Tree-null, X1-subj-X2,X1-obj-X3,X1-obl_of-X4,X5-has_name-fall Tree,X1-obl_of-X5, X1-be-is-null,X2-which-Which-null,X4-creator-creator-the,X5-fall Tree-Fallen Tree-null,X3-nationality-nationality-the, X1-subj-X2,X3-of-X4,X5-has_name-fall Tree,X3-of-X5,X1-obj-X3, X1-be-is-null,X2-which-Which-null,X4-fall Tree-Fallen Tree-null,X3-nationality-nationality-the,X5-creator-creator-the, X1-subj-X2,X4-has_name-fall Tree,X3-of-X4,X1-obj-X3,X1-obl_of-X5, X1-be-is-null,X2-which-Which-null,X4-creator-creator-the,X3-nationality-nationality-the,X5-fall Tree-Fallen Tree-null, X1-subj-X2,X3-of-X4,X1-obj-X3,X5-has_name-fall Tree,X1-obl_of-X5,",Incorrect partial DRS,null,null
138,Which is the nationality of the creator of Family Picnic?," X1-be-is-null,X2-which-Which-null,X5-Family Picnic-Family Picnic-null,X4-creator-creator-the,X3-nationality-nationality-the, X1-subj-X2,X5-has_name-Family Picnic,X4-of-X5,X3-of-X4,X1-obj-X3, X1-be-is-null,X2-which-Which-null,X3-nationality-nationality-the,X5-Family Picnic-Family Picnic-null,X4-creator-creator-the, X1-subj-X2,X1-obj-X3,X5-has_name-Family Picnic,X4-of-X5,X1-obl_of-X4, X1-be-is-null,X2-which-Which-null,X3-nationality-nationality-the,X4-creator-creator-the,X5-Family Picnic-Family Picnic-null, X1-subj-X2,X1-obj-X3,X1-obl_of-X4,X5-has_name-Family Picnic,X1-obl_of-X5, X1-be-is-null,X2-which-Which-null,X4-creator-creator-the,X5-Family Picnic-Family Picnic-null,X3-nationality-nationality-the, X1-subj-X2,X3-of-X4,X5-has_name-Family Picnic,X3-of-X5,X1-obj-X3, X1-be-is-null,X2-which-Which-null,X4-Family Picnic-Family Picnic-null,X3-nationality-nationality-the,X5-creator-creator-the, X1-subj-X2,X4-has_name-Family Picnic,X3-of-X4,X1-obj-X3,X1-obl_of-X5, X1-be-is-null,X2-which-Which-null,X4-creator-creator-the,X3-nationality-nationality-the,X5-Family Picnic-Family Picnic-null, X1-subj-X2,X3-of-X4,X1-obj-X3,X5-has_name-Family Picnic,X1-obl_of-X5,","Drs [
 tokens=[],
 dEntities=[
DEntity(X1, be, is, VERB, null, false, Query1, Query), 
DEntity(X2, which, Which, PRON, null, false, Qualifier2, Qualifier), 
DEntity(X5, Family Picnic, Family Picnic, PROPN, null, false, Artefact3, Artefact), 
DEntity(X4, creator, creator, NOUN, the, false, Artist4, Artist), 
DEntity(X3, nationality, nationality, NOUN, the, false, ConceptArtist5, ConceptArtist)],
 dConditions=[
DCondition(X1, subj, X2, propriedades= [qQualifier] --- []), 
DCondition(X5, has_name, Family Picnic, propriedades= [] --- [has_name, has_text, who]), 
DCondition(X4, of, X5, propriedades= [author_of] --- []), 
DCondition(X3, of, X4, propriedades= [conc_of_Artist] --- []), 
DCondition(X1, obj, X3, propriedades= [select] --- []), 
DCondition(X1, has_text, be, propriedades= [] --- [has_name, has_text, who]), 
DCondition(X2, has_text, which, propriedades= [] --- [has_name, has_text, who]), 
DCondition(X5, has_text, Family Picnic, propriedades= [] --- [has_name, has_text, who]), 
DCondition(X4, has_text, creator, propriedades= [] --- [has_name, has_text, who]), 
DCondition(X3, has_text, nationality, propriedades= [] --- [has_name, has_text, who]), 
DCondition(X2, has_name, null list, propriedades= [] --- [has_name, has_text, who]), 
DCondition(X1, obj, X2, propriedades= [qQualifier] --- [])]
 solu��es = []
 numeroFrase = 0
 numHasNames = 2
 numIndividuals = 5
 numEntitiesOk = 10
 numIsClass = 0
 numPropsOk = 5
 numEntitiesNOk = 0
 numClassesOk = 4]"," PREFIX rdf: <http://www.w3.org/1999/02/22-rdf-syntax-ns#> PREFIX xsd: <http://www.w3.org/2001/XMLSchema#> PREFIX rdfs: <http://www.w3.org/2000/01/rdf-schema#> PREFIX cidoc: <http://www.cidoc-crm.org/cidoc-crm/> SELECT  DISTINCT  ?snameConceptArtist5 ?ConceptArtist5 ?snameArtefact3 ?Artefact3 WHERE { {{?Artefact3 cidoc:P131_is_identified_by ?nameArtefact3 . ?nameArtefact3 rdf:value ?snameArtefact3 .}  UNION {?Artefact3 rdfs:label ?snameArtefact3 .}}  filter(regex(?snameArtefact3,""Family Picnic"",""i"")) . ?prod cidoc:P14_carried_out_by ?Artist4 . ?Artefact3 cidoc:P108i_was_produced_by ?prod . ?Artist4 rdfs:label ?snameArtist4 . ?Artist4 cidoc:P107i_is_current_or_former_member_of ?ConceptArtist5. ?ConceptArtist5 rdfs:label ?snameConceptArtist5. }",true
139,Which is the nationality of the creator of Family and Friends?," X1-be-is-null,X2-which-Which-null,X6-Friend-Friends-null,X5-family-Family-null,X4-creator-creator-the,X3-nationality-nationality-the, X1-subj-X2,X4-of-X6,X4-of-X5,X3-of-X4,X1-obj-X3, X1-be-is-null,X2-which-Which-null,X3-nationality-nationality-the,X6-Friend-Friends-null,X5-family-Family-null,X4-creator-creator-the, X1-subj-X2,X1-obj-X3,X4-of-X6,X4-of-X5,X1-obl_of-X4, X1-be-is-null,X2-which-Which-null,X3-nationality-nationality-the,X4-creator-creator-the,X6-Friend-Friends-null,X5-family-Family-null, X1-subj-X2,X1-obj-X3,X1-obl_of-X4,X1-obl_of-X6,X1-obl_of-X5, X1-be-is-null,X2-which-Which-null,X4-creator-creator-the,X6-Friend-Friends-null,X5-family-Family-null,X3-nationality-nationality-the, X1-subj-X2,X3-of-X4,X3-of-X6,X3-of-X5,X1-obj-X3, X1-be-is-null,X2-which-Which-null,X5-Friend-Friends-null,X4-family-Family-null,X3-nationality-nationality-the,X6-creator-creator-the, X1-subj-X2,X3-of-X5,X3-of-X4,X1-obj-X3,X1-obl_of-X6, X1-be-is-null,X2-which-Which-null,X4-creator-creator-the,X3-nationality-nationality-the,X6-Friend-Friends-null,X5-family-Family-null, X1-subj-X2,X3-of-X4,X1-obj-X3,X1-obl_of-X6,X1-obl_of-X5,",Incorrect partial DRS,null,null
140,"Which is the nationality of the creator of Family, Butler County, KY?",,Incorrect Stanza Parsing,null,null
141,"Which is the nationality of the creator of Farmyard, Albi?"," X1-be-is-null,X2-which-Which-null,X5-Farmyard-Farmyard-null,X4-creator-creator-the,X3-nationality-nationality-the, X1-subj-X2,X5-has_name-Albi,X5-has_name-Farmyard,X4-of-X5,X3-of-X4,X1-obj-X3, X1-be-is-null,X2-which-Which-null,X3-nationality-nationality-the,X5-Farmyard-Farmyard-null,X4-creator-creator-the, X1-subj-X2,X1-obj-X3,X5-has_name-Albi,X5-has_name-Farmyard,X4-of-X5,X1-obl_of-X4, X1-be-is-null,X2-which-Which-null,X3-nationality-nationality-the,X4-creator-creator-the,X5-Farmyard-Farmyard-null, X1-subj-X2,X1-obj-X3,X1-obl_of-X4,X5-has_name-Albi,X5-has_name-Farmyard,X1-obl_of-X5, X1-be-is-null,X2-which-Which-null,X4-creator-creator-the,X5-Farmyard-Farmyard-null,X3-nationality-nationality-the, X1-subj-X2,X3-of-X4,X5-has_name-Albi,X5-has_name-Farmyard,X3-of-X5,X1-obj-X3, X1-be-is-null,X2-which-Which-null,X4-Farmyard-Farmyard-null,X3-nationality-nationality-the,X5-creator-creator-the, X1-subj-X2,X4-has_name-Albi,X4-has_name-Farmyard,X3-of-X4,X1-obj-X3,X1-obl_of-X5, X1-be-is-null,X2-which-Which-null,X4-creator-creator-the,X3-nationality-nationality-the,X5-Farmyard-Farmyard-null, X1-subj-X2,X3-of-X4,X1-obj-X3,X5-has_name-Albi,X5-has_name-Farmyard,X1-obl_of-X5, X1-be-is-null,X2-which-Which-null,X6-Albi-Albi-null,X5-Farmyard-Farmyard-null,X4-creator-creator-the,X3-nationality-nationality-the, X1-subj-X2,X6-has_name-Albi,X5-rel-X6,X5-has_name-Farmyard,X4-of-X5,X3-of-X4,X1-obj-X3, X1-be-is-null,X2-which-Which-null,X3-nationality-nationality-the,X6-Albi-Albi-null,X5-Farmyard-Farmyard-null,X4-creator-creator-the, X1-subj-X2,X1-obj-X3,X6-has_name-Albi,X5-rel-X6,X5-has_name-Farmyard,X4-of-X5,X1-obl_of-X4, X1-be-is-null,X2-which-Which-null,X3-nationality-nationality-the,X4-creator-creator-the,X6-Albi-Albi-null,X5-Farmyard-Farmyard-null, X1-subj-X2,X1-obj-X3,X1-obl_of-X4,X6-has_name-Albi,X5-rel-X6,X5-has_name-Farmyard,X1-obl_of-X5, X1-be-is-null,X2-which-Which-null,X4-creator-creator-the,X6-Albi-Albi-null,X5-Farmyard-Farmyard-null,X3-nationality-nationality-the, X1-subj-X2,X3-of-X4,X6-has_name-Albi,X5-rel-X6,X5-has_name-Farmyard,X3-of-X5,X1-obj-X3, X1-be-is-null,X2-which-Which-null,X5-Albi-Albi-null,X4-Farmyard-Farmyard-null,X3-nationality-nationality-the,X6-creator-creator-the, X1-subj-X2,X5-has_name-Albi,X4-rel-X5,X4-has_name-Farmyard,X3-of-X4,X1-obj-X3,X1-obl_of-X6, X1-be-is-null,X2-which-Which-null,X4-creator-creator-the,X3-nationality-nationality-the,X6-Albi-Albi-null,X5-Farmyard-Farmyard-null, X1-subj-X2,X3-of-X4,X1-obj-X3,X6-has_name-Albi,X5-rel-X6,X5-has_name-Farmyard,X1-obl_of-X5,",Incorrect partial DRS,null,null
142,Which is the nationality of the creator of Feast Day: San Juan Pueblo?," X1-be-is-null,X2-which-Which-null,X5-Feast Day-Feast Day-null,X4-creator-creator-the,X3-nationality-nationality-the, X1-subj-X2,X5-has_name-San Juan Pueblo,X5-has_name-Feast Day,X4-of-X5,X3-of-X4,X1-obj-X3, X1-be-is-null,X2-which-Which-null,X3-nationality-nationality-the,X5-Feast Day-Feast Day-null,X4-creator-creator-the, X1-subj-X2,X1-obj-X3,X5-has_name-San Juan Pueblo,X5-has_name-Feast Day,X4-of-X5,X1-obl_of-X4, X1-be-is-null,X2-which-Which-null,X3-nationality-nationality-the,X4-creator-creator-the,X5-Feast Day-Feast Day-null, X1-subj-X2,X1-obj-X3,X1-obl_of-X4,X5-has_name-San Juan Pueblo,X5-has_name-Feast Day,X1-obl_of-X5, X1-be-is-null,X2-which-Which-null,X4-creator-creator-the,X5-Feast Day-Feast Day-null,X3-nationality-nationality-the, X1-subj-X2,X3-of-X4,X5-has_name-San Juan Pueblo,X5-has_name-Feast Day,X3-of-X5,X1-obj-X3, X1-be-is-null,X2-which-Which-null,X4-Feast Day-Feast Day-null,X3-nationality-nationality-the,X5-creator-creator-the, X1-subj-X2,X4-has_name-San Juan Pueblo,X4-has_name-Feast Day,X3-of-X4,X1-obj-X3,X1-obl_of-X5, X1-be-is-null,X2-which-Which-null,X4-creator-creator-the,X3-nationality-nationality-the,X5-Feast Day-Feast Day-null, X1-subj-X2,X3-of-X4,X1-obj-X3,X5-has_name-San Juan Pueblo,X5-has_name-Feast Day,X1-obl_of-X5,","Drs [
 tokens=[],
 dEntities=[
DEntity(X1, be, is, VERB, null, false, Query1, Query), 
DEntity(X2, which, Which, PRON, null, false, Qualifier2, Qualifier), 
DEntity(X5, Feast Day, Feast Day, PROPN, null, false, Artefact3, Artefact), 
DEntity(X4, creator, creator, NOUN, the, false, Artist4, Artist), 
DEntity(X3, nationality, nationality, NOUN, the, false, ConceptArtist5, ConceptArtist)],
 dConditions=[
DCondition(X1, subj, X2, propriedades= [qQualifier] --- []), 
DCondition(X5, has_name, San Juan Pueblo, propriedades= [] --- [has_name, has_text, who]), 
DCondition(X5, has_name, Feast Day, propriedades= [] --- [has_name, has_text, who]), 
DCondition(X4, of, X5, propriedades= [author_of] --- []), 
DCondition(X3, of, X4, propriedades= [conc_of_Artist] --- []), 
DCondition(X1, obj, X3, propriedades= [select] --- []), 
DCondition(X1, has_text, be, propriedades= [] --- [has_name, has_text, who]), 
DCondition(X2, has_text, which, propriedades= [] --- [has_name, has_text, who]), 
DCondition(X5, has_text, Feast Day, propriedades= [] --- [has_name, has_text, who]), 
DCondition(X4, has_text, creator, propriedades= [] --- [has_name, has_text, who]), 
DCondition(X3, has_text, nationality, propriedades= [] --- [has_name, has_text, who]), 
DCondition(X2, has_name, null list, propriedades= [] --- [has_name, has_text, who]), 
DCondition(X1, obj, X2, propriedades= [qQualifier] --- [])]
 solu��es = []
 numeroFrase = 0
 numHasNames = 3
 numIndividuals = 5
 numEntitiesOk = 10
 numIsClass = 0
 numPropsOk = 5
 numEntitiesNOk = 0
 numClassesOk = 4]"," PREFIX rdf: <http://www.w3.org/1999/02/22-rdf-syntax-ns#> PREFIX xsd: <http://www.w3.org/2001/XMLSchema#> PREFIX rdfs: <http://www.w3.org/2000/01/rdf-schema#> PREFIX cidoc: <http://www.cidoc-crm.org/cidoc-crm/> SELECT  DISTINCT  ?snameConceptArtist5 ?ConceptArtist5 ?snameArtefact3 ?Artefact3 WHERE { {{?Artefact3 cidoc:P131_is_identified_by ?nameArtefact3 . ?nameArtefact3 rdf:value ?snameArtefact3 .}  UNION {?Artefact3 rdfs:label ?snameArtefact3 .}}  filter(regex(?snameArtefact3,""Feast Day"",""i"")) . {{?Artefact3 cidoc:P131_is_identified_by ?nameArtefact3 . ?nameArtefact3 rdf:value ?snameArtefact3 .}  UNION {?Artefact3 rdfs:label ?snameArtefact3 .}}  filter(regex(?snameArtefact3,""San Juan Pueblo"",""i"")) . ?prod cidoc:P14_carried_out_by ?Artist4 . ?Artefact3 cidoc:P108i_was_produced_by ?prod . ?Artist4 rdfs:label ?snameArtist4 . ?Artist4 cidoc:P107i_is_current_or_former_member_of ?ConceptArtist5. ?ConceptArtist5 rdfs:label ?snameConceptArtist5. }",true
143,Which is the nationality of the creator of Fiat Vita?," X1-be-is-null,X2-which-Which-null,X5-Fiat Vita-Fiat Vita-null,X4-creator-creator-the,X3-nationality-nationality-the, X1-subj-X2,X5-has_name-Fiat Vita,X4-of-X5,X3-of-X4,X1-obj-X3, X1-be-is-null,X2-which-Which-null,X3-nationality-nationality-the,X5-Fiat Vita-Fiat Vita-null,X4-creator-creator-the, X1-subj-X2,X1-obj-X3,X5-has_name-Fiat Vita,X4-of-X5,X1-obl_of-X4, X1-be-is-null,X2-which-Which-null,X3-nationality-nationality-the,X4-creator-creator-the,X5-Fiat Vita-Fiat Vita-null, X1-subj-X2,X1-obj-X3,X1-obl_of-X4,X5-has_name-Fiat Vita,X1-obl_of-X5, X1-be-is-null,X2-which-Which-null,X4-creator-creator-the,X5-Fiat Vita-Fiat Vita-null,X3-nationality-nationality-the, X1-subj-X2,X3-of-X4,X5-has_name-Fiat Vita,X3-of-X5,X1-obj-X3, X1-be-is-null,X2-which-Which-null,X4-Fiat Vita-Fiat Vita-null,X3-nationality-nationality-the,X5-creator-creator-the, X1-subj-X2,X4-has_name-Fiat Vita,X3-of-X4,X1-obj-X3,X1-obl_of-X5, X1-be-is-null,X2-which-Which-null,X4-creator-creator-the,X3-nationality-nationality-the,X5-Fiat Vita-Fiat Vita-null, X1-subj-X2,X3-of-X4,X1-obj-X3,X5-has_name-Fiat Vita,X1-obl_of-X5,","Drs [
 tokens=[],
 dEntities=[
DEntity(X1, be, is, VERB, null, false, Query1, Query), 
DEntity(X2, which, Which, PRON, null, false, Qualifier2, Qualifier), 
DEntity(X5, Fiat Vita, Fiat Vita, PROPN, null, false, Artefact3, Artefact), 
DEntity(X4, creator, creator, NOUN, the, false, Artist4, Artist), 
DEntity(X3, nationality, nationality, NOUN, the, false, ConceptArtist5, ConceptArtist)],
 dConditions=[
DCondition(X1, subj, X2, propriedades= [qQualifier] --- []), 
DCondition(X5, has_name, Fiat Vita, propriedades= [] --- [has_name, has_text, who]), 
DCondition(X4, of, X5, propriedades= [author_of] --- []), 
DCondition(X3, of, X4, propriedades= [conc_of_Artist] --- []), 
DCondition(X1, obj, X3, propriedades= [select] --- []), 
DCondition(X1, has_text, be, propriedades= [] --- [has_name, has_text, who]), 
DCondition(X2, has_text, which, propriedades= [] --- [has_name, has_text, who]), 
DCondition(X5, has_text, Fiat Vita, propriedades= [] --- [has_name, has_text, who]), 
DCondition(X4, has_text, creator, propriedades= [] --- [has_name, has_text, who]), 
DCondition(X3, has_text, nationality, propriedades= [] --- [has_name, has_text, who]), 
DCondition(X2, has_name, null list, propriedades= [] --- [has_name, has_text, who]), 
DCondition(X1, obj, X2, propriedades= [qQualifier] --- [])]
 solu��es = []
 numeroFrase = 0
 numHasNames = 2
 numIndividuals = 5
 numEntitiesOk = 10
 numIsClass = 0
 numPropsOk = 5
 numEntitiesNOk = 0
 numClassesOk = 4]"," PREFIX rdf: <http://www.w3.org/1999/02/22-rdf-syntax-ns#> PREFIX xsd: <http://www.w3.org/2001/XMLSchema#> PREFIX rdfs: <http://www.w3.org/2000/01/rdf-schema#> PREFIX cidoc: <http://www.cidoc-crm.org/cidoc-crm/> SELECT  DISTINCT  ?snameConceptArtist5 ?ConceptArtist5 ?snameArtefact3 ?Artefact3 WHERE { {{?Artefact3 cidoc:P131_is_identified_by ?nameArtefact3 . ?nameArtefact3 rdf:value ?snameArtefact3 .}  UNION {?Artefact3 rdfs:label ?snameArtefact3 .}}  filter(regex(?snameArtefact3,""Fiat Vita"",""i"")) . ?prod cidoc:P14_carried_out_by ?Artist4 . ?Artefact3 cidoc:P108i_was_produced_by ?prod . ?Artist4 rdfs:label ?snameArtist4 . ?Artist4 cidoc:P107i_is_current_or_former_member_of ?ConceptArtist5. ?ConceptArtist5 rdfs:label ?snameConceptArtist5. }",true
144,Which is the nationality of the creator of Figure in the Flood?," X1-be-is-null,X2-which-Which-null,X6-Flood-Flood-the,X5-Figure-Figure-null,X4-creator-creator-the,X3-nationality-nationality-the, X1-subj-X2,X6-has_name-Flood,X5-in-X6,X5-has_name-Figure,X4-of-X5,X3-of-X4,X1-obj-X3, X1-be-is-null,X2-which-Which-null,X3-nationality-nationality-the,X6-Flood-Flood-the,X5-Figure-Figure-null,X4-creator-creator-the, X1-subj-X2,X1-obj-X3,X6-has_name-Flood,X5-in-X6,X5-has_name-Figure,X4-of-X5,X1-obl_of-X4, X1-be-is-null,X2-which-Which-null,X3-nationality-nationality-the,X4-creator-creator-the,X6-Flood-Flood-the,X5-Figure-Figure-null, X1-subj-X2,X1-obj-X3,X1-obl_of-X4,X6-has_name-Flood,X5-in-X6,X5-has_name-Figure,X1-obl_of-X5, X1-be-is-null,X2-which-Which-null,X3-nationality-nationality-the,X4-creator-creator-the,X5-Figure-Figure-null,X6-Flood-Flood-the, X1-subj-X2,X1-obj-X3,X1-obl_of-X4,X5-has_name-Figure,X1-obl_of-X5,X6-has_name-Flood,X1-obl_in-X6, X1-be-is-null,X2-which-Which-null,X3-nationality-nationality-the,X5-Figure-Figure-null,X6-Flood-Flood-the,X4-creator-creator-the, X1-subj-X2,X1-obj-X3,X5-has_name-Figure,X4-of-X5,X6-has_name-Flood,X4-in-X6,X1-obl_of-X4, X1-be-is-null,X2-which-Which-null,X4-creator-creator-the,X6-Flood-Flood-the,X5-Figure-Figure-null,X3-nationality-nationality-the, X1-subj-X2,X3-of-X4,X6-has_name-Flood,X5-in-X6,X5-has_name-Figure,X3-of-X5,X1-obj-X3, X1-be-is-null,X2-which-Which-null,X5-Flood-Flood-the,X4-Figure-Figure-null,X3-nationality-nationality-the,X6-creator-creator-the, X1-subj-X2,X5-has_name-Flood,X4-in-X5,X4-has_name-Figure,X3-of-X4,X1-obj-X3,X1-obl_of-X6, X1-be-is-null,X2-which-Which-null,X4-creator-creator-the,X3-nationality-nationality-the,X6-Flood-Flood-the,X5-Figure-Figure-null, X1-subj-X2,X3-of-X4,X1-obj-X3,X6-has_name-Flood,X5-in-X6,X5-has_name-Figure,X1-obl_of-X5, X1-be-is-null,X2-which-Which-null,X4-creator-creator-the,X5-Figure-Figure-null,X6-Flood-Flood-the,X3-nationality-nationality-the, X1-subj-X2,X3-of-X4,X5-has_name-Figure,X3-of-X5,X6-has_name-Flood,X3-in-X6,X1-obj-X3, X1-be-is-null,X2-which-Which-null,X5-Figure-Figure-null,X6-Flood-Flood-the,X4-creator-creator-the,X3-nationality-nationality-the, X1-subj-X2,X5-has_name-Figure,X4-of-X5,X6-has_name-Flood,X4-in-X6,X3-of-X4,X1-obj-X3,",Incorrect partial DRS,null,null
145,Which is the nationality of the creator of First Sight of Alexandria?," X1-be-is-null,X2-which-Which-null,X6-Alexandria-Alexandria-null,X5-Sight-Sight-null,X4-creator-creator-the,X3-nationality-nationality-the, X1-subj-X2,X6-has_name-Alexandria,X5-of-X6,X5-first-true,X5-has_name-Sight,X4-of-X5,X3-of-X4,X1-obj-X3, X1-be-is-null,X2-which-Which-null,X6-Alexandria-Alexandria-null,X5-Sight-Sight-null,X4-creator-creator-the,X3-nationality-nationality-the, X1-subj-X2,X6-has_name-Alexandria,X5-of-X6,X5-has_name-First,X5-has_name-Sight,X4-of-X5,X3-of-X4,X1-obj-X3, X1-be-is-null,X2-which-Which-null,X6-Alexandria-Alexandria-null,X5-First Sight-First Sight-null,X4-creator-creator-the,X3-nationality-nationality-the, X1-subj-X2,X6-has_name-Alexandria,X5-of-X6,X5-has_name-First Sight,X4-of-X5,X3-of-X4,X1-obj-X3, X1-be-is-null,X2-which-Which-null,X3-nationality-nationality-the,X6-Alexandria-Alexandria-null,X5-Sight-Sight-null,X4-creator-creator-the, X1-subj-X2,X1-obj-X3,X6-has_name-Alexandria,X5-of-X6,X5-first-true,X5-has_name-Sight,X4-of-X5,X1-obl_of-X4, X1-be-is-null,X2-which-Which-null,X3-nationality-nationality-the,X6-Alexandria-Alexandria-null,X5-Sight-Sight-null,X4-creator-creator-the, X1-subj-X2,X1-obj-X3,X6-has_name-Alexandria,X5-of-X6,X5-has_name-First,X5-has_name-Sight,X4-of-X5,X1-obl_of-X4, X1-be-is-null,X2-which-Which-null,X3-nationality-nationality-the,X6-Alexandria-Alexandria-null,X5-First Sight-First Sight-null,X4-creator-creator-the, X1-subj-X2,X1-obj-X3,X6-has_name-Alexandria,X5-of-X6,X5-has_name-First Sight,X4-of-X5,X1-obl_of-X4, X1-be-is-null,X2-which-Which-null,X3-nationality-nationality-the,X4-creator-creator-the,X6-Alexandria-Alexandria-null,X5-Sight-Sight-null, X1-subj-X2,X1-obj-X3,X1-obl_of-X4,X6-has_name-Alexandria,X5-of-X6,X5-first-true,X5-has_name-Sight,X1-obl_of-X5, X1-be-is-null,X2-which-Which-null,X3-nationality-nationality-the,X4-creator-creator-the,X6-Alexandria-Alexandria-null,X5-Sight-Sight-null, X1-subj-X2,X1-obj-X3,X1-obl_of-X4,X6-has_name-Alexandria,X5-of-X6,X5-has_name-First,X5-has_name-Sight,X1-obl_of-X5, X1-be-is-null,X2-which-Which-null,X3-nationality-nationality-the,X4-creator-creator-the,X6-Alexandria-Alexandria-null,X5-First Sight-First Sight-null, X1-subj-X2,X1-obj-X3,X1-obl_of-X4,X6-has_name-Alexandria,X5-of-X6,X5-has_name-First Sight,X1-obl_of-X5, X1-be-is-null,X2-which-Which-null,X3-nationality-nationality-the,X4-creator-creator-the,X5-Sight-Sight-null,X6-Alexandria-Alexandria-null, X1-subj-X2,X1-obj-X3,X1-obl_of-X4,X5-first-true,X5-has_name-Sight,X1-obl_of-X5,X6-has_name-Alexandria,X1-obl_of-X6, X1-be-is-null,X2-which-Which-null,X3-nationality-nationality-the,X4-creator-creator-the,X5-Sight-Sight-null,X6-Alexandria-Alexandria-null, X1-subj-X2,X1-obj-X3,X1-obl_of-X4,X5-has_name-First,X5-has_name-Sight,X1-obl_of-X5,X6-has_name-Alexandria,X1-obl_of-X6, X1-be-is-null,X2-which-Which-null,X3-nationality-nationality-the,X4-creator-creator-the,X5-First Sight-First Sight-null,X6-Alexandria-Alexandria-null, X1-subj-X2,X1-obj-X3,X1-obl_of-X4,X5-has_name-First Sight,X1-obl_of-X5,X6-has_name-Alexandria,X1-obl_of-X6, X1-be-is-null,X2-which-Which-null,X3-nationality-nationality-the,X5-Sight-Sight-null,X6-Alexandria-Alexandria-null,X4-creator-creator-the, X1-subj-X2,X1-obj-X3,X5-first-true,X5-has_name-Sight,X4-of-X5,X6-has_name-Alexandria,X4-of-X6,X1-obl_of-X4, X1-be-is-null,X2-which-Which-null,X3-nationality-nationality-the,X5-Sight-Sight-null,X6-Alexandria-Alexandria-null,X4-creator-creator-the, X1-subj-X2,X1-obj-X3,X5-has_name-First,X5-has_name-Sight,X4-of-X5,X6-has_name-Alexandria,X4-of-X6,X1-obl_of-X4, X1-be-is-null,X2-which-Which-null,X3-nationality-nationality-the,X5-First Sight-First Sight-null,X6-Alexandria-Alexandria-null,X4-creator-creator-the, X1-subj-X2,X1-obj-X3,X5-has_name-First Sight,X4-of-X5,X6-has_name-Alexandria,X4-of-X6,X1-obl_of-X4, X1-be-is-null,X2-which-Which-null,X4-creator-creator-the,X6-Alexandria-Alexandria-null,X5-Sight-Sight-null,X3-nationality-nationality-the, X1-subj-X2,X3-of-X4,X6-has_name-Alexandria,X5-of-X6,X5-first-true,X5-has_name-Sight,X3-of-X5,X1-obj-X3, X1-be-is-null,X2-which-Which-null,X4-creator-creator-the,X6-Alexandria-Alexandria-null,X5-Sight-Sight-null,X3-nationality-nationality-the, X1-subj-X2,X3-of-X4,X6-has_name-Alexandria,X5-of-X6,X5-has_name-First,X5-has_name-Sight,X3-of-X5,X1-obj-X3, X1-be-is-null,X2-which-Which-null,X4-creator-creator-the,X6-Alexandria-Alexandria-null,X5-First Sight-First Sight-null,X3-nationality-nationality-the, X1-subj-X2,X3-of-X4,X6-has_name-Alexandria,X5-of-X6,X5-has_name-First Sight,X3-of-X5,X1-obj-X3, X1-be-is-null,X2-which-Which-null,X5-Alexandria-Alexandria-null,X4-Sight-Sight-null,X3-nationality-nationality-the,X6-creator-creator-the, X1-subj-X2,X5-has_name-Alexandria,X4-of-X5,X4-first-true,X4-has_name-Sight,X3-of-X4,X1-obj-X3,X1-obl_of-X6, X1-be-is-null,X2-which-Which-null,X5-Alexandria-Alexandria-null,X4-Sight-Sight-null,X3-nationality-nationality-the,X6-creator-creator-the, X1-subj-X2,X5-has_name-Alexandria,X4-of-X5,X4-has_name-First,X4-has_name-Sight,X3-of-X4,X1-obj-X3,X1-obl_of-X6, X1-be-is-null,X2-which-Which-null,X5-Alexandria-Alexandria-null,X4-First Sight-First Sight-null,X3-nationality-nationality-the,X6-creator-creator-the, X1-subj-X2,X5-has_name-Alexandria,X4-of-X5,X4-has_name-First Sight,X3-of-X4,X1-obj-X3,X1-obl_of-X6, X1-be-is-null,X2-which-Which-null,X4-creator-creator-the,X3-nationality-nationality-the,X6-Alexandria-Alexandria-null,X5-Sight-Sight-null, X1-subj-X2,X3-of-X4,X1-obj-X3,X6-has_name-Alexandria,X5-of-X6,X5-first-true,X5-has_name-Sight,X1-obl_of-X5, X1-be-is-null,X2-which-Which-null,X4-creator-creator-the,X3-nationality-nationality-the,X6-Alexandria-Alexandria-null,X5-Sight-Sight-null, X1-subj-X2,X3-of-X4,X1-obj-X3,X6-has_name-Alexandria,X5-of-X6,X5-has_name-First,X5-has_name-Sight,X1-obl_of-X5, X1-be-is-null,X2-which-Which-null,X4-creator-creator-the,X3-nationality-nationality-the,X6-Alexandria-Alexandria-null,X5-First Sight-First Sight-null, X1-subj-X2,X3-of-X4,X1-obj-X3,X6-has_name-Alexandria,X5-of-X6,X5-has_name-First Sight,X1-obl_of-X5, X1-be-is-null,X2-which-Which-null,X4-creator-creator-the,X5-Sight-Sight-null,X6-Alexandria-Alexandria-null,X3-nationality-nationality-the, X1-subj-X2,X3-of-X4,X5-first-true,X5-has_name-Sight,X3-of-X5,X6-has_name-Alexandria,X3-of-X6,X1-obj-X3, X1-be-is-null,X2-which-Which-null,X4-creator-creator-the,X5-Sight-Sight-null,X6-Alexandria-Alexandria-null,X3-nationality-nationality-the, X1-subj-X2,X3-of-X4,X5-has_name-First,X5-has_name-Sight,X3-of-X5,X6-has_name-Alexandria,X3-of-X6,X1-obj-X3, X1-be-is-null,X2-which-Which-null,X4-creator-creator-the,X5-First Sight-First Sight-null,X6-Alexandria-Alexandria-null,X3-nationality-nationality-the, X1-subj-X2,X3-of-X4,X5-has_name-First Sight,X3-of-X5,X6-has_name-Alexandria,X3-of-X6,X1-obj-X3, X1-be-is-null,X2-which-Which-null,X5-Sight-Sight-null,X6-Alexandria-Alexandria-null,X4-creator-creator-the,X3-nationality-nationality-the, X1-subj-X2,X5-first-true,X5-has_name-Sight,X4-of-X5,X6-has_name-Alexandria,X4-of-X6,X3-of-X4,X1-obj-X3, X1-be-is-null,X2-which-Which-null,X5-Sight-Sight-null,X6-Alexandria-Alexandria-null,X4-creator-creator-the,X3-nationality-nationality-the, X1-subj-X2,X5-has_name-First,X5-has_name-Sight,X4-of-X5,X6-has_name-Alexandria,X4-of-X6,X3-of-X4,X1-obj-X3, X1-be-is-null,X2-which-Which-null,X5-First Sight-First Sight-null,X6-Alexandria-Alexandria-null,X4-creator-creator-the,X3-nationality-nationality-the, X1-subj-X2,X5-has_name-First Sight,X4-of-X5,X6-has_name-Alexandria,X4-of-X6,X3-of-X4,X1-obj-X3,",Incorrect partial DRS,null,null
146,Which is the nationality of the creator of Fishermen at Sea?," X1-be-is-null,X2-which-Which-null,X6-Sea-Sea-null,X5-Fishermen-Fishermen-null,X4-creator-creator-the,X3-nationality-nationality-the, X1-subj-X2,X6-has_name-Sea,X5-at-X6,X5-has_name-Fishermen,X4-of-X5,X3-of-X4,X1-obj-X3, X1-be-is-null,X2-which-Which-null,X3-nationality-nationality-the,X6-Sea-Sea-null,X5-Fishermen-Fishermen-null,X4-creator-creator-the, X1-subj-X2,X1-obj-X3,X6-has_name-Sea,X5-at-X6,X5-has_name-Fishermen,X4-of-X5,X1-obl_of-X4, X1-be-is-null,X2-which-Which-null,X3-nationality-nationality-the,X4-creator-creator-the,X6-Sea-Sea-null,X5-Fishermen-Fishermen-null, X1-subj-X2,X1-obj-X3,X1-obl_of-X4,X6-has_name-Sea,X5-at-X6,X5-has_name-Fishermen,X1-obl_of-X5, X1-be-is-null,X2-which-Which-null,X3-nationality-nationality-the,X4-creator-creator-the,X5-Fishermen-Fishermen-null,X6-Sea-Sea-null, X1-subj-X2,X1-obj-X3,X1-obl_of-X4,X5-has_name-Fishermen,X1-obl_of-X5,X6-has_name-Sea,X1-obl_at-X6, X1-be-is-null,X2-which-Which-null,X3-nationality-nationality-the,X5-Fishermen-Fishermen-null,X6-Sea-Sea-null,X4-creator-creator-the, X1-subj-X2,X1-obj-X3,X5-has_name-Fishermen,X4-of-X5,X6-has_name-Sea,X4-at-X6,X1-obl_of-X4, X1-be-is-null,X2-which-Which-null,X4-creator-creator-the,X6-Sea-Sea-null,X5-Fishermen-Fishermen-null,X3-nationality-nationality-the, X1-subj-X2,X3-of-X4,X6-has_name-Sea,X5-at-X6,X5-has_name-Fishermen,X3-of-X5,X1-obj-X3, X1-be-is-null,X2-which-Which-null,X5-Sea-Sea-null,X4-Fishermen-Fishermen-null,X3-nationality-nationality-the,X6-creator-creator-the, X1-subj-X2,X5-has_name-Sea,X4-at-X5,X4-has_name-Fishermen,X3-of-X4,X1-obj-X3,X1-obl_of-X6, X1-be-is-null,X2-which-Which-null,X4-creator-creator-the,X3-nationality-nationality-the,X6-Sea-Sea-null,X5-Fishermen-Fishermen-null, X1-subj-X2,X3-of-X4,X1-obj-X3,X6-has_name-Sea,X5-at-X6,X5-has_name-Fishermen,X1-obl_of-X5, X1-be-is-null,X2-which-Which-null,X4-creator-creator-the,X5-Fishermen-Fishermen-null,X6-Sea-Sea-null,X3-nationality-nationality-the, X1-subj-X2,X3-of-X4,X5-has_name-Fishermen,X3-of-X5,X6-has_name-Sea,X3-at-X6,X1-obj-X3, X1-be-is-null,X2-which-Which-null,X5-Fishermen-Fishermen-null,X6-Sea-Sea-null,X4-creator-creator-the,X3-nationality-nationality-the, X1-subj-X2,X5-has_name-Fishermen,X4-of-X5,X6-has_name-Sea,X4-at-X6,X3-of-X4,X1-obj-X3,",Incorrect partial DRS,null,null
147,"Which is the nationality of the creator of Fishmonger, London?"," X1-be-is-null,X2-which-Which-null,X5-Fishmonger-Fishmonger-null,X4-creator-creator-the,X3-nationality-nationality-the, X1-subj-X2,X5-has_name-London,X5-has_name-Fishmonger,X4-of-X5,X3-of-X4,X1-obj-X3, X1-be-is-null,X2-which-Which-null,X3-nationality-nationality-the,X5-Fishmonger-Fishmonger-null,X4-creator-creator-the, X1-subj-X2,X1-obj-X3,X5-has_name-London,X5-has_name-Fishmonger,X4-of-X5,X1-obl_of-X4, X1-be-is-null,X2-which-Which-null,X3-nationality-nationality-the,X4-creator-creator-the,X5-Fishmonger-Fishmonger-null, X1-subj-X2,X1-obj-X3,X1-obl_of-X4,X5-has_name-London,X5-has_name-Fishmonger,X1-obl_of-X5, X1-be-is-null,X2-which-Which-null,X4-creator-creator-the,X5-Fishmonger-Fishmonger-null,X3-nationality-nationality-the, X1-subj-X2,X3-of-X4,X5-has_name-London,X5-has_name-Fishmonger,X3-of-X5,X1-obj-X3, X1-be-is-null,X2-which-Which-null,X4-Fishmonger-Fishmonger-null,X3-nationality-nationality-the,X5-creator-creator-the, X1-subj-X2,X4-has_name-London,X4-has_name-Fishmonger,X3-of-X4,X1-obj-X3,X1-obl_of-X5, X1-be-is-null,X2-which-Which-null,X4-creator-creator-the,X3-nationality-nationality-the,X5-Fishmonger-Fishmonger-null, X1-subj-X2,X3-of-X4,X1-obj-X3,X5-has_name-London,X5-has_name-Fishmonger,X1-obl_of-X5,","Drs [
 tokens=[],
 dEntities=[
DEntity(X1, be, is, VERB, null, false, Query1, Query), 
DEntity(X2, which, Which, PRON, null, false, Qualifier2, Qualifier), 
DEntity(X5, Fishmonger, Fishmonger, PROPN, null, false, Artefact3, Artefact), 
DEntity(X4, creator, creator, NOUN, the, false, Artist4, Artist), 
DEntity(X3, nationality, nationality, NOUN, the, false, ConceptArtist5, ConceptArtist)],
 dConditions=[
DCondition(X1, subj, X2, propriedades= [qQualifier] --- []), 
DCondition(X5, has_name, London, propriedades= [] --- [has_name, has_text, who]), 
DCondition(X5, has_name, Fishmonger, propriedades= [] --- [has_name, has_text, who]), 
DCondition(X4, of, X5, propriedades= [author_of] --- []), 
DCondition(X3, of, X4, propriedades= [conc_of_Artist] --- []), 
DCondition(X1, obj, X3, propriedades= [select] --- []), 
DCondition(X1, has_text, be, propriedades= [] --- [has_name, has_text, who]), 
DCondition(X2, has_text, which, propriedades= [] --- [has_name, has_text, who]), 
DCondition(X5, has_text, Fishmonger, propriedades= [] --- [has_name, has_text, who]), 
DCondition(X4, has_text, creator, propriedades= [] --- [has_name, has_text, who]), 
DCondition(X3, has_text, nationality, propriedades= [] --- [has_name, has_text, who]), 
DCondition(X2, has_name, null list, propriedades= [] --- [has_name, has_text, who]), 
DCondition(X1, obj, X2, propriedades= [qQualifier] --- [])]
 solu��es = []
 numeroFrase = 0
 numHasNames = 3
 numIndividuals = 5
 numEntitiesOk = 10
 numIsClass = 0
 numPropsOk = 5
 numEntitiesNOk = 0
 numClassesOk = 4]"," PREFIX rdf: <http://www.w3.org/1999/02/22-rdf-syntax-ns#> PREFIX xsd: <http://www.w3.org/2001/XMLSchema#> PREFIX rdfs: <http://www.w3.org/2000/01/rdf-schema#> PREFIX cidoc: <http://www.cidoc-crm.org/cidoc-crm/> SELECT  DISTINCT  ?snameConceptArtist5 ?ConceptArtist5 ?snameArtefact3 ?Artefact3 WHERE { {{?Artefact3 cidoc:P131_is_identified_by ?nameArtefact3 . ?nameArtefact3 rdf:value ?snameArtefact3 .}  UNION {?Artefact3 rdfs:label ?snameArtefact3 .}}  filter(regex(?snameArtefact3,""Fishmonger"",""i"")) . {{?Artefact3 cidoc:P131_is_identified_by ?nameArtefact3 . ?nameArtefact3 rdf:value ?snameArtefact3 .}  UNION {?Artefact3 rdfs:label ?snameArtefact3 .}}  filter(regex(?snameArtefact3,""London"",""i"")) . ?prod cidoc:P14_carried_out_by ?Artist4 . ?Artefact3 cidoc:P108i_was_produced_by ?prod . ?Artist4 rdfs:label ?snameArtist4 . ?Artist4 cidoc:P107i_is_current_or_former_member_of ?ConceptArtist5. ?ConceptArtist5 rdfs:label ?snameConceptArtist5. }",true
148,"Which is the nationality of the creator of Fjord Sketch, Norway?"," X1-be-is-null,X2-which-Which-null,X5-Fjord sketch-Fjord Sketch-null,X4-creator-creator-the,X3-nationality-nationality-the, X1-subj-X2,X5-has_name-Norway,X5-has_name-Fjord sketch,X4-of-X5,X3-of-X4,X1-obj-X3, X1-be-is-null,X2-which-Which-null,X3-nationality-nationality-the,X5-Fjord sketch-Fjord Sketch-null,X4-creator-creator-the, X1-subj-X2,X1-obj-X3,X5-has_name-Norway,X5-has_name-Fjord sketch,X4-of-X5,X1-obl_of-X4, X1-be-is-null,X2-which-Which-null,X3-nationality-nationality-the,X4-creator-creator-the,X5-Fjord sketch-Fjord Sketch-null, X1-subj-X2,X1-obj-X3,X1-obl_of-X4,X5-has_name-Norway,X5-has_name-Fjord sketch,X1-obl_of-X5, X1-be-is-null,X2-which-Which-null,X4-creator-creator-the,X5-Fjord sketch-Fjord Sketch-null,X3-nationality-nationality-the, X1-subj-X2,X3-of-X4,X5-has_name-Norway,X5-has_name-Fjord sketch,X3-of-X5,X1-obj-X3, X1-be-is-null,X2-which-Which-null,X4-Fjord sketch-Fjord Sketch-null,X3-nationality-nationality-the,X5-creator-creator-the, X1-subj-X2,X4-has_name-Norway,X4-has_name-Fjord sketch,X3-of-X4,X1-obj-X3,X1-obl_of-X5, X1-be-is-null,X2-which-Which-null,X4-creator-creator-the,X3-nationality-nationality-the,X5-Fjord sketch-Fjord Sketch-null, X1-subj-X2,X3-of-X4,X1-obj-X3,X5-has_name-Norway,X5-has_name-Fjord sketch,X1-obl_of-X5,","Drs [
 tokens=[],
 dEntities=[
DEntity(X1, be, is, VERB, null, false, Query1, Query), 
DEntity(X2, which, Which, PRON, null, false, Qualifier2, Qualifier), 
DEntity(X5, Fjord sketch, Fjord Sketch, PROPN, null, false, Artefact3, Artefact), 
DEntity(X4, creator, creator, NOUN, the, false, Artist4, Artist), 
DEntity(X3, nationality, nationality, NOUN, the, false, ConceptArtist5, ConceptArtist)],
 dConditions=[
DCondition(X1, subj, X2, propriedades= [qQualifier] --- []), 
DCondition(X5, has_name, Norway, propriedades= [] --- [has_name, has_text, who]), 
DCondition(X5, has_name, Fjord sketch, propriedades= [] --- [has_name, has_text, who]), 
DCondition(X4, of, X5, propriedades= [author_of] --- []), 
DCondition(X3, of, X4, propriedades= [conc_of_Artist] --- []), 
DCondition(X1, obj, X3, propriedades= [select] --- []), 
DCondition(X1, has_text, be, propriedades= [] --- [has_name, has_text, who]), 
DCondition(X2, has_text, which, propriedades= [] --- [has_name, has_text, who]), 
DCondition(X5, has_text, Fjord sketch, propriedades= [] --- [has_name, has_text, who]), 
DCondition(X4, has_text, creator, propriedades= [] --- [has_name, has_text, who]), 
DCondition(X3, has_text, nationality, propriedades= [] --- [has_name, has_text, who]), 
DCondition(X2, has_name, null list, propriedades= [] --- [has_name, has_text, who]), 
DCondition(X1, obj, X2, propriedades= [qQualifier] --- [])]
 solu��es = []
 numeroFrase = 0
 numHasNames = 3
 numIndividuals = 5
 numEntitiesOk = 10
 numIsClass = 0
 numPropsOk = 5
 numEntitiesNOk = 0
 numClassesOk = 4]"," PREFIX rdf: <http://www.w3.org/1999/02/22-rdf-syntax-ns#> PREFIX xsd: <http://www.w3.org/2001/XMLSchema#> PREFIX rdfs: <http://www.w3.org/2000/01/rdf-schema#> PREFIX cidoc: <http://www.cidoc-crm.org/cidoc-crm/> SELECT  DISTINCT  ?snameConceptArtist5 ?ConceptArtist5 ?snameArtefact3 ?Artefact3 WHERE { {{?Artefact3 cidoc:P131_is_identified_by ?nameArtefact3 . ?nameArtefact3 rdf:value ?snameArtefact3 .}  UNION {?Artefact3 rdfs:label ?snameArtefact3 .}}  filter(regex(?snameArtefact3,""Norway"",""i"")) . {{?Artefact3 cidoc:P131_is_identified_by ?nameArtefact3 . ?nameArtefact3 rdf:value ?snameArtefact3 .}  UNION {?Artefact3 rdfs:label ?snameArtefact3 .}}  filter(regex(?snameArtefact3,""Fjord sketch"",""i"")) . ?prod cidoc:P14_carried_out_by ?Artist4 . ?Artefact3 cidoc:P108i_was_produced_by ?prod . ?Artist4 rdfs:label ?snameArtist4 . ?Artist4 cidoc:P107i_is_current_or_former_member_of ?ConceptArtist5. ?ConceptArtist5 rdfs:label ?snameConceptArtist5. }",true
149,Which is the nationality of the creator of Flat Rock Cove?," X1-be-is-null,X2-which-Which-null,X5-Rock Cove-Rock Cove-null,X4-creator-creator-the,X3-nationality-nationality-the, X1-subj-X2,X5-flat-true,X5-has_name-Rock Cove,X4-of-X5,X3-of-X4,X1-obj-X3, X1-be-is-null,X2-which-Which-null,X5-Rock Cove-Rock Cove-null,X4-creator-creator-the,X3-nationality-nationality-the, X1-subj-X2,X5-has_name-Flat,X5-has_name-Rock Cove,X4-of-X5,X3-of-X4,X1-obj-X3, X1-be-is-null,X2-which-Which-null,X5-Rock Flat Cove-Rock Flat Cove-null,X4-creator-creator-the,X3-nationality-nationality-the, X1-subj-X2,X5-has_name-Rock Flat Cove,X4-of-X5,X3-of-X4,X1-obj-X3, X1-be-is-null,X2-which-Which-null,X3-nationality-nationality-the,X5-Rock Cove-Rock Cove-null,X4-creator-creator-the, X1-subj-X2,X1-obj-X3,X5-flat-true,X5-has_name-Rock Cove,X4-of-X5,X1-obl_of-X4, X1-be-is-null,X2-which-Which-null,X3-nationality-nationality-the,X5-Rock Cove-Rock Cove-null,X4-creator-creator-the, X1-subj-X2,X1-obj-X3,X5-has_name-Flat,X5-has_name-Rock Cove,X4-of-X5,X1-obl_of-X4, X1-be-is-null,X2-which-Which-null,X3-nationality-nationality-the,X5-Rock Flat Cove-Rock Flat Cove-null,X4-creator-creator-the, X1-subj-X2,X1-obj-X3,X5-has_name-Rock Flat Cove,X4-of-X5,X1-obl_of-X4, X1-be-is-null,X2-which-Which-null,X3-nationality-nationality-the,X4-creator-creator-the,X5-Rock Cove-Rock Cove-null, X1-subj-X2,X1-obj-X3,X1-obl_of-X4,X5-flat-true,X5-has_name-Rock Cove,X1-obl_of-X5, X1-be-is-null,X2-which-Which-null,X3-nationality-nationality-the,X4-creator-creator-the,X5-Rock Cove-Rock Cove-null, X1-subj-X2,X1-obj-X3,X1-obl_of-X4,X5-has_name-Flat,X5-has_name-Rock Cove,X1-obl_of-X5, X1-be-is-null,X2-which-Which-null,X3-nationality-nationality-the,X4-creator-creator-the,X5-Rock Flat Cove-Rock Flat Cove-null, X1-subj-X2,X1-obj-X3,X1-obl_of-X4,X5-has_name-Rock Flat Cove,X1-obl_of-X5, X1-be-is-null,X2-which-Which-null,X4-creator-creator-the,X5-Rock Cove-Rock Cove-null,X3-nationality-nationality-the, X1-subj-X2,X3-of-X4,X5-flat-true,X5-has_name-Rock Cove,X3-of-X5,X1-obj-X3, X1-be-is-null,X2-which-Which-null,X4-creator-creator-the,X5-Rock Cove-Rock Cove-null,X3-nationality-nationality-the, X1-subj-X2,X3-of-X4,X5-has_name-Flat,X5-has_name-Rock Cove,X3-of-X5,X1-obj-X3, X1-be-is-null,X2-which-Which-null,X4-creator-creator-the,X5-Rock Flat Cove-Rock Flat Cove-null,X3-nationality-nationality-the, X1-subj-X2,X3-of-X4,X5-has_name-Rock Flat Cove,X3-of-X5,X1-obj-X3, X1-be-is-null,X2-which-Which-null,X4-Rock Cove-Rock Cove-null,X3-nationality-nationality-the,X5-creator-creator-the, X1-subj-X2,X4-flat-true,X4-has_name-Rock Cove,X3-of-X4,X1-obj-X3,X1-obl_of-X5, X1-be-is-null,X2-which-Which-null,X4-Rock Cove-Rock Cove-null,X3-nationality-nationality-the,X5-creator-creator-the, X1-subj-X2,X4-has_name-Flat,X4-has_name-Rock Cove,X3-of-X4,X1-obj-X3,X1-obl_of-X5, X1-be-is-null,X2-which-Which-null,X4-Rock Flat Cove-Rock Flat Cove-null,X3-nationality-nationality-the,X5-creator-creator-the, X1-subj-X2,X4-has_name-Rock Flat Cove,X3-of-X4,X1-obj-X3,X1-obl_of-X5, X1-be-is-null,X2-which-Which-null,X4-creator-creator-the,X3-nationality-nationality-the,X5-Rock Cove-Rock Cove-null, X1-subj-X2,X3-of-X4,X1-obj-X3,X5-flat-true,X5-has_name-Rock Cove,X1-obl_of-X5, X1-be-is-null,X2-which-Which-null,X4-creator-creator-the,X3-nationality-nationality-the,X5-Rock Cove-Rock Cove-null, X1-subj-X2,X3-of-X4,X1-obj-X3,X5-has_name-Flat,X5-has_name-Rock Cove,X1-obl_of-X5, X1-be-is-null,X2-which-Which-null,X4-creator-creator-the,X3-nationality-nationality-the,X5-Rock Flat Cove-Rock Flat Cove-null, X1-subj-X2,X3-of-X4,X1-obj-X3,X5-has_name-Rock Flat Cove,X1-obl_of-X5,","Drs [
 tokens=[],
 dEntities=[
DEntity(X1, be, is, VERB, null, false, Query1, Query), 
DEntity(X2, which, Which, PRON, null, false, Qualifier2, Qualifier), 
DEntity(X5, Rock Cove, Rock Cove, PROPN, null, false, Artefact3, Artefact), 
DEntity(X4, creator, creator, NOUN, the, false, Artist4, Artist), 
DEntity(X3, nationality, nationality, NOUN, the, false, ConceptArtist5, ConceptArtist)],
 dConditions=[
DCondition(X1, subj, X2, propriedades= [qQualifier] --- []), 
DCondition(X5, flat, true, propriedades= [] --- [has_name, has_text, who]), 
DCondition(X5, has_name, Rock Cove, propriedades= [] --- [has_name, has_text, who]), 
DCondition(X4, of, X5, propriedades= [author_of] --- []), 
DCondition(X3, of, X4, propriedades= [conc_of_Artist] --- []), 
DCondition(X1, obj, X3, propriedades= [select] --- []), 
DCondition(X1, has_text, be, propriedades= [] --- [has_name, has_text, who]), 
DCondition(X2, has_text, which, propriedades= [] --- [has_name, has_text, who]), 
DCondition(X5, has_text, Rock Cove, propriedades= [] --- [has_name, has_text, who]), 
DCondition(X4, has_text, creator, propriedades= [] --- [has_name, has_text, who]), 
DCondition(X3, has_text, nationality, propriedades= [] --- [has_name, has_text, who]), 
DCondition(X2, has_name, null list, propriedades= [] --- [has_name, has_text, who]), 
DCondition(X1, obj, X2, propriedades= [qQualifier] --- [])]
 solu��es = []
 numeroFrase = 0
 numHasNames = 2
 numIndividuals = 5
 numEntitiesOk = 10
 numIsClass = 0
 numPropsOk = 5
 numEntitiesNOk = 0
 numClassesOk = 4]"," PREFIX rdf: <http://www.w3.org/1999/02/22-rdf-syntax-ns#> PREFIX xsd: <http://www.w3.org/2001/XMLSchema#> PREFIX rdfs: <http://www.w3.org/2000/01/rdf-schema#> PREFIX cidoc: <http://www.cidoc-crm.org/cidoc-crm/> SELECT  DISTINCT  ?snameConceptArtist5 ?ConceptArtist5 ?snameArtefact3 ?Artefact3 WHERE { {{?Artefact3 cidoc:P131_is_identified_by ?nameArtefact3 . ?nameArtefact3 rdf:value ?snameArtefact3 .}  UNION {?Artefact3 rdfs:label ?snameArtefact3 .}}  filter(regex(?snameArtefact3,""Rock Cove"",""i"")) . ?prod cidoc:P14_carried_out_by ?Artist4 . ?Artefact3 cidoc:P108i_was_produced_by ?prod . ?Artist4 rdfs:label ?snameArtist4 . ?Artist4 cidoc:P107i_is_current_or_former_member_of ?ConceptArtist5. ?ConceptArtist5 rdfs:label ?snameConceptArtist5. }",true
150,Which is the nationality of the creator of Floating Rim Bowl?," X1-be-is-null,X2-which-Which-null,X5-Rim Bowl-Rim Bowl-null,X4-creator-creator-the,X3-nationality-nationality-the, X1-subj-X2,X5-float-true,X5-has_name-Rim Bowl,X4-of-X5,X3-of-X4,X1-obj-X3, X1-be-is-null,X2-which-Which-null,X5-Rim Bowl-Rim Bowl-null,X4-creator-creator-the,X3-nationality-nationality-the, X1-subj-X2,X5-has_name-Floating,X5-has_name-Rim Bowl,X4-of-X5,X3-of-X4,X1-obj-X3, X1-be-is-null,X2-which-Which-null,X5-Rim Floating Bowl-Rim Floating Bowl-null,X4-creator-creator-the,X3-nationality-nationality-the, X1-subj-X2,X5-has_name-Rim Floating Bowl,X4-of-X5,X3-of-X4,X1-obj-X3, X1-be-is-null,X2-which-Which-null,X3-nationality-nationality-the,X5-Rim Bowl-Rim Bowl-null,X4-creator-creator-the, X1-subj-X2,X1-obj-X3,X5-float-true,X5-has_name-Rim Bowl,X4-of-X5,X1-obl_of-X4, X1-be-is-null,X2-which-Which-null,X3-nationality-nationality-the,X5-Rim Bowl-Rim Bowl-null,X4-creator-creator-the, X1-subj-X2,X1-obj-X3,X5-has_name-Floating,X5-has_name-Rim Bowl,X4-of-X5,X1-obl_of-X4, X1-be-is-null,X2-which-Which-null,X3-nationality-nationality-the,X5-Rim Floating Bowl-Rim Floating Bowl-null,X4-creator-creator-the, X1-subj-X2,X1-obj-X3,X5-has_name-Rim Floating Bowl,X4-of-X5,X1-obl_of-X4, X1-be-is-null,X2-which-Which-null,X3-nationality-nationality-the,X4-creator-creator-the,X5-Rim Bowl-Rim Bowl-null, X1-subj-X2,X1-obj-X3,X1-obl_of-X4,X5-float-true,X5-has_name-Rim Bowl,X1-obl_of-X5, X1-be-is-null,X2-which-Which-null,X3-nationality-nationality-the,X4-creator-creator-the,X5-Rim Bowl-Rim Bowl-null, X1-subj-X2,X1-obj-X3,X1-obl_of-X4,X5-has_name-Floating,X5-has_name-Rim Bowl,X1-obl_of-X5, X1-be-is-null,X2-which-Which-null,X3-nationality-nationality-the,X4-creator-creator-the,X5-Rim Floating Bowl-Rim Floating Bowl-null, X1-subj-X2,X1-obj-X3,X1-obl_of-X4,X5-has_name-Rim Floating Bowl,X1-obl_of-X5, X1-be-is-null,X2-which-Which-null,X4-creator-creator-the,X5-Rim Bowl-Rim Bowl-null,X3-nationality-nationality-the, X1-subj-X2,X3-of-X4,X5-float-true,X5-has_name-Rim Bowl,X3-of-X5,X1-obj-X3, X1-be-is-null,X2-which-Which-null,X4-creator-creator-the,X5-Rim Bowl-Rim Bowl-null,X3-nationality-nationality-the, X1-subj-X2,X3-of-X4,X5-has_name-Floating,X5-has_name-Rim Bowl,X3-of-X5,X1-obj-X3, X1-be-is-null,X2-which-Which-null,X4-creator-creator-the,X5-Rim Floating Bowl-Rim Floating Bowl-null,X3-nationality-nationality-the, X1-subj-X2,X3-of-X4,X5-has_name-Rim Floating Bowl,X3-of-X5,X1-obj-X3, X1-be-is-null,X2-which-Which-null,X4-Rim Bowl-Rim Bowl-null,X3-nationality-nationality-the,X5-creator-creator-the, X1-subj-X2,X4-float-true,X4-has_name-Rim Bowl,X3-of-X4,X1-obj-X3,X1-obl_of-X5, X1-be-is-null,X2-which-Which-null,X4-Rim Bowl-Rim Bowl-null,X3-nationality-nationality-the,X5-creator-creator-the, X1-subj-X2,X4-has_name-Floating,X4-has_name-Rim Bowl,X3-of-X4,X1-obj-X3,X1-obl_of-X5, X1-be-is-null,X2-which-Which-null,X4-Rim Floating Bowl-Rim Floating Bowl-null,X3-nationality-nationality-the,X5-creator-creator-the, X1-subj-X2,X4-has_name-Rim Floating Bowl,X3-of-X4,X1-obj-X3,X1-obl_of-X5, X1-be-is-null,X2-which-Which-null,X4-creator-creator-the,X3-nationality-nationality-the,X5-Rim Bowl-Rim Bowl-null, X1-subj-X2,X3-of-X4,X1-obj-X3,X5-float-true,X5-has_name-Rim Bowl,X1-obl_of-X5, X1-be-is-null,X2-which-Which-null,X4-creator-creator-the,X3-nationality-nationality-the,X5-Rim Bowl-Rim Bowl-null, X1-subj-X2,X3-of-X4,X1-obj-X3,X5-has_name-Floating,X5-has_name-Rim Bowl,X1-obl_of-X5, X1-be-is-null,X2-which-Which-null,X4-creator-creator-the,X3-nationality-nationality-the,X5-Rim Floating Bowl-Rim Floating Bowl-null, X1-subj-X2,X3-of-X4,X1-obj-X3,X5-has_name-Rim Floating Bowl,X1-obl_of-X5,",Incorrect partial DRS,null,null
151,Which is the nationality of the creator of Flowers in a Basket?," X1-be-is-null,X2-which-Which-null,X6-basket-Basket-a,X5-Flower-Flowers-null,X4-creator-creator-the,X3-nationality-nationality-the, X1-subj-X2,X5-in-X6,X5-has_name-Flower,X4-of-X5,X3-of-X4,X1-obj-X3, X1-be-is-null,X2-which-Which-null,X3-nationality-nationality-the,X6-basket-Basket-a,X5-Flower-Flowers-null,X4-creator-creator-the, X1-subj-X2,X1-obj-X3,X5-in-X6,X5-has_name-Flower,X4-of-X5,X1-obl_of-X4, X1-be-is-null,X2-which-Which-null,X3-nationality-nationality-the,X4-creator-creator-the,X6-basket-Basket-a,X5-Flower-Flowers-null, X1-subj-X2,X1-obj-X3,X1-obl_of-X4,X5-in-X6,X5-has_name-Flower,X1-obl_of-X5, X1-be-is-null,X2-which-Which-null,X3-nationality-nationality-the,X4-creator-creator-the,X5-Flower-Flowers-null,X6-basket-Basket-a, X1-subj-X2,X1-obj-X3,X1-obl_of-X4,X5-has_name-Flower,X1-obl_of-X5,X1-obl_in-X6, X1-be-is-null,X2-which-Which-null,X3-nationality-nationality-the,X5-Flower-Flowers-null,X6-basket-Basket-a,X4-creator-creator-the, X1-subj-X2,X1-obj-X3,X5-has_name-Flower,X4-of-X5,X4-in-X6,X1-obl_of-X4, X1-be-is-null,X2-which-Which-null,X4-creator-creator-the,X6-basket-Basket-a,X5-Flower-Flowers-null,X3-nationality-nationality-the, X1-subj-X2,X3-of-X4,X5-in-X6,X5-has_name-Flower,X3-of-X5,X1-obj-X3, X1-be-is-null,X2-which-Which-null,X5-basket-Basket-a,X4-Flower-Flowers-null,X3-nationality-nationality-the,X6-creator-creator-the, X1-subj-X2,X4-in-X5,X4-has_name-Flower,X3-of-X4,X1-obj-X3,X1-obl_of-X6, X1-be-is-null,X2-which-Which-null,X4-creator-creator-the,X3-nationality-nationality-the,X6-basket-Basket-a,X5-Flower-Flowers-null, X1-subj-X2,X3-of-X4,X1-obj-X3,X5-in-X6,X5-has_name-Flower,X1-obl_of-X5, X1-be-is-null,X2-which-Which-null,X4-creator-creator-the,X5-Flower-Flowers-null,X6-basket-Basket-a,X3-nationality-nationality-the, X1-subj-X2,X3-of-X4,X5-has_name-Flower,X3-of-X5,X3-in-X6,X1-obj-X3, X1-be-is-null,X2-which-Which-null,X5-Flower-Flowers-null,X6-basket-Basket-a,X4-creator-creator-the,X3-nationality-nationality-the, X1-subj-X2,X5-has_name-Flower,X4-of-X5,X4-in-X6,X3-of-X4,X1-obj-X3,",Incorrect partial DRS,null,null
152,Which is the nationality of the creator of Ford the Fiddler?," X1-be-is-null,X2-which-Which-null,X6-Fiddler-Fiddler-the,X5-Ford-Ford-null,X4-creator-creator-the,X3-nationality-nationality-the, X1-subj-X2,X6-has_name-Fiddler,X5-rel-X6,X5-has_name-Ford,X4-of-X5,X3-of-X4,X1-obj-X3, X1-be-is-null,X2-which-Which-null,X3-nationality-nationality-the,X6-Fiddler-Fiddler-the,X5-Ford-Ford-null,X4-creator-creator-the, X1-subj-X2,X1-obj-X3,X6-has_name-Fiddler,X5-rel-X6,X5-has_name-Ford,X4-of-X5,X1-obl_of-X4, X1-be-is-null,X2-which-Which-null,X3-nationality-nationality-the,X4-creator-creator-the,X6-Fiddler-Fiddler-the,X5-Ford-Ford-null, X1-subj-X2,X1-obj-X3,X1-obl_of-X4,X6-has_name-Fiddler,X5-rel-X6,X5-has_name-Ford,X1-obl_of-X5, X1-be-is-null,X2-which-Which-null,X4-creator-creator-the,X6-Fiddler-Fiddler-the,X5-Ford-Ford-null,X3-nationality-nationality-the, X1-subj-X2,X3-of-X4,X6-has_name-Fiddler,X5-rel-X6,X5-has_name-Ford,X3-of-X5,X1-obj-X3, X1-be-is-null,X2-which-Which-null,X5-Fiddler-Fiddler-the,X4-Ford-Ford-null,X3-nationality-nationality-the,X6-creator-creator-the, X1-subj-X2,X5-has_name-Fiddler,X4-rel-X5,X4-has_name-Ford,X3-of-X4,X1-obj-X3,X1-obl_of-X6, X1-be-is-null,X2-which-Which-null,X4-creator-creator-the,X3-nationality-nationality-the,X6-Fiddler-Fiddler-the,X5-Ford-Ford-null, X1-subj-X2,X3-of-X4,X1-obj-X3,X6-has_name-Fiddler,X5-rel-X6,X5-has_name-Ford,X1-obl_of-X5,",Incorrect partial DRS,null,null
153,Which is the nationality of the creator of Fountain in the Boboli Garden?," X1-be-is-null,X2-which-Which-null,X5-Fountain-Fountain-null,X6-Boboli Garden-Boboli Garden-the,X4-creator-creator-the,X3-nationality-nationality-the, X1-subj-X2,X5-has_name-Fountain,X4-of-X5,X6-has_name-Boboli Garden,X4-in-X6,X3-of-X4,X1-obj-X3, X1-be-is-null,X2-which-Which-null,X3-nationality-nationality-the,X5-Fountain-Fountain-null,X6-Boboli Garden-Boboli Garden-the,X4-creator-creator-the, X1-subj-X2,X1-obj-X3,X5-has_name-Fountain,X4-of-X5,X6-has_name-Boboli Garden,X4-in-X6,X1-obl_of-X4, X1-be-is-null,X2-which-Which-null,X3-nationality-nationality-the,X5-Boboli Garden-Boboli Garden-the,X4-creator-creator-the,X6-Fountain-Fountain-null, X1-subj-X2,X1-obj-X3,X5-has_name-Boboli Garden,X4-in-X5,X1-obl_of-X4,X6-has_name-Fountain,X1-obl_of-X6, X1-be-is-null,X2-which-Which-null,X3-nationality-nationality-the,X4-creator-creator-the,X5-Fountain-Fountain-null,X6-Boboli Garden-Boboli Garden-the, X1-subj-X2,X1-obj-X3,X1-obl_of-X4,X5-has_name-Fountain,X1-obl_of-X5,X6-has_name-Boboli Garden,X1-obl_in-X6, X1-be-is-null,X2-which-Which-null,X3-nationality-nationality-the,X5-Fountain-Fountain-null,X4-creator-creator-the,X6-Boboli Garden-Boboli Garden-the, X1-subj-X2,X1-obj-X3,X5-has_name-Fountain,X4-of-X5,X1-obl_of-X4,X6-has_name-Boboli Garden,X1-obl_in-X6, X1-be-is-null,X2-which-Which-null,X5-Boboli Garden-Boboli Garden-the,X4-creator-creator-the,X6-Fountain-Fountain-null,X3-nationality-nationality-the, X1-subj-X2,X5-has_name-Boboli Garden,X4-in-X5,X3-of-X4,X6-has_name-Fountain,X3-of-X6,X1-obj-X3, X1-be-is-null,X2-which-Which-null,X4-Fountain-Fountain-null,X3-nationality-nationality-the,X6-Boboli Garden-Boboli Garden-the,X5-creator-creator-the, X1-subj-X2,X4-has_name-Fountain,X3-of-X4,X1-obj-X3,X6-has_name-Boboli Garden,X5-in-X6,X1-obl_of-X5, X1-be-is-null,X2-which-Which-null,X5-Boboli Garden-Boboli Garden-the,X4-creator-creator-the,X3-nationality-nationality-the,X6-Fountain-Fountain-null, X1-subj-X2,X5-has_name-Boboli Garden,X4-in-X5,X3-of-X4,X1-obj-X3,X6-has_name-Fountain,X1-obl_of-X6, X1-be-is-null,X2-which-Which-null,X4-creator-creator-the,X5-Fountain-Fountain-null,X6-Boboli Garden-Boboli Garden-the,X3-nationality-nationality-the, X1-subj-X2,X3-of-X4,X5-has_name-Fountain,X3-of-X5,X6-has_name-Boboli Garden,X3-in-X6,X1-obj-X3, X1-be-is-null,X2-which-Which-null,X5-Fountain-Fountain-null,X4-creator-creator-the,X6-Boboli Garden-Boboli Garden-the,X3-nationality-nationality-the, X1-subj-X2,X5-has_name-Fountain,X4-of-X5,X3-of-X4,X6-has_name-Boboli Garden,X3-in-X6,X1-obj-X3,",Incorrect partial DRS,null,null
154,Which is the nationality of the creator of Fragment of a Cloud?," X1-be-is-null,X2-which-Which-null,X6-Cloud-Cloud-a,X5-Fragment-Fragment-null,X4-creator-creator-the,X3-nationality-nationality-the, X1-subj-X2,X6-has_name-Cloud,X5-of-X6,X5-has_name-Fragment,X4-of-X5,X3-of-X4,X1-obj-X3, X1-be-is-null,X2-which-Which-null,X3-nationality-nationality-the,X6-Cloud-Cloud-a,X5-Fragment-Fragment-null,X4-creator-creator-the, X1-subj-X2,X1-obj-X3,X6-has_name-Cloud,X5-of-X6,X5-has_name-Fragment,X4-of-X5,X1-obl_of-X4, X1-be-is-null,X2-which-Which-null,X3-nationality-nationality-the,X4-creator-creator-the,X6-Cloud-Cloud-a,X5-Fragment-Fragment-null, X1-subj-X2,X1-obj-X3,X1-obl_of-X4,X6-has_name-Cloud,X5-of-X6,X5-has_name-Fragment,X1-obl_of-X5, X1-be-is-null,X2-which-Which-null,X3-nationality-nationality-the,X4-creator-creator-the,X5-Fragment-Fragment-null,X6-Cloud-Cloud-a, X1-subj-X2,X1-obj-X3,X1-obl_of-X4,X5-has_name-Fragment,X1-obl_of-X5,X6-has_name-Cloud,X1-obl_of-X6, X1-be-is-null,X2-which-Which-null,X3-nationality-nationality-the,X5-Fragment-Fragment-null,X6-Cloud-Cloud-a,X4-creator-creator-the, X1-subj-X2,X1-obj-X3,X5-has_name-Fragment,X4-of-X5,X6-has_name-Cloud,X4-of-X6,X1-obl_of-X4, X1-be-is-null,X2-which-Which-null,X4-creator-creator-the,X6-Cloud-Cloud-a,X5-Fragment-Fragment-null,X3-nationality-nationality-the, X1-subj-X2,X3-of-X4,X6-has_name-Cloud,X5-of-X6,X5-has_name-Fragment,X3-of-X5,X1-obj-X3, X1-be-is-null,X2-which-Which-null,X5-Cloud-Cloud-a,X4-Fragment-Fragment-null,X3-nationality-nationality-the,X6-creator-creator-the, X1-subj-X2,X5-has_name-Cloud,X4-of-X5,X4-has_name-Fragment,X3-of-X4,X1-obj-X3,X1-obl_of-X6, X1-be-is-null,X2-which-Which-null,X4-creator-creator-the,X3-nationality-nationality-the,X6-Cloud-Cloud-a,X5-Fragment-Fragment-null, X1-subj-X2,X3-of-X4,X1-obj-X3,X6-has_name-Cloud,X5-of-X6,X5-has_name-Fragment,X1-obl_of-X5, X1-be-is-null,X2-which-Which-null,X4-creator-creator-the,X5-Fragment-Fragment-null,X6-Cloud-Cloud-a,X3-nationality-nationality-the, X1-subj-X2,X3-of-X4,X5-has_name-Fragment,X3-of-X5,X6-has_name-Cloud,X3-of-X6,X1-obj-X3, X1-be-is-null,X2-which-Which-null,X5-Fragment-Fragment-null,X6-Cloud-Cloud-a,X4-creator-creator-the,X3-nationality-nationality-the, X1-subj-X2,X5-has_name-Fragment,X4-of-X5,X6-has_name-Cloud,X4-of-X6,X3-of-X4,X1-obj-X3,",Incorrect partial DRS,null,null
155,Which is the nationality of the creator of Freda?," X1-be-is-null,X2-which-Which-null,X5-Freda-Freda-null,X4-creator-creator-the,X3-nationality-nationality-the, X1-subj-X2,X5-has_name-Freda,X4-of-X5,X3-of-X4,X1-obj-X3, X1-be-is-null,X2-which-Which-null,X3-nationality-nationality-the,X5-Freda-Freda-null,X4-creator-creator-the, X1-subj-X2,X1-obj-X3,X5-has_name-Freda,X4-of-X5,X1-obl_of-X4, X1-be-is-null,X2-which-Which-null,X3-nationality-nationality-the,X4-creator-creator-the,X5-Freda-Freda-null, X1-subj-X2,X1-obj-X3,X1-obl_of-X4,X5-has_name-Freda,X1-obl_of-X5, X1-be-is-null,X2-which-Which-null,X4-creator-creator-the,X5-Freda-Freda-null,X3-nationality-nationality-the, X1-subj-X2,X3-of-X4,X5-has_name-Freda,X3-of-X5,X1-obj-X3, X1-be-is-null,X2-which-Which-null,X4-Freda-Freda-null,X3-nationality-nationality-the,X5-creator-creator-the, X1-subj-X2,X4-has_name-Freda,X3-of-X4,X1-obj-X3,X1-obl_of-X5, X1-be-is-null,X2-which-Which-null,X4-creator-creator-the,X3-nationality-nationality-the,X5-Freda-Freda-null, X1-subj-X2,X3-of-X4,X1-obj-X3,X5-has_name-Freda,X1-obl_of-X5,","Drs [
 tokens=[],
 dEntities=[
DEntity(X1, be, is, VERB, null, false, Query1, Query), 
DEntity(X2, which, Which, PRON, null, false, Qualifier2, Qualifier), 
DEntity(X5, Freda, Freda, PROPN, null, false, Artefact3, Artefact), 
DEntity(X4, creator, creator, NOUN, the, false, Artist4, Artist), 
DEntity(X3, nationality, nationality, NOUN, the, false, ConceptArtist5, ConceptArtist)],
 dConditions=[
DCondition(X1, subj, X2, propriedades= [qQualifier] --- []), 
DCondition(X5, has_name, Freda, propriedades= [] --- [has_name, has_text, who]), 
DCondition(X4, of, X5, propriedades= [author_of] --- []), 
DCondition(X3, of, X4, propriedades= [conc_of_Artist] --- []), 
DCondition(X1, obj, X3, propriedades= [select] --- []), 
DCondition(X1, has_text, be, propriedades= [] --- [has_name, has_text, who]), 
DCondition(X2, has_text, which, propriedades= [] --- [has_name, has_text, who]), 
DCondition(X5, has_text, Freda, propriedades= [] --- [has_name, has_text, who]), 
DCondition(X4, has_text, creator, propriedades= [] --- [has_name, has_text, who]), 
DCondition(X3, has_text, nationality, propriedades= [] --- [has_name, has_text, who]), 
DCondition(X2, has_name, null list, propriedades= [] --- [has_name, has_text, who]), 
DCondition(X1, obj, X2, propriedades= [qQualifier] --- [])]
 solu��es = []
 numeroFrase = 0
 numHasNames = 2
 numIndividuals = 5
 numEntitiesOk = 10
 numIsClass = 0
 numPropsOk = 5
 numEntitiesNOk = 0
 numClassesOk = 4]"," PREFIX rdf: <http://www.w3.org/1999/02/22-rdf-syntax-ns#> PREFIX xsd: <http://www.w3.org/2001/XMLSchema#> PREFIX rdfs: <http://www.w3.org/2000/01/rdf-schema#> PREFIX cidoc: <http://www.cidoc-crm.org/cidoc-crm/> SELECT  DISTINCT  ?snameConceptArtist5 ?ConceptArtist5 ?snameArtefact3 ?Artefact3 WHERE { {{?Artefact3 cidoc:P131_is_identified_by ?nameArtefact3 . ?nameArtefact3 rdf:value ?snameArtefact3 .}  UNION {?Artefact3 rdfs:label ?snameArtefact3 .}}  filter(regex(?snameArtefact3,""Freda"",""i"")) . ?prod cidoc:P14_carried_out_by ?Artist4 . ?Artefact3 cidoc:P108i_was_produced_by ?prod . ?Artist4 rdfs:label ?snameArtist4 . ?Artist4 cidoc:P107i_is_current_or_former_member_of ?ConceptArtist5. ?ConceptArtist5 rdfs:label ?snameConceptArtist5. }",true
156,Which is the nationality of the creator of Freeway?," X1-be-is-null,X2-which-Which-null,X5-Freeway-Freeway-null,X4-creator-creator-the,X3-nationality-nationality-the, X1-subj-X2,X5-has_name-Freeway,X4-of-X5,X3-of-X4,X1-obj-X3, X1-be-is-null,X2-which-Which-null,X3-nationality-nationality-the,X5-Freeway-Freeway-null,X4-creator-creator-the, X1-subj-X2,X1-obj-X3,X5-has_name-Freeway,X4-of-X5,X1-obl_of-X4, X1-be-is-null,X2-which-Which-null,X3-nationality-nationality-the,X4-creator-creator-the,X5-Freeway-Freeway-null, X1-subj-X2,X1-obj-X3,X1-obl_of-X4,X5-has_name-Freeway,X1-obl_of-X5, X1-be-is-null,X2-which-Which-null,X4-creator-creator-the,X5-Freeway-Freeway-null,X3-nationality-nationality-the, X1-subj-X2,X3-of-X4,X5-has_name-Freeway,X3-of-X5,X1-obj-X3, X1-be-is-null,X2-which-Which-null,X4-Freeway-Freeway-null,X3-nationality-nationality-the,X5-creator-creator-the, X1-subj-X2,X4-has_name-Freeway,X3-of-X4,X1-obj-X3,X1-obl_of-X5, X1-be-is-null,X2-which-Which-null,X4-creator-creator-the,X3-nationality-nationality-the,X5-Freeway-Freeway-null, X1-subj-X2,X3-of-X4,X1-obj-X3,X5-has_name-Freeway,X1-obl_of-X5,","Drs [
 tokens=[],
 dEntities=[
DEntity(X1, be, is, VERB, null, false, Query1, Query), 
DEntity(X2, which, Which, PRON, null, false, Qualifier2, Qualifier), 
DEntity(X5, Freeway, Freeway, PROPN, null, false, Artefact3, Artefact), 
DEntity(X4, creator, creator, NOUN, the, false, Artist4, Artist), 
DEntity(X3, nationality, nationality, NOUN, the, false, ConceptArtist5, ConceptArtist)],
 dConditions=[
DCondition(X1, subj, X2, propriedades= [qQualifier] --- []), 
DCondition(X5, has_name, Freeway, propriedades= [] --- [has_name, has_text, who]), 
DCondition(X4, of, X5, propriedades= [author_of] --- []), 
DCondition(X3, of, X4, propriedades= [conc_of_Artist] --- []), 
DCondition(X1, obj, X3, propriedades= [select] --- []), 
DCondition(X1, has_text, be, propriedades= [] --- [has_name, has_text, who]), 
DCondition(X2, has_text, which, propriedades= [] --- [has_name, has_text, who]), 
DCondition(X5, has_text, Freeway, propriedades= [] --- [has_name, has_text, who]), 
DCondition(X4, has_text, creator, propriedades= [] --- [has_name, has_text, who]), 
DCondition(X3, has_text, nationality, propriedades= [] --- [has_name, has_text, who]), 
DCondition(X2, has_name, null list, propriedades= [] --- [has_name, has_text, who]), 
DCondition(X1, obj, X2, propriedades= [qQualifier] --- [])]
 solu��es = []
 numeroFrase = 0
 numHasNames = 2
 numIndividuals = 5
 numEntitiesOk = 10
 numIsClass = 0
 numPropsOk = 5
 numEntitiesNOk = 0
 numClassesOk = 4]"," PREFIX rdf: <http://www.w3.org/1999/02/22-rdf-syntax-ns#> PREFIX xsd: <http://www.w3.org/2001/XMLSchema#> PREFIX rdfs: <http://www.w3.org/2000/01/rdf-schema#> PREFIX cidoc: <http://www.cidoc-crm.org/cidoc-crm/> SELECT  DISTINCT  ?snameConceptArtist5 ?ConceptArtist5 ?snameArtefact3 ?Artefact3 WHERE { {{?Artefact3 cidoc:P131_is_identified_by ?nameArtefact3 . ?nameArtefact3 rdf:value ?snameArtefact3 .}  UNION {?Artefact3 rdfs:label ?snameArtefact3 .}}  filter(regex(?snameArtefact3,""Freeway"",""i"")) . ?prod cidoc:P14_carried_out_by ?Artist4 . ?Artefact3 cidoc:P108i_was_produced_by ?prod . ?Artist4 rdfs:label ?snameArtist4 . ?Artist4 cidoc:P107i_is_current_or_former_member_of ?ConceptArtist5. ?ConceptArtist5 rdfs:label ?snameConceptArtist5. }",true
157,Which is the nationality of the creator of French Money?," X1-be-is-null,X2-which-Which-null,X5-money-Money-null,X4-creator-creator-the,X3-nationality-nationality-the, X1-subj-X2,X5-French-true,X4-of-X5,X3-of-X4,X1-obj-X3, X1-be-is-null,X2-which-Which-null,X5-money-Money-null,X4-creator-creator-the,X3-nationality-nationality-the, X1-subj-X2,X5-has_name-French,X4-of-X5,X3-of-X4,X1-obj-X3, X1-be-is-null,X2-which-Which-null,X5-French Money-French Money-null,X4-creator-creator-the,X3-nationality-nationality-the, X1-subj-X2,X4-of-X5,X3-of-X4,X1-obj-X3, X1-be-is-null,X2-which-Which-null,X3-nationality-nationality-the,X5-money-Money-null,X4-creator-creator-the, X1-subj-X2,X1-obj-X3,X5-French-true,X4-of-X5,X1-obl_of-X4, X1-be-is-null,X2-which-Which-null,X3-nationality-nationality-the,X5-money-Money-null,X4-creator-creator-the, X1-subj-X2,X1-obj-X3,X5-has_name-French,X4-of-X5,X1-obl_of-X4, X1-be-is-null,X2-which-Which-null,X3-nationality-nationality-the,X5-French Money-French Money-null,X4-creator-creator-the, X1-subj-X2,X1-obj-X3,X4-of-X5,X1-obl_of-X4, X1-be-is-null,X2-which-Which-null,X3-nationality-nationality-the,X4-creator-creator-the,X5-money-Money-null, X1-subj-X2,X1-obj-X3,X1-obl_of-X4,X5-French-true,X1-obl_of-X5, X1-be-is-null,X2-which-Which-null,X3-nationality-nationality-the,X4-creator-creator-the,X5-money-Money-null, X1-subj-X2,X1-obj-X3,X1-obl_of-X4,X5-has_name-French,X1-obl_of-X5, X1-be-is-null,X2-which-Which-null,X3-nationality-nationality-the,X4-creator-creator-the,X5-French Money-French Money-null, X1-subj-X2,X1-obj-X3,X1-obl_of-X4,X1-obl_of-X5, X1-be-is-null,X2-which-Which-null,X4-creator-creator-the,X5-money-Money-null,X3-nationality-nationality-the, X1-subj-X2,X3-of-X4,X5-French-true,X3-of-X5,X1-obj-X3, X1-be-is-null,X2-which-Which-null,X4-creator-creator-the,X5-money-Money-null,X3-nationality-nationality-the, X1-subj-X2,X3-of-X4,X5-has_name-French,X3-of-X5,X1-obj-X3, X1-be-is-null,X2-which-Which-null,X4-creator-creator-the,X5-French Money-French Money-null,X3-nationality-nationality-the, X1-subj-X2,X3-of-X4,X3-of-X5,X1-obj-X3, X1-be-is-null,X2-which-Which-null,X4-money-Money-null,X3-nationality-nationality-the,X5-creator-creator-the, X1-subj-X2,X4-French-true,X3-of-X4,X1-obj-X3,X1-obl_of-X5, X1-be-is-null,X2-which-Which-null,X4-money-Money-null,X3-nationality-nationality-the,X5-creator-creator-the, X1-subj-X2,X4-has_name-French,X3-of-X4,X1-obj-X3,X1-obl_of-X5, X1-be-is-null,X2-which-Which-null,X4-French Money-French Money-null,X3-nationality-nationality-the,X5-creator-creator-the, X1-subj-X2,X3-of-X4,X1-obj-X3,X1-obl_of-X5, X1-be-is-null,X2-which-Which-null,X4-creator-creator-the,X3-nationality-nationality-the,X5-money-Money-null, X1-subj-X2,X3-of-X4,X1-obj-X3,X5-French-true,X1-obl_of-X5, X1-be-is-null,X2-which-Which-null,X4-creator-creator-the,X3-nationality-nationality-the,X5-money-Money-null, X1-subj-X2,X3-of-X4,X1-obj-X3,X5-has_name-French,X1-obl_of-X5, X1-be-is-null,X2-which-Which-null,X4-creator-creator-the,X3-nationality-nationality-the,X5-French Money-French Money-null, X1-subj-X2,X3-of-X4,X1-obj-X3,X1-obl_of-X5,",Incorrect partial DRS,null,null
158,"Which is the nationality of the creator of From the Palatine, Rome?",,Incorrect Stanza Parsing,null,null
159,Which is the nationality of the creator of Frozen Harbor?," X1-be-is-null,X2-which-Which-null,X5-Frozen Harbor-Frozen Harbor-null,X4-creator-creator-the,X3-nationality-nationality-the, X1-subj-X2,X5-has_name-Frozen Harbor,X4-of-X5,X3-of-X4,X1-obj-X3, X1-be-is-null,X2-which-Which-null,X3-nationality-nationality-the,X5-Frozen Harbor-Frozen Harbor-null,X4-creator-creator-the, X1-subj-X2,X1-obj-X3,X5-has_name-Frozen Harbor,X4-of-X5,X1-obl_of-X4, X1-be-is-null,X2-which-Which-null,X3-nationality-nationality-the,X4-creator-creator-the,X5-Frozen Harbor-Frozen Harbor-null, X1-subj-X2,X1-obj-X3,X1-obl_of-X4,X5-has_name-Frozen Harbor,X1-obl_of-X5, X1-be-is-null,X2-which-Which-null,X4-creator-creator-the,X5-Frozen Harbor-Frozen Harbor-null,X3-nationality-nationality-the, X1-subj-X2,X3-of-X4,X5-has_name-Frozen Harbor,X3-of-X5,X1-obj-X3, X1-be-is-null,X2-which-Which-null,X4-Frozen Harbor-Frozen Harbor-null,X3-nationality-nationality-the,X5-creator-creator-the, X1-subj-X2,X4-has_name-Frozen Harbor,X3-of-X4,X1-obj-X3,X1-obl_of-X5, X1-be-is-null,X2-which-Which-null,X4-creator-creator-the,X3-nationality-nationality-the,X5-Frozen Harbor-Frozen Harbor-null, X1-subj-X2,X3-of-X4,X1-obj-X3,X5-has_name-Frozen Harbor,X1-obl_of-X5,","Drs [
 tokens=[],
 dEntities=[
DEntity(X1, be, is, VERB, null, false, Query1, Query), 
DEntity(X2, which, Which, PRON, null, false, Qualifier2, Qualifier), 
DEntity(X5, Frozen Harbor, Frozen Harbor, PROPN, null, false, Artefact3, Artefact), 
DEntity(X4, creator, creator, NOUN, the, false, Artist4, Artist), 
DEntity(X3, nationality, nationality, NOUN, the, false, ConceptArtist5, ConceptArtist)],
 dConditions=[
DCondition(X1, subj, X2, propriedades= [qQualifier] --- []), 
DCondition(X5, has_name, Frozen Harbor, propriedades= [] --- [has_name, has_text, who]), 
DCondition(X4, of, X5, propriedades= [author_of] --- []), 
DCondition(X3, of, X4, propriedades= [conc_of_Artist] --- []), 
DCondition(X1, obj, X3, propriedades= [select] --- []), 
DCondition(X1, has_text, be, propriedades= [] --- [has_name, has_text, who]), 
DCondition(X2, has_text, which, propriedades= [] --- [has_name, has_text, who]), 
DCondition(X5, has_text, Frozen Harbor, propriedades= [] --- [has_name, has_text, who]), 
DCondition(X4, has_text, creator, propriedades= [] --- [has_name, has_text, who]), 
DCondition(X3, has_text, nationality, propriedades= [] --- [has_name, has_text, who]), 
DCondition(X2, has_name, null list, propriedades= [] --- [has_name, has_text, who]), 
DCondition(X1, obj, X2, propriedades= [qQualifier] --- [])]
 solu��es = []
 numeroFrase = 0
 numHasNames = 2
 numIndividuals = 5
 numEntitiesOk = 10
 numIsClass = 0
 numPropsOk = 5
 numEntitiesNOk = 0
 numClassesOk = 4]"," PREFIX rdf: <http://www.w3.org/1999/02/22-rdf-syntax-ns#> PREFIX xsd: <http://www.w3.org/2001/XMLSchema#> PREFIX rdfs: <http://www.w3.org/2000/01/rdf-schema#> PREFIX cidoc: <http://www.cidoc-crm.org/cidoc-crm/> SELECT  DISTINCT  ?snameConceptArtist5 ?ConceptArtist5 ?snameArtefact3 ?Artefact3 WHERE { {{?Artefact3 cidoc:P131_is_identified_by ?nameArtefact3 . ?nameArtefact3 rdf:value ?snameArtefact3 .}  UNION {?Artefact3 rdfs:label ?snameArtefact3 .}}  filter(regex(?snameArtefact3,""Frozen Harbor"",""i"")) . ?prod cidoc:P14_carried_out_by ?Artist4 . ?Artefact3 cidoc:P108i_was_produced_by ?prod . ?Artist4 rdfs:label ?snameArtist4 . ?Artist4 cidoc:P107i_is_current_or_former_member_of ?ConceptArtist5. ?ConceptArtist5 rdfs:label ?snameConceptArtist5. }",true
160,Which is the nationality of the creator of Future Archeology?," X1-be-is-null,X2-which-Which-null,X5-Future Archeology-Future Archeology-null,X4-creator-creator-the,X3-nationality-nationality-the, X1-subj-X2,X5-has_name-Future Archeology,X4-of-X5,X3-of-X4,X1-obj-X3, X1-be-is-null,X2-which-Which-null,X3-nationality-nationality-the,X5-Future Archeology-Future Archeology-null,X4-creator-creator-the, X1-subj-X2,X1-obj-X3,X5-has_name-Future Archeology,X4-of-X5,X1-obl_of-X4, X1-be-is-null,X2-which-Which-null,X3-nationality-nationality-the,X4-creator-creator-the,X5-Future Archeology-Future Archeology-null, X1-subj-X2,X1-obj-X3,X1-obl_of-X4,X5-has_name-Future Archeology,X1-obl_of-X5, X1-be-is-null,X2-which-Which-null,X4-creator-creator-the,X5-Future Archeology-Future Archeology-null,X3-nationality-nationality-the, X1-subj-X2,X3-of-X4,X5-has_name-Future Archeology,X3-of-X5,X1-obj-X3, X1-be-is-null,X2-which-Which-null,X4-Future Archeology-Future Archeology-null,X3-nationality-nationality-the,X5-creator-creator-the, X1-subj-X2,X4-has_name-Future Archeology,X3-of-X4,X1-obj-X3,X1-obl_of-X5, X1-be-is-null,X2-which-Which-null,X4-creator-creator-the,X3-nationality-nationality-the,X5-Future Archeology-Future Archeology-null, X1-subj-X2,X3-of-X4,X1-obj-X3,X5-has_name-Future Archeology,X1-obl_of-X5,","Drs [
 tokens=[],
 dEntities=[
DEntity(X1, be, is, VERB, null, false, Query1, Query), 
DEntity(X2, which, Which, PRON, null, false, Qualifier2, Qualifier), 
DEntity(X5, Archeology, Archeology, PROPN, null, false, Artefact3, Artefact), 
DEntity(X4, creator, creator, NOUN, the, false, Artist4, Artist), 
DEntity(X3, nationality, nationality, NOUN, the, false, ConceptArtist5, ConceptArtist)],
 dConditions=[
DCondition(X1, subj, X2, propriedades= [qQualifier] --- []), 
DCondition(X5, future, true, propriedades= [] --- [has_name, has_text, who]), 
DCondition(X5, has_name, Archeology, propriedades= [] --- [has_name, has_text, who]), 
DCondition(X4, of, X5, propriedades= [author_of] --- []), 
DCondition(X3, of, X4, propriedades= [conc_of_Artist] --- []), 
DCondition(X1, obj, X3, propriedades= [select] --- []), 
DCondition(X1, has_text, be, propriedades= [] --- [has_name, has_text, who]), 
DCondition(X2, has_text, which, propriedades= [] --- [has_name, has_text, who]), 
DCondition(X5, has_text, Archeology, propriedades= [] --- [has_name, has_text, who]), 
DCondition(X4, has_text, creator, propriedades= [] --- [has_name, has_text, who]), 
DCondition(X3, has_text, nationality, propriedades= [] --- [has_name, has_text, who]), 
DCondition(X2, has_name, null list, propriedades= [] --- [has_name, has_text, who]), 
DCondition(X1, obj, X2, propriedades= [qQualifier] --- [])]
 solu��es = []
 numeroFrase = 0
 numHasNames = 2
 numIndividuals = 5
 numEntitiesOk = 10
 numIsClass = 0
 numPropsOk = 5
 numEntitiesNOk = 0
 numClassesOk = 4]"," PREFIX rdf: <http://www.w3.org/1999/02/22-rdf-syntax-ns#> PREFIX xsd: <http://www.w3.org/2001/XMLSchema#> PREFIX rdfs: <http://www.w3.org/2000/01/rdf-schema#> PREFIX cidoc: <http://www.cidoc-crm.org/cidoc-crm/> SELECT  DISTINCT  ?snameConceptArtist5 ?ConceptArtist5 ?snameArtefact3 ?Artefact3 WHERE { {{?Artefact3 cidoc:P131_is_identified_by ?nameArtefact3 . ?nameArtefact3 rdf:value ?snameArtefact3 .}  UNION {?Artefact3 rdfs:label ?snameArtefact3 .}}  filter(regex(?snameArtefact3,""Archeology"",""i"")) . ?prod cidoc:P14_carried_out_by ?Artist4 . ?Artefact3 cidoc:P108i_was_produced_by ?prod . ?Artist4 rdfs:label ?snameArtist4 . ?Artist4 cidoc:P107i_is_current_or_former_member_of ?ConceptArtist5. ?ConceptArtist5 rdfs:label ?snameConceptArtist5. }",true
161,Which is the nationality of the creator of Gardens of China I?," X1-be-is-null,X2-which-Which-null,X6-China-China-null,X7-I-I-null,X5-Garden-Gardens-null,X4-creator-creator-the,X3-nationality-nationality-the, X1-subj-X2,X6-has_name-China,X5-of-X6,X5-rel-X7,X5-has_name-Garden,X4-of-X5,X3-of-X4,X1-obj-X3, X1-be-is-null,X2-which-Which-null,X3-nationality-nationality-the,X6-China-China-null,X7-I-I-null,X5-Garden-Gardens-null,X4-creator-creator-the, X1-subj-X2,X1-obj-X3,X6-has_name-China,X5-of-X6,X5-rel-X7,X5-has_name-Garden,X4-of-X5,X1-obl_of-X4, X1-be-is-null,X2-which-Which-null,X3-nationality-nationality-the,X4-creator-creator-the,X6-China-China-null,X7-I-I-null,X5-Garden-Gardens-null, X1-subj-X2,X1-obj-X3,X1-obl_of-X4,X6-has_name-China,X5-of-X6,X5-rel-X7,X5-has_name-Garden,X1-obl_of-X5, X1-be-is-null,X2-which-Which-null,X3-nationality-nationality-the,X4-creator-creator-the,X6-I-I-null,X5-Garden-Gardens-null,X7-China-China-null, X1-subj-X2,X1-obj-X3,X1-obl_of-X4,X5-rel-X6,X5-has_name-Garden,X1-obl_of-X5,X7-has_name-China,X1-obl_of-X7, X1-be-is-null,X2-which-Which-null,X3-nationality-nationality-the,X6-I-I-null,X5-Garden-Gardens-null,X7-China-China-null,X4-creator-creator-the, X1-subj-X2,X1-obj-X3,X5-rel-X6,X5-has_name-Garden,X4-of-X5,X7-has_name-China,X4-of-X7,X1-obl_of-X4, X1-be-is-null,X2-which-Which-null,X4-creator-creator-the,X6-China-China-null,X7-I-I-null,X5-Garden-Gardens-null,X3-nationality-nationality-the, X1-subj-X2,X3-of-X4,X6-has_name-China,X5-of-X6,X5-rel-X7,X5-has_name-Garden,X3-of-X5,X1-obj-X3, X1-be-is-null,X2-which-Which-null,X5-China-China-null,X6-I-I-null,X4-Garden-Gardens-null,X3-nationality-nationality-the,X7-creator-creator-the, X1-subj-X2,X5-has_name-China,X4-of-X5,X4-rel-X6,X4-has_name-Garden,X3-of-X4,X1-obj-X3,X1-obl_of-X7, X1-be-is-null,X2-which-Which-null,X4-creator-creator-the,X3-nationality-nationality-the,X6-China-China-null,X7-I-I-null,X5-Garden-Gardens-null, X1-subj-X2,X3-of-X4,X1-obj-X3,X6-has_name-China,X5-of-X6,X5-rel-X7,X5-has_name-Garden,X1-obl_of-X5, X1-be-is-null,X2-which-Which-null,X4-creator-creator-the,X6-I-I-null,X5-Garden-Gardens-null,X7-China-China-null,X3-nationality-nationality-the, X1-subj-X2,X3-of-X4,X5-rel-X6,X5-has_name-Garden,X3-of-X5,X7-has_name-China,X3-of-X7,X1-obj-X3, X1-be-is-null,X2-which-Which-null,X6-I-I-null,X5-Garden-Gardens-null,X7-China-China-null,X4-creator-creator-the,X3-nationality-nationality-the, X1-subj-X2,X5-rel-X6,X5-has_name-Garden,X4-of-X5,X7-has_name-China,X4-of-X7,X3-of-X4,X1-obj-X3,",Incorrect partial DRS,null,null
162,"Which is the nationality of the creator of Gas Mask, Lower East Side?"," X1-be-is-null,X2-which-Which-null,X6-East side-East Side-null,X5-Gas Mask-Gas Mask-null,X4-creator-creator-the,X3-nationality-nationality-the, X1-subj-X2,X6-Lower-true,X6-has_name-East side,X5-rel-X6,X5-has_name-Gas Mask,X4-of-X5,X3-of-X4,X1-obj-X3, X1-be-is-null,X2-which-Which-null,X6-East side-East Side-null,X5-Gas Mask-Gas Mask-null,X4-creator-creator-the,X3-nationality-nationality-the, X1-subj-X2,X6-has_name-Lower,X6-has_name-East side,X5-rel-X6,X5-has_name-Gas Mask,X4-of-X5,X3-of-X4,X1-obj-X3, X1-be-is-null,X2-which-Which-null,X6-East Lower Side-East Lower Side-null,X5-Gas Mask-Gas Mask-null,X4-creator-creator-the,X3-nationality-nationality-the, X1-subj-X2,X6-has_name-East Lower Side,X5-rel-X6,X5-has_name-Gas Mask,X4-of-X5,X3-of-X4,X1-obj-X3, X1-be-is-null,X2-which-Which-null,X3-nationality-nationality-the,X6-East side-East Side-null,X5-Gas Mask-Gas Mask-null,X4-creator-creator-the, X1-subj-X2,X1-obj-X3,X6-Lower-true,X6-has_name-East side,X5-rel-X6,X5-has_name-Gas Mask,X4-of-X5,X1-obl_of-X4, X1-be-is-null,X2-which-Which-null,X3-nationality-nationality-the,X6-East side-East Side-null,X5-Gas Mask-Gas Mask-null,X4-creator-creator-the, X1-subj-X2,X1-obj-X3,X6-has_name-Lower,X6-has_name-East side,X5-rel-X6,X5-has_name-Gas Mask,X4-of-X5,X1-obl_of-X4, X1-be-is-null,X2-which-Which-null,X3-nationality-nationality-the,X6-East Lower Side-East Lower Side-null,X5-Gas Mask-Gas Mask-null,X4-creator-creator-the, X1-subj-X2,X1-obj-X3,X6-has_name-East Lower Side,X5-rel-X6,X5-has_name-Gas Mask,X4-of-X5,X1-obl_of-X4, X1-be-is-null,X2-which-Which-null,X3-nationality-nationality-the,X4-creator-creator-the,X6-East side-East Side-null,X5-Gas Mask-Gas Mask-null, X1-subj-X2,X1-obj-X3,X1-obl_of-X4,X6-Lower-true,X6-has_name-East side,X5-rel-X6,X5-has_name-Gas Mask,X1-obl_of-X5, X1-be-is-null,X2-which-Which-null,X3-nationality-nationality-the,X4-creator-creator-the,X6-East side-East Side-null,X5-Gas Mask-Gas Mask-null, X1-subj-X2,X1-obj-X3,X1-obl_of-X4,X6-has_name-Lower,X6-has_name-East side,X5-rel-X6,X5-has_name-Gas Mask,X1-obl_of-X5, X1-be-is-null,X2-which-Which-null,X3-nationality-nationality-the,X4-creator-creator-the,X6-East Lower Side-East Lower Side-null,X5-Gas Mask-Gas Mask-null, X1-subj-X2,X1-obj-X3,X1-obl_of-X4,X6-has_name-East Lower Side,X5-rel-X6,X5-has_name-Gas Mask,X1-obl_of-X5, X1-be-is-null,X2-which-Which-null,X4-creator-creator-the,X6-East side-East Side-null,X5-Gas Mask-Gas Mask-null,X3-nationality-nationality-the, X1-subj-X2,X3-of-X4,X6-Lower-true,X6-has_name-East side,X5-rel-X6,X5-has_name-Gas Mask,X3-of-X5,X1-obj-X3, X1-be-is-null,X2-which-Which-null,X4-creator-creator-the,X6-East side-East Side-null,X5-Gas Mask-Gas Mask-null,X3-nationality-nationality-the, X1-subj-X2,X3-of-X4,X6-has_name-Lower,X6-has_name-East side,X5-rel-X6,X5-has_name-Gas Mask,X3-of-X5,X1-obj-X3, X1-be-is-null,X2-which-Which-null,X4-creator-creator-the,X6-East Lower Side-East Lower Side-null,X5-Gas Mask-Gas Mask-null,X3-nationality-nationality-the, X1-subj-X2,X3-of-X4,X6-has_name-East Lower Side,X5-rel-X6,X5-has_name-Gas Mask,X3-of-X5,X1-obj-X3, X1-be-is-null,X2-which-Which-null,X5-East side-East Side-null,X4-Gas Mask-Gas Mask-null,X3-nationality-nationality-the,X6-creator-creator-the, X1-subj-X2,X5-Lower-true,X5-has_name-East side,X4-rel-X5,X4-has_name-Gas Mask,X3-of-X4,X1-obj-X3,X1-obl_of-X6, X1-be-is-null,X2-which-Which-null,X5-East side-East Side-null,X4-Gas Mask-Gas Mask-null,X3-nationality-nationality-the,X6-creator-creator-the, X1-subj-X2,X5-has_name-Lower,X5-has_name-East side,X4-rel-X5,X4-has_name-Gas Mask,X3-of-X4,X1-obj-X3,X1-obl_of-X6, X1-be-is-null,X2-which-Which-null,X5-East Lower Side-East Lower Side-null,X4-Gas Mask-Gas Mask-null,X3-nationality-nationality-the,X6-creator-creator-the, X1-subj-X2,X5-has_name-East Lower Side,X4-rel-X5,X4-has_name-Gas Mask,X3-of-X4,X1-obj-X3,X1-obl_of-X6, X1-be-is-null,X2-which-Which-null,X4-creator-creator-the,X3-nationality-nationality-the,X6-East side-East Side-null,X5-Gas Mask-Gas Mask-null, X1-subj-X2,X3-of-X4,X1-obj-X3,X6-Lower-true,X6-has_name-East side,X5-rel-X6,X5-has_name-Gas Mask,X1-obl_of-X5, X1-be-is-null,X2-which-Which-null,X4-creator-creator-the,X3-nationality-nationality-the,X6-East side-East Side-null,X5-Gas Mask-Gas Mask-null, X1-subj-X2,X3-of-X4,X1-obj-X3,X6-has_name-Lower,X6-has_name-East side,X5-rel-X6,X5-has_name-Gas Mask,X1-obl_of-X5, X1-be-is-null,X2-which-Which-null,X4-creator-creator-the,X3-nationality-nationality-the,X6-East Lower Side-East Lower Side-null,X5-Gas Mask-Gas Mask-null, X1-subj-X2,X3-of-X4,X1-obj-X3,X6-has_name-East Lower Side,X5-rel-X6,X5-has_name-Gas Mask,X1-obl_of-X5,",Incorrect partial DRS,null,null
163,Which is the nationality of the creator of General George Rogers Clark?," X1-be-is-null,X2-which-Which-null,X5-General George Rogers Clark-General-null,X4-creator-creator-the,X3-nationality-nationality-the, X1-subj-X2,X5-has_name-General George Rogers Clark,X4-of-X5,X3-of-X4,X1-obj-X3, X1-be-is-null,X2-which-Which-null,X3-nationality-nationality-the,X5-General George Rogers Clark-General-null,X4-creator-creator-the, X1-subj-X2,X1-obj-X3,X5-has_name-General George Rogers Clark,X4-of-X5,X1-obl_of-X4, X1-be-is-null,X2-which-Which-null,X3-nationality-nationality-the,X4-creator-creator-the,X5-General George Rogers Clark-General-null, X1-subj-X2,X1-obj-X3,X1-obl_of-X4,X5-has_name-General George Rogers Clark,X1-obl_of-X5, X1-be-is-null,X2-which-Which-null,X4-creator-creator-the,X5-General George Rogers Clark-General-null,X3-nationality-nationality-the, X1-subj-X2,X3-of-X4,X5-has_name-General George Rogers Clark,X3-of-X5,X1-obj-X3, X1-be-is-null,X2-which-Which-null,X4-General George Rogers Clark-General-null,X3-nationality-nationality-the,X5-creator-creator-the, X1-subj-X2,X4-has_name-General George Rogers Clark,X3-of-X4,X1-obj-X3,X1-obl_of-X5, X1-be-is-null,X2-which-Which-null,X4-creator-creator-the,X3-nationality-nationality-the,X5-General George Rogers Clark-General-null, X1-subj-X2,X3-of-X4,X1-obj-X3,X5-has_name-General George Rogers Clark,X1-obl_of-X5,","Drs [
 tokens=[],
 dEntities=[
DEntity(X1, be, is, VERB, null, false, Query1, Query), 
DEntity(X2, which, Which, PRON, null, false, Qualifier2, Qualifier), 
DEntity(X5, General George Rogers Clark, General, PROPN, null, false, Artefact3, Artefact), 
DEntity(X4, creator, creator, NOUN, the, false, Artist4, Artist), 
DEntity(X3, nationality, nationality, NOUN, the, false, ConceptArtist5, ConceptArtist)],
 dConditions=[
DCondition(X1, subj, X2, propriedades= [qQualifier] --- []), 
DCondition(X5, has_name, General George Rogers Clark, propriedades= [] --- [has_name, has_text, who]), 
DCondition(X4, of, X5, propriedades= [author_of] --- []), 
DCondition(X3, of, X4, propriedades= [conc_of_Artist] --- []), 
DCondition(X1, obj, X3, propriedades= [select] --- []), 
DCondition(X1, has_text, be, propriedades= [] --- [has_name, has_text, who]), 
DCondition(X2, has_text, which, propriedades= [] --- [has_name, has_text, who]), 
DCondition(X5, has_text, General George Rogers Clark, propriedades= [] --- [has_name, has_text, who]), 
DCondition(X4, has_text, creator, propriedades= [] --- [has_name, has_text, who]), 
DCondition(X3, has_text, nationality, propriedades= [] --- [has_name, has_text, who]), 
DCondition(X2, has_name, null list, propriedades= [] --- [has_name, has_text, who]), 
DCondition(X1, obj, X2, propriedades= [qQualifier] --- [])]
 solu��es = []
 numeroFrase = 0
 numHasNames = 2
 numIndividuals = 5
 numEntitiesOk = 10
 numIsClass = 0
 numPropsOk = 5
 numEntitiesNOk = 0
 numClassesOk = 4]"," PREFIX rdf: <http://www.w3.org/1999/02/22-rdf-syntax-ns#> PREFIX xsd: <http://www.w3.org/2001/XMLSchema#> PREFIX rdfs: <http://www.w3.org/2000/01/rdf-schema#> PREFIX cidoc: <http://www.cidoc-crm.org/cidoc-crm/> SELECT  DISTINCT  ?snameConceptArtist5 ?ConceptArtist5 ?snameArtefact3 ?Artefact3 WHERE { {{?Artefact3 cidoc:P131_is_identified_by ?nameArtefact3 . ?nameArtefact3 rdf:value ?snameArtefact3 .}  UNION {?Artefact3 rdfs:label ?snameArtefact3 .}}  filter(regex(?snameArtefact3,""General George Rogers Clark"",""i"")) . ?prod cidoc:P14_carried_out_by ?Artist4 . ?Artefact3 cidoc:P108i_was_produced_by ?prod . ?Artist4 rdfs:label ?snameArtist4 . ?Artist4 cidoc:P107i_is_current_or_former_member_of ?ConceptArtist5. ?ConceptArtist5 rdfs:label ?snameConceptArtist5. }",true
164,Which is the nationality of the creator of Gilia linanthus parviflorus?,,Incorrect Stanza Parsing,null,null
165,Which is the nationality of the creator of Girders and Lights?," X1-be-is-null,X2-which-Which-null,X6-Lights-Lights-null,X5-girder-Girders-null,X4-creator-creator-the,X3-nationality-nationality-the, X1-subj-X2,X6-has_name-Lights,X4-of-X6,X5-has_name-girder,X4-of-X5,X3-of-X4,X1-obj-X3, X1-be-is-null,X2-which-Which-null,X3-nationality-nationality-the,X6-Lights-Lights-null,X5-girder-Girders-null,X4-creator-creator-the, X1-subj-X2,X1-obj-X3,X6-has_name-Lights,X4-of-X6,X5-has_name-girder,X4-of-X5,X1-obl_of-X4, X1-be-is-null,X2-which-Which-null,X3-nationality-nationality-the,X4-creator-creator-the,X6-Lights-Lights-null,X5-girder-Girders-null, X1-subj-X2,X1-obj-X3,X1-obl_of-X4,X6-has_name-Lights,X1-obl_of-X6,X5-has_name-girder,X1-obl_of-X5, X1-be-is-null,X2-which-Which-null,X4-creator-creator-the,X6-Lights-Lights-null,X5-girder-Girders-null,X3-nationality-nationality-the, X1-subj-X2,X3-of-X4,X6-has_name-Lights,X3-of-X6,X5-has_name-girder,X3-of-X5,X1-obj-X3, X1-be-is-null,X2-which-Which-null,X5-Lights-Lights-null,X4-girder-Girders-null,X3-nationality-nationality-the,X6-creator-creator-the, X1-subj-X2,X5-has_name-Lights,X3-of-X5,X4-has_name-girder,X3-of-X4,X1-obj-X3,X1-obl_of-X6, X1-be-is-null,X2-which-Which-null,X4-creator-creator-the,X3-nationality-nationality-the,X6-Lights-Lights-null,X5-girder-Girders-null, X1-subj-X2,X3-of-X4,X1-obj-X3,X6-has_name-Lights,X1-obl_of-X6,X5-has_name-girder,X1-obl_of-X5,",Incorrect partial DRS,null,null
166,Which is the nationality of the creator of Glyph?," X1-be-is-null,X2-which-Which-null,X5-Glyph-Glyph-null,X4-creator-creator-the,X3-nationality-nationality-the, X1-subj-X2,X5-has_name-Glyph,X4-of-X5,X3-of-X4,X1-obj-X3, X1-be-is-null,X2-which-Which-null,X3-nationality-nationality-the,X5-Glyph-Glyph-null,X4-creator-creator-the, X1-subj-X2,X1-obj-X3,X5-has_name-Glyph,X4-of-X5,X1-obl_of-X4, X1-be-is-null,X2-which-Which-null,X3-nationality-nationality-the,X4-creator-creator-the,X5-Glyph-Glyph-null, X1-subj-X2,X1-obj-X3,X1-obl_of-X4,X5-has_name-Glyph,X1-obl_of-X5, X1-be-is-null,X2-which-Which-null,X4-creator-creator-the,X5-Glyph-Glyph-null,X3-nationality-nationality-the, X1-subj-X2,X3-of-X4,X5-has_name-Glyph,X3-of-X5,X1-obj-X3, X1-be-is-null,X2-which-Which-null,X4-Glyph-Glyph-null,X3-nationality-nationality-the,X5-creator-creator-the, X1-subj-X2,X4-has_name-Glyph,X3-of-X4,X1-obj-X3,X1-obl_of-X5, X1-be-is-null,X2-which-Which-null,X4-creator-creator-the,X3-nationality-nationality-the,X5-Glyph-Glyph-null, X1-subj-X2,X3-of-X4,X1-obj-X3,X5-has_name-Glyph,X1-obl_of-X5,",Incorrect partial DRS,null,null
167,Which is the nationality of the creator of Goat and Cottage?," X1-be-is-null,X2-which-Which-null,X6-Cottage-Cottage-null,X5-Goat-Goat-null,X4-creator-creator-the,X3-nationality-nationality-the, X1-subj-X2,X6-has_name-Cottage,X4-of-X6,X5-has_name-Goat,X4-of-X5,X3-of-X4,X1-obj-X3, X1-be-is-null,X2-which-Which-null,X3-nationality-nationality-the,X6-Cottage-Cottage-null,X5-Goat-Goat-null,X4-creator-creator-the, X1-subj-X2,X1-obj-X3,X6-has_name-Cottage,X4-of-X6,X5-has_name-Goat,X4-of-X5,X1-obl_of-X4, X1-be-is-null,X2-which-Which-null,X3-nationality-nationality-the,X4-creator-creator-the,X6-Cottage-Cottage-null,X5-Goat-Goat-null, X1-subj-X2,X1-obj-X3,X1-obl_of-X4,X6-has_name-Cottage,X1-obl_of-X6,X5-has_name-Goat,X1-obl_of-X5, X1-be-is-null,X2-which-Which-null,X4-creator-creator-the,X6-Cottage-Cottage-null,X5-Goat-Goat-null,X3-nationality-nationality-the, X1-subj-X2,X3-of-X4,X6-has_name-Cottage,X3-of-X6,X5-has_name-Goat,X3-of-X5,X1-obj-X3, X1-be-is-null,X2-which-Which-null,X5-Cottage-Cottage-null,X4-Goat-Goat-null,X3-nationality-nationality-the,X6-creator-creator-the, X1-subj-X2,X5-has_name-Cottage,X3-of-X5,X4-has_name-Goat,X3-of-X4,X1-obj-X3,X1-obl_of-X6, X1-be-is-null,X2-which-Which-null,X4-creator-creator-the,X3-nationality-nationality-the,X6-Cottage-Cottage-null,X5-Goat-Goat-null, X1-subj-X2,X3-of-X4,X1-obj-X3,X6-has_name-Cottage,X1-obl_of-X6,X5-has_name-Goat,X1-obl_of-X5,",Incorrect partial DRS,null,null
168,Which is the nationality of the creator of Going Home?," X1-be-is-null,X2-which-Which-null,X5-go-Going-null,X6-Home-Home-null,X4-creator-creator-the,X3-nationality-nationality-the, X1-subj-X2,X6-has_name-Home,X5-obl_of-X6,X3-of-X4,X1-obj-X3,X5-obl-X4, X1-be-is-null,X2-which-Which-null,X3-nationality-nationality-the,X5-go-Going-null,X6-Home-Home-null,X4-creator-creator-the, X1-subj-X2,X1-obj-X3,X6-has_name-Home,X5-obl_of-X6,X1-obl_of-X4,X5-obl-X4,X1-obl-X4,",Incorrect partial DRS,null,null
169,Which is the nationality of the creator of Going to Market?," X1-be-is-null,X2-which-Which-null,X5-go-Going-of,X6-market-Market-null,X4-creator-creator-the,X3-nationality-nationality-the, X1-subj-X2,X5-obl_to-X6,X3-of-X4,X1-obj-X3,X5-obl-X4, X1-be-is-null,X2-which-Which-null,X3-nationality-nationality-the,X5-go-Going-of,X6-market-Market-null,X4-creator-creator-the, X1-subj-X2,X1-obj-X3,X5-obl_to-X6,X1-obl_of-X4,X5-obl-X4,X1-obl-X4,",Incorrect partial DRS,null,null
170,"Which is the nationality of the creator of Gothic Church, Ipswich, Mass?",,Incorrect Stanza Parsing,null,null
171,Which is the nationality of the creator of Grackle?," X1-be-is-null,X2-which-Which-null,X5-Grackle-Grackle-null,X4-creator-creator-the,X3-nationality-nationality-the, X1-subj-X2,X5-has_name-Grackle,X4-of-X5,X3-of-X4,X1-obj-X3, X1-be-is-null,X2-which-Which-null,X3-nationality-nationality-the,X5-Grackle-Grackle-null,X4-creator-creator-the, X1-subj-X2,X1-obj-X3,X5-has_name-Grackle,X4-of-X5,X1-obl_of-X4, X1-be-is-null,X2-which-Which-null,X3-nationality-nationality-the,X4-creator-creator-the,X5-Grackle-Grackle-null, X1-subj-X2,X1-obj-X3,X1-obl_of-X4,X5-has_name-Grackle,X1-obl_of-X5, X1-be-is-null,X2-which-Which-null,X4-creator-creator-the,X5-Grackle-Grackle-null,X3-nationality-nationality-the, X1-subj-X2,X3-of-X4,X5-has_name-Grackle,X3-of-X5,X1-obj-X3, X1-be-is-null,X2-which-Which-null,X4-Grackle-Grackle-null,X3-nationality-nationality-the,X5-creator-creator-the, X1-subj-X2,X4-has_name-Grackle,X3-of-X4,X1-obj-X3,X1-obl_of-X5, X1-be-is-null,X2-which-Which-null,X4-creator-creator-the,X3-nationality-nationality-the,X5-Grackle-Grackle-null, X1-subj-X2,X3-of-X4,X1-obj-X3,X5-has_name-Grackle,X1-obl_of-X5,","Drs [
 tokens=[],
 dEntities=[
DEntity(X1, be, is, VERB, null, false, Query1, Query), 
DEntity(X2, which, Which, PRON, null, false, Qualifier2, Qualifier), 
DEntity(X5, Grackle, Grackle, PROPN, null, false, Artefact3, Artefact), 
DEntity(X4, creator, creator, NOUN, the, false, Artist4, Artist), 
DEntity(X3, nationality, nationality, NOUN, the, false, ConceptArtist5, ConceptArtist)],
 dConditions=[
DCondition(X1, subj, X2, propriedades= [qQualifier] --- []), 
DCondition(X5, has_name, Grackle, propriedades= [] --- [has_name, has_text, who]), 
DCondition(X4, of, X5, propriedades= [author_of] --- []), 
DCondition(X3, of, X4, propriedades= [conc_of_Artist] --- []), 
DCondition(X1, obj, X3, propriedades= [select] --- []), 
DCondition(X1, has_text, be, propriedades= [] --- [has_name, has_text, who]), 
DCondition(X2, has_text, which, propriedades= [] --- [has_name, has_text, who]), 
DCondition(X5, has_text, Grackle, propriedades= [] --- [has_name, has_text, who]), 
DCondition(X4, has_text, creator, propriedades= [] --- [has_name, has_text, who]), 
DCondition(X3, has_text, nationality, propriedades= [] --- [has_name, has_text, who]), 
DCondition(X2, has_name, null list, propriedades= [] --- [has_name, has_text, who]), 
DCondition(X1, obj, X2, propriedades= [qQualifier] --- [])]
 solu��es = []
 numeroFrase = 0
 numHasNames = 2
 numIndividuals = 5
 numEntitiesOk = 10
 numIsClass = 0
 numPropsOk = 5
 numEntitiesNOk = 0
 numClassesOk = 4]"," PREFIX rdf: <http://www.w3.org/1999/02/22-rdf-syntax-ns#> PREFIX xsd: <http://www.w3.org/2001/XMLSchema#> PREFIX rdfs: <http://www.w3.org/2000/01/rdf-schema#> PREFIX cidoc: <http://www.cidoc-crm.org/cidoc-crm/> SELECT  DISTINCT  ?snameConceptArtist5 ?ConceptArtist5 ?snameArtefact3 ?Artefact3 WHERE { {{?Artefact3 cidoc:P131_is_identified_by ?nameArtefact3 . ?nameArtefact3 rdf:value ?snameArtefact3 .}  UNION {?Artefact3 rdfs:label ?snameArtefact3 .}}  filter(regex(?snameArtefact3,""Grackle"",""i"")) . ?prod cidoc:P14_carried_out_by ?Artist4 . ?Artefact3 cidoc:P108i_was_produced_by ?prod . ?Artist4 rdfs:label ?snameArtist4 . ?Artist4 cidoc:P107i_is_current_or_former_member_of ?ConceptArtist5. ?ConceptArtist5 rdfs:label ?snameConceptArtist5. }",true
172,"Which is the nationality of the creator of Gram in Black, New Hampshire?"," X1-be-is-null,X2-which-Which-null,X7-Hampshire-Hampshire-null,X6-Black-Black-null,X5-Gram-Gram-null,X4-creator-creator-the,X3-nationality-nationality-the, X1-subj-X2,X7-New-true,X7-has_name-Hampshire,X6-rel-X7,X6-has_name-Black,X5-in-X6,X5-has_name-Gram,X4-of-X5,X3-of-X4,X1-obj-X3, X1-be-is-null,X2-which-Which-null,X7-Hampshire-Hampshire-null,X6-Black-Black-null,X5-Gram-Gram-null,X4-creator-creator-the,X3-nationality-nationality-the, X1-subj-X2,X7-has_name-New,X7-has_name-Hampshire,X6-rel-X7,X6-has_name-Black,X5-in-X6,X5-has_name-Gram,X4-of-X5,X3-of-X4,X1-obj-X3, X1-be-is-null,X2-which-Which-null,X7-New Hampshire-New Hampshire-null,X6-Black-Black-null,X5-Gram-Gram-null,X4-creator-creator-the,X3-nationality-nationality-the, X1-subj-X2,X7-has_name-New Hampshire,X6-rel-X7,X6-has_name-Black,X5-in-X6,X5-has_name-Gram,X4-of-X5,X3-of-X4,X1-obj-X3, X1-be-is-null,X2-which-Which-null,X3-nationality-nationality-the,X7-Hampshire-Hampshire-null,X6-Black-Black-null,X5-Gram-Gram-null,X4-creator-creator-the, X1-subj-X2,X1-obj-X3,X7-New-true,X7-has_name-Hampshire,X6-rel-X7,X6-has_name-Black,X5-in-X6,X5-has_name-Gram,X4-of-X5,X1-obl_of-X4, X1-be-is-null,X2-which-Which-null,X3-nationality-nationality-the,X7-Hampshire-Hampshire-null,X6-Black-Black-null,X5-Gram-Gram-null,X4-creator-creator-the, X1-subj-X2,X1-obj-X3,X7-has_name-New,X7-has_name-Hampshire,X6-rel-X7,X6-has_name-Black,X5-in-X6,X5-has_name-Gram,X4-of-X5,X1-obl_of-X4, X1-be-is-null,X2-which-Which-null,X3-nationality-nationality-the,X7-New Hampshire-New Hampshire-null,X6-Black-Black-null,X5-Gram-Gram-null,X4-creator-creator-the, X1-subj-X2,X1-obj-X3,X7-has_name-New Hampshire,X6-rel-X7,X6-has_name-Black,X5-in-X6,X5-has_name-Gram,X4-of-X5,X1-obl_of-X4, X1-be-is-null,X2-which-Which-null,X3-nationality-nationality-the,X4-creator-creator-the,X7-Hampshire-Hampshire-null,X6-Black-Black-null,X5-Gram-Gram-null, X1-subj-X2,X1-obj-X3,X1-obl_of-X4,X7-New-true,X7-has_name-Hampshire,X6-rel-X7,X6-has_name-Black,X5-in-X6,X5-has_name-Gram,X1-obl_of-X5, X1-be-is-null,X2-which-Which-null,X3-nationality-nationality-the,X4-creator-creator-the,X7-Hampshire-Hampshire-null,X6-Black-Black-null,X5-Gram-Gram-null, X1-subj-X2,X1-obj-X3,X1-obl_of-X4,X7-has_name-New,X7-has_name-Hampshire,X6-rel-X7,X6-has_name-Black,X5-in-X6,X5-has_name-Gram,X1-obl_of-X5, X1-be-is-null,X2-which-Which-null,X3-nationality-nationality-the,X4-creator-creator-the,X7-New Hampshire-New Hampshire-null,X6-Black-Black-null,X5-Gram-Gram-null, X1-subj-X2,X1-obj-X3,X1-obl_of-X4,X7-has_name-New Hampshire,X6-rel-X7,X6-has_name-Black,X5-in-X6,X5-has_name-Gram,X1-obl_of-X5, X1-be-is-null,X2-which-Which-null,X3-nationality-nationality-the,X4-creator-creator-the,X5-Gram-Gram-null,X7-Hampshire-Hampshire-null,X6-Black-Black-null, X1-subj-X2,X1-obj-X3,X1-obl_of-X4,X5-has_name-Gram,X1-obl_of-X5,X7-New-true,X7-has_name-Hampshire,X6-rel-X7,X6-has_name-Black,X1-obl_in-X6, X1-be-is-null,X2-which-Which-null,X3-nationality-nationality-the,X4-creator-creator-the,X5-Gram-Gram-null,X7-Hampshire-Hampshire-null,X6-Black-Black-null, X1-subj-X2,X1-obj-X3,X1-obl_of-X4,X5-has_name-Gram,X1-obl_of-X5,X7-has_name-New,X7-has_name-Hampshire,X6-rel-X7,X6-has_name-Black,X1-obl_in-X6, X1-be-is-null,X2-which-Which-null,X3-nationality-nationality-the,X4-creator-creator-the,X5-Gram-Gram-null,X7-New Hampshire-New Hampshire-null,X6-Black-Black-null, X1-subj-X2,X1-obj-X3,X1-obl_of-X4,X5-has_name-Gram,X1-obl_of-X5,X7-has_name-New Hampshire,X6-rel-X7,X6-has_name-Black,X1-obl_in-X6, X1-be-is-null,X2-which-Which-null,X3-nationality-nationality-the,X5-Gram-Gram-null,X7-Hampshire-Hampshire-null,X6-Black-Black-null,X4-creator-creator-the, X1-subj-X2,X1-obj-X3,X5-has_name-Gram,X4-of-X5,X7-New-true,X7-has_name-Hampshire,X6-rel-X7,X6-has_name-Black,X4-in-X6,X1-obl_of-X4, X1-be-is-null,X2-which-Which-null,X3-nationality-nationality-the,X5-Gram-Gram-null,X7-Hampshire-Hampshire-null,X6-Black-Black-null,X4-creator-creator-the, X1-subj-X2,X1-obj-X3,X5-has_name-Gram,X4-of-X5,X7-has_name-New,X7-has_name-Hampshire,X6-rel-X7,X6-has_name-Black,X4-in-X6,X1-obl_of-X4, X1-be-is-null,X2-which-Which-null,X3-nationality-nationality-the,X5-Gram-Gram-null,X7-New Hampshire-New Hampshire-null,X6-Black-Black-null,X4-creator-creator-the, X1-subj-X2,X1-obj-X3,X5-has_name-Gram,X4-of-X5,X7-has_name-New Hampshire,X6-rel-X7,X6-has_name-Black,X4-in-X6,X1-obl_of-X4, X1-be-is-null,X2-which-Which-null,X4-creator-creator-the,X7-Hampshire-Hampshire-null,X6-Black-Black-null,X5-Gram-Gram-null,X3-nationality-nationality-the, X1-subj-X2,X3-of-X4,X7-New-true,X7-has_name-Hampshire,X6-rel-X7,X6-has_name-Black,X5-in-X6,X5-has_name-Gram,X3-of-X5,X1-obj-X3, X1-be-is-null,X2-which-Which-null,X4-creator-creator-the,X7-Hampshire-Hampshire-null,X6-Black-Black-null,X5-Gram-Gram-null,X3-nationality-nationality-the, X1-subj-X2,X3-of-X4,X7-has_name-New,X7-has_name-Hampshire,X6-rel-X7,X6-has_name-Black,X5-in-X6,X5-has_name-Gram,X3-of-X5,X1-obj-X3, X1-be-is-null,X2-which-Which-null,X4-creator-creator-the,X7-New Hampshire-New Hampshire-null,X6-Black-Black-null,X5-Gram-Gram-null,X3-nationality-nationality-the, X1-subj-X2,X3-of-X4,X7-has_name-New Hampshire,X6-rel-X7,X6-has_name-Black,X5-in-X6,X5-has_name-Gram,X3-of-X5,X1-obj-X3, X1-be-is-null,X2-which-Which-null,X6-Hampshire-Hampshire-null,X5-Black-Black-null,X4-Gram-Gram-null,X3-nationality-nationality-the,X7-creator-creator-the, X1-subj-X2,X6-New-true,X6-has_name-Hampshire,X5-rel-X6,X5-has_name-Black,X4-in-X5,X4-has_name-Gram,X3-of-X4,X1-obj-X3,X1-obl_of-X7, X1-be-is-null,X2-which-Which-null,X6-Hampshire-Hampshire-null,X5-Black-Black-null,X4-Gram-Gram-null,X3-nationality-nationality-the,X7-creator-creator-the, X1-subj-X2,X6-has_name-New,X6-has_name-Hampshire,X5-rel-X6,X5-has_name-Black,X4-in-X5,X4-has_name-Gram,X3-of-X4,X1-obj-X3,X1-obl_of-X7, X1-be-is-null,X2-which-Which-null,X6-New Hampshire-New Hampshire-null,X5-Black-Black-null,X4-Gram-Gram-null,X3-nationality-nationality-the,X7-creator-creator-the, X1-subj-X2,X6-has_name-New Hampshire,X5-rel-X6,X5-has_name-Black,X4-in-X5,X4-has_name-Gram,X3-of-X4,X1-obj-X3,X1-obl_of-X7, X1-be-is-null,X2-which-Which-null,X4-creator-creator-the,X3-nationality-nationality-the,X7-Hampshire-Hampshire-null,X6-Black-Black-null,X5-Gram-Gram-null, X1-subj-X2,X3-of-X4,X1-obj-X3,X7-New-true,X7-has_name-Hampshire,X6-rel-X7,X6-has_name-Black,X5-in-X6,X5-has_name-Gram,X1-obl_of-X5, X1-be-is-null,X2-which-Which-null,X4-creator-creator-the,X3-nationality-nationality-the,X7-Hampshire-Hampshire-null,X6-Black-Black-null,X5-Gram-Gram-null, X1-subj-X2,X3-of-X4,X1-obj-X3,X7-has_name-New,X7-has_name-Hampshire,X6-rel-X7,X6-has_name-Black,X5-in-X6,X5-has_name-Gram,X1-obl_of-X5, X1-be-is-null,X2-which-Which-null,X4-creator-creator-the,X3-nationality-nationality-the,X7-New Hampshire-New Hampshire-null,X6-Black-Black-null,X5-Gram-Gram-null, X1-subj-X2,X3-of-X4,X1-obj-X3,X7-has_name-New Hampshire,X6-rel-X7,X6-has_name-Black,X5-in-X6,X5-has_name-Gram,X1-obl_of-X5, X1-be-is-null,X2-which-Which-null,X4-creator-creator-the,X5-Gram-Gram-null,X7-Hampshire-Hampshire-null,X6-Black-Black-null,X3-nationality-nationality-the, X1-subj-X2,X3-of-X4,X5-has_name-Gram,X3-of-X5,X7-New-true,X7-has_name-Hampshire,X6-rel-X7,X6-has_name-Black,X3-in-X6,X1-obj-X3, X1-be-is-null,X2-which-Which-null,X4-creator-creator-the,X5-Gram-Gram-null,X7-Hampshire-Hampshire-null,X6-Black-Black-null,X3-nationality-nationality-the, X1-subj-X2,X3-of-X4,X5-has_name-Gram,X3-of-X5,X7-has_name-New,X7-has_name-Hampshire,X6-rel-X7,X6-has_name-Black,X3-in-X6,X1-obj-X3, X1-be-is-null,X2-which-Which-null,X4-creator-creator-the,X5-Gram-Gram-null,X7-New Hampshire-New Hampshire-null,X6-Black-Black-null,X3-nationality-nationality-the, X1-subj-X2,X3-of-X4,X5-has_name-Gram,X3-of-X5,X7-has_name-New Hampshire,X6-rel-X7,X6-has_name-Black,X3-in-X6,X1-obj-X3, X1-be-is-null,X2-which-Which-null,X5-Gram-Gram-null,X7-Hampshire-Hampshire-null,X6-Black-Black-null,X4-creator-creator-the,X3-nationality-nationality-the, X1-subj-X2,X5-has_name-Gram,X4-of-X5,X7-New-true,X7-has_name-Hampshire,X6-rel-X7,X6-has_name-Black,X4-in-X6,X3-of-X4,X1-obj-X3, X1-be-is-null,X2-which-Which-null,X5-Gram-Gram-null,X7-Hampshire-Hampshire-null,X6-Black-Black-null,X4-creator-creator-the,X3-nationality-nationality-the, X1-subj-X2,X5-has_name-Gram,X4-of-X5,X7-has_name-New,X7-has_name-Hampshire,X6-rel-X7,X6-has_name-Black,X4-in-X6,X3-of-X4,X1-obj-X3, X1-be-is-null,X2-which-Which-null,X5-Gram-Gram-null,X7-New Hampshire-New Hampshire-null,X6-Black-Black-null,X4-creator-creator-the,X3-nationality-nationality-the, X1-subj-X2,X5-has_name-Gram,X4-of-X5,X7-has_name-New Hampshire,X6-rel-X7,X6-has_name-Black,X4-in-X6,X3-of-X4,X1-obj-X3,",Incorrect partial DRS,null,null
173,"Which is the nationality of the creator of Great Hero, a chief?"," X1-be-is-null,X2-which-Which-null,X6-chief-chief-a,X5-great hero-Great Hero-null,X4-creator-creator-the,X3-nationality-nationality-the, X1-subj-X2,X5-rel-X6,X5-has_name-great hero,X4-of-X5,X3-of-X4,X1-obj-X3, X1-be-is-null,X2-which-Which-null,X3-nationality-nationality-the,X6-chief-chief-a,X5-great hero-Great Hero-null,X4-creator-creator-the, X1-subj-X2,X1-obj-X3,X5-rel-X6,X5-has_name-great hero,X4-of-X5,X1-obl_of-X4, X1-be-is-null,X2-which-Which-null,X3-nationality-nationality-the,X4-creator-creator-the,X6-chief-chief-a,X5-great hero-Great Hero-null, X1-subj-X2,X1-obj-X3,X1-obl_of-X4,X5-rel-X6,X5-has_name-great hero,X1-obl_of-X5, X1-be-is-null,X2-which-Which-null,X4-creator-creator-the,X6-chief-chief-a,X5-great hero-Great Hero-null,X3-nationality-nationality-the, X1-subj-X2,X3-of-X4,X5-rel-X6,X5-has_name-great hero,X3-of-X5,X1-obj-X3, X1-be-is-null,X2-which-Which-null,X5-chief-chief-a,X4-great hero-Great Hero-null,X3-nationality-nationality-the,X6-creator-creator-the, X1-subj-X2,X4-rel-X5,X4-has_name-great hero,X3-of-X4,X1-obj-X3,X1-obl_of-X6, X1-be-is-null,X2-which-Which-null,X4-creator-creator-the,X3-nationality-nationality-the,X6-chief-chief-a,X5-great hero-Great Hero-null, X1-subj-X2,X3-of-X4,X1-obj-X3,X5-rel-X6,X5-has_name-great hero,X1-obl_of-X5,",Incorrect partial DRS,null,null
174,"Which is the nationality of the creator of Greek Lady, Pera?"," X1-be-is-null,X2-which-Which-null,X5-Lady-Lady-null,X4-creator-creator-the,X3-nationality-nationality-the, X1-subj-X2,X5-has_name-Pera,X5-Greek-true,X5-has_name-Lady,X4-of-X5,X3-of-X4,X1-obj-X3, X1-be-is-null,X2-which-Which-null,X5-Lady-Lady-null,X4-creator-creator-the,X3-nationality-nationality-the, X1-subj-X2,X5-has_name-Pera,X5-has_name-Greek,X5-has_name-Lady,X4-of-X5,X3-of-X4,X1-obj-X3, X1-be-is-null,X2-which-Which-null,X5-Greek Lady-Greek Lady-null,X4-creator-creator-the,X3-nationality-nationality-the, X1-subj-X2,X5-has_name-Pera,X5-has_name-Greek Lady,X4-of-X5,X3-of-X4,X1-obj-X3, X1-be-is-null,X2-which-Which-null,X3-nationality-nationality-the,X5-Lady-Lady-null,X4-creator-creator-the, X1-subj-X2,X1-obj-X3,X5-has_name-Pera,X5-Greek-true,X5-has_name-Lady,X4-of-X5,X1-obl_of-X4, X1-be-is-null,X2-which-Which-null,X3-nationality-nationality-the,X5-Lady-Lady-null,X4-creator-creator-the, X1-subj-X2,X1-obj-X3,X5-has_name-Pera,X5-has_name-Greek,X5-has_name-Lady,X4-of-X5,X1-obl_of-X4, X1-be-is-null,X2-which-Which-null,X3-nationality-nationality-the,X5-Greek Lady-Greek Lady-null,X4-creator-creator-the, X1-subj-X2,X1-obj-X3,X5-has_name-Pera,X5-has_name-Greek Lady,X4-of-X5,X1-obl_of-X4, X1-be-is-null,X2-which-Which-null,X3-nationality-nationality-the,X4-creator-creator-the,X5-Lady-Lady-null, X1-subj-X2,X1-obj-X3,X1-obl_of-X4,X5-has_name-Pera,X5-Greek-true,X5-has_name-Lady,X1-obl_of-X5, X1-be-is-null,X2-which-Which-null,X3-nationality-nationality-the,X4-creator-creator-the,X5-Lady-Lady-null, X1-subj-X2,X1-obj-X3,X1-obl_of-X4,X5-has_name-Pera,X5-has_name-Greek,X5-has_name-Lady,X1-obl_of-X5, X1-be-is-null,X2-which-Which-null,X3-nationality-nationality-the,X4-creator-creator-the,X5-Greek Lady-Greek Lady-null, X1-subj-X2,X1-obj-X3,X1-obl_of-X4,X5-has_name-Pera,X5-has_name-Greek Lady,X1-obl_of-X5, X1-be-is-null,X2-which-Which-null,X4-creator-creator-the,X5-Lady-Lady-null,X3-nationality-nationality-the, X1-subj-X2,X3-of-X4,X5-has_name-Pera,X5-Greek-true,X5-has_name-Lady,X3-of-X5,X1-obj-X3, X1-be-is-null,X2-which-Which-null,X4-creator-creator-the,X5-Lady-Lady-null,X3-nationality-nationality-the, X1-subj-X2,X3-of-X4,X5-has_name-Pera,X5-has_name-Greek,X5-has_name-Lady,X3-of-X5,X1-obj-X3, X1-be-is-null,X2-which-Which-null,X4-creator-creator-the,X5-Greek Lady-Greek Lady-null,X3-nationality-nationality-the, X1-subj-X2,X3-of-X4,X5-has_name-Pera,X5-has_name-Greek Lady,X3-of-X5,X1-obj-X3, X1-be-is-null,X2-which-Which-null,X4-Lady-Lady-null,X3-nationality-nationality-the,X5-creator-creator-the, X1-subj-X2,X4-has_name-Pera,X4-Greek-true,X4-has_name-Lady,X3-of-X4,X1-obj-X3,X1-obl_of-X5, X1-be-is-null,X2-which-Which-null,X4-Lady-Lady-null,X3-nationality-nationality-the,X5-creator-creator-the, X1-subj-X2,X4-has_name-Pera,X4-has_name-Greek,X4-has_name-Lady,X3-of-X4,X1-obj-X3,X1-obl_of-X5, X1-be-is-null,X2-which-Which-null,X4-Greek Lady-Greek Lady-null,X3-nationality-nationality-the,X5-creator-creator-the, X1-subj-X2,X4-has_name-Pera,X4-has_name-Greek Lady,X3-of-X4,X1-obj-X3,X1-obl_of-X5, X1-be-is-null,X2-which-Which-null,X4-creator-creator-the,X3-nationality-nationality-the,X5-Lady-Lady-null, X1-subj-X2,X3-of-X4,X1-obj-X3,X5-has_name-Pera,X5-Greek-true,X5-has_name-Lady,X1-obl_of-X5, X1-be-is-null,X2-which-Which-null,X4-creator-creator-the,X3-nationality-nationality-the,X5-Lady-Lady-null, X1-subj-X2,X3-of-X4,X1-obj-X3,X5-has_name-Pera,X5-has_name-Greek,X5-has_name-Lady,X1-obl_of-X5, X1-be-is-null,X2-which-Which-null,X4-creator-creator-the,X3-nationality-nationality-the,X5-Greek Lady-Greek Lady-null, X1-subj-X2,X3-of-X4,X1-obj-X3,X5-has_name-Pera,X5-has_name-Greek Lady,X1-obl_of-X5, X1-be-is-null,X2-which-Which-null,X6-Pera-Pera-null,X5-Lady-Lady-null,X4-creator-creator-the,X3-nationality-nationality-the, X1-subj-X2,X6-has_name-Pera,X5-rel-X6,X5-Greek-true,X5-has_name-Lady,X4-of-X5,X3-of-X4,X1-obj-X3, X1-be-is-null,X2-which-Which-null,X6-Pera-Pera-null,X5-Lady-Lady-null,X4-creator-creator-the,X3-nationality-nationality-the, X1-subj-X2,X6-has_name-Pera,X5-rel-X6,X5-has_name-Greek,X5-has_name-Lady,X4-of-X5,X3-of-X4,X1-obj-X3, X1-be-is-null,X2-which-Which-null,X6-Pera-Pera-null,X5-Greek Lady-Greek Lady-null,X4-creator-creator-the,X3-nationality-nationality-the, X1-subj-X2,X6-has_name-Pera,X5-rel-X6,X5-has_name-Greek Lady,X4-of-X5,X3-of-X4,X1-obj-X3, X1-be-is-null,X2-which-Which-null,X3-nationality-nationality-the,X6-Pera-Pera-null,X5-Lady-Lady-null,X4-creator-creator-the, X1-subj-X2,X1-obj-X3,X6-has_name-Pera,X5-rel-X6,X5-Greek-true,X5-has_name-Lady,X4-of-X5,X1-obl_of-X4, X1-be-is-null,X2-which-Which-null,X3-nationality-nationality-the,X6-Pera-Pera-null,X5-Lady-Lady-null,X4-creator-creator-the, X1-subj-X2,X1-obj-X3,X6-has_name-Pera,X5-rel-X6,X5-has_name-Greek,X5-has_name-Lady,X4-of-X5,X1-obl_of-X4, X1-be-is-null,X2-which-Which-null,X3-nationality-nationality-the,X6-Pera-Pera-null,X5-Greek Lady-Greek Lady-null,X4-creator-creator-the, X1-subj-X2,X1-obj-X3,X6-has_name-Pera,X5-rel-X6,X5-has_name-Greek Lady,X4-of-X5,X1-obl_of-X4, X1-be-is-null,X2-which-Which-null,X3-nationality-nationality-the,X4-creator-creator-the,X6-Pera-Pera-null,X5-Lady-Lady-null, X1-subj-X2,X1-obj-X3,X1-obl_of-X4,X6-has_name-Pera,X5-rel-X6,X5-Greek-true,X5-has_name-Lady,X1-obl_of-X5, X1-be-is-null,X2-which-Which-null,X3-nationality-nationality-the,X4-creator-creator-the,X6-Pera-Pera-null,X5-Lady-Lady-null, X1-subj-X2,X1-obj-X3,X1-obl_of-X4,X6-has_name-Pera,X5-rel-X6,X5-has_name-Greek,X5-has_name-Lady,X1-obl_of-X5, X1-be-is-null,X2-which-Which-null,X3-nationality-nationality-the,X4-creator-creator-the,X6-Pera-Pera-null,X5-Greek Lady-Greek Lady-null, X1-subj-X2,X1-obj-X3,X1-obl_of-X4,X6-has_name-Pera,X5-rel-X6,X5-has_name-Greek Lady,X1-obl_of-X5, X1-be-is-null,X2-which-Which-null,X4-creator-creator-the,X6-Pera-Pera-null,X5-Lady-Lady-null,X3-nationality-nationality-the, X1-subj-X2,X3-of-X4,X6-has_name-Pera,X5-rel-X6,X5-Greek-true,X5-has_name-Lady,X3-of-X5,X1-obj-X3, X1-be-is-null,X2-which-Which-null,X4-creator-creator-the,X6-Pera-Pera-null,X5-Lady-Lady-null,X3-nationality-nationality-the, X1-subj-X2,X3-of-X4,X6-has_name-Pera,X5-rel-X6,X5-has_name-Greek,X5-has_name-Lady,X3-of-X5,X1-obj-X3, X1-be-is-null,X2-which-Which-null,X4-creator-creator-the,X6-Pera-Pera-null,X5-Greek Lady-Greek Lady-null,X3-nationality-nationality-the, X1-subj-X2,X3-of-X4,X6-has_name-Pera,X5-rel-X6,X5-has_name-Greek Lady,X3-of-X5,X1-obj-X3, X1-be-is-null,X2-which-Which-null,X5-Pera-Pera-null,X4-Lady-Lady-null,X3-nationality-nationality-the,X6-creator-creator-the, X1-subj-X2,X5-has_name-Pera,X4-rel-X5,X4-Greek-true,X4-has_name-Lady,X3-of-X4,X1-obj-X3,X1-obl_of-X6, X1-be-is-null,X2-which-Which-null,X5-Pera-Pera-null,X4-Lady-Lady-null,X3-nationality-nationality-the,X6-creator-creator-the, X1-subj-X2,X5-has_name-Pera,X4-rel-X5,X4-has_name-Greek,X4-has_name-Lady,X3-of-X4,X1-obj-X3,X1-obl_of-X6, X1-be-is-null,X2-which-Which-null,X5-Pera-Pera-null,X4-Greek Lady-Greek Lady-null,X3-nationality-nationality-the,X6-creator-creator-the, X1-subj-X2,X5-has_name-Pera,X4-rel-X5,X4-has_name-Greek Lady,X3-of-X4,X1-obj-X3,X1-obl_of-X6, X1-be-is-null,X2-which-Which-null,X4-creator-creator-the,X3-nationality-nationality-the,X6-Pera-Pera-null,X5-Lady-Lady-null, X1-subj-X2,X3-of-X4,X1-obj-X3,X6-has_name-Pera,X5-rel-X6,X5-Greek-true,X5-has_name-Lady,X1-obl_of-X5, X1-be-is-null,X2-which-Which-null,X4-creator-creator-the,X3-nationality-nationality-the,X6-Pera-Pera-null,X5-Lady-Lady-null, X1-subj-X2,X3-of-X4,X1-obj-X3,X6-has_name-Pera,X5-rel-X6,X5-has_name-Greek,X5-has_name-Lady,X1-obl_of-X5, X1-be-is-null,X2-which-Which-null,X4-creator-creator-the,X3-nationality-nationality-the,X6-Pera-Pera-null,X5-Greek Lady-Greek Lady-null, X1-subj-X2,X3-of-X4,X1-obj-X3,X6-has_name-Pera,X5-rel-X6,X5-has_name-Greek Lady,X1-obl_of-X5,",Incorrect partial DRS,null,null
175,Which is the nationality of the creator of Greetings?," X1-be-is-null,X2-which-Which-null,X5-greeting-Greetings-null,X4-creator-creator-the,X3-nationality-nationality-the, X1-subj-X2,X4-of-X5,X3-of-X4,X1-obj-X3, X1-be-is-null,X2-which-Which-null,X3-nationality-nationality-the,X5-greeting-Greetings-null,X4-creator-creator-the, X1-subj-X2,X1-obj-X3,X4-of-X5,X1-obl_of-X4, X1-be-is-null,X2-which-Which-null,X3-nationality-nationality-the,X4-creator-creator-the,X5-greeting-Greetings-null, X1-subj-X2,X1-obj-X3,X1-obl_of-X4,X1-obl_of-X5, X1-be-is-null,X2-which-Which-null,X4-creator-creator-the,X5-greeting-Greetings-null,X3-nationality-nationality-the, X1-subj-X2,X3-of-X4,X3-of-X5,X1-obj-X3, X1-be-is-null,X2-which-Which-null,X4-greeting-Greetings-null,X3-nationality-nationality-the,X5-creator-creator-the, X1-subj-X2,X3-of-X4,X1-obj-X3,X1-obl_of-X5, X1-be-is-null,X2-which-Which-null,X4-creator-creator-the,X3-nationality-nationality-the,X5-greeting-Greetings-null, X1-subj-X2,X3-of-X4,X1-obj-X3,X1-obl_of-X5,","Drs [
 tokens=[],
 dEntities=[
DEntity(X1, be, is, VERB, null, false, Query1, Query), 
DEntity(X2, which, Which, PRON, null, false, Qualifier2, Qualifier), 
DEntity(X5, greeting, Greetings, NOUN, null, false, Artefact3, Artefact), 
DEntity(X4, creator, creator, NOUN, the, false, Artist4, Artist), 
DEntity(X3, nationality, nationality, NOUN, the, false, ConceptArtist5, ConceptArtist)],
 dConditions=[
DCondition(X1, subj, X2, propriedades= [qQualifier] --- []), 
DCondition(X4, of, X5, propriedades= [author_of] --- []), 
DCondition(X3, of, X4, propriedades= [conc_of_Artist] --- []), 
DCondition(X1, obj, X3, propriedades= [select] --- []), 
DCondition(X1, has_text, be, propriedades= [] --- [has_name, has_text, who]), 
DCondition(X2, has_text, which, propriedades= [] --- [has_name, has_text, who]), 
DCondition(X5, has_text, greeting, propriedades= [] --- [has_name, has_text, who]), 
DCondition(X4, has_text, creator, propriedades= [] --- [has_name, has_text, who]), 
DCondition(X3, has_text, nationality, propriedades= [] --- [has_name, has_text, who]), 
DCondition(X2, has_name, null list, propriedades= [] --- [has_name, has_text, who]), 
DCondition(X1, obj, X2, propriedades= [qQualifier] --- [])]
 solu��es = []
 numeroFrase = 0
 numHasNames = 1
 numIndividuals = 5
 numEntitiesOk = 10
 numIsClass = 0
 numPropsOk = 5
 numEntitiesNOk = 0
 numClassesOk = 4]", PREFIX rdf: <http://www.w3.org/1999/02/22-rdf-syntax-ns#> PREFIX xsd: <http://www.w3.org/2001/XMLSchema#> PREFIX rdfs: <http://www.w3.org/2000/01/rdf-schema#> PREFIX cidoc: <http://www.cidoc-crm.org/cidoc-crm/> SELECT  DISTINCT  ?snameConceptArtist5 ?ConceptArtist5 WHERE { ?prod cidoc:P14_carried_out_by ?Artist4 . ?Artefact3 cidoc:P108i_was_produced_by ?prod . ?Artist4 rdfs:label ?snameArtist4 . ?Artist4 cidoc:P107i_is_current_or_former_member_of ?ConceptArtist5. ?ConceptArtist5 rdfs:label ?snameConceptArtist5. },false
176,Which is the nationality of the creator of Grey Night Phenomenon?,,Incorrect Stanza Parsing,null,null
177,Which is the nationality of the creator of Haywagon?," X1-be-is-null,X2-which-Which-null,X5-Haywagon-Haywagon-null,X4-creator-creator-the,X3-nationality-nationality-the, X1-subj-X2,X5-has_name-Haywagon,X4-of-X5,X3-of-X4,X1-obj-X3, X1-be-is-null,X2-which-Which-null,X3-nationality-nationality-the,X5-Haywagon-Haywagon-null,X4-creator-creator-the, X1-subj-X2,X1-obj-X3,X5-has_name-Haywagon,X4-of-X5,X1-obl_of-X4, X1-be-is-null,X2-which-Which-null,X3-nationality-nationality-the,X4-creator-creator-the,X5-Haywagon-Haywagon-null, X1-subj-X2,X1-obj-X3,X1-obl_of-X4,X5-has_name-Haywagon,X1-obl_of-X5, X1-be-is-null,X2-which-Which-null,X4-creator-creator-the,X5-Haywagon-Haywagon-null,X3-nationality-nationality-the, X1-subj-X2,X3-of-X4,X5-has_name-Haywagon,X3-of-X5,X1-obj-X3, X1-be-is-null,X2-which-Which-null,X4-Haywagon-Haywagon-null,X3-nationality-nationality-the,X5-creator-creator-the, X1-subj-X2,X4-has_name-Haywagon,X3-of-X4,X1-obj-X3,X1-obl_of-X5, X1-be-is-null,X2-which-Which-null,X4-creator-creator-the,X3-nationality-nationality-the,X5-Haywagon-Haywagon-null, X1-subj-X2,X3-of-X4,X1-obj-X3,X5-has_name-Haywagon,X1-obl_of-X5,","Drs [
 tokens=[],
 dEntities=[
DEntity(X1, be, is, VERB, null, false, Query1, Query), 
DEntity(X2, which, Which, PRON, null, false, Qualifier2, Qualifier), 
DEntity(X5, Haywagon, Haywagon, PROPN, null, false, Artefact3, Artefact), 
DEntity(X4, creator, creator, NOUN, the, false, Artist4, Artist), 
DEntity(X3, nationality, nationality, NOUN, the, false, ConceptArtist5, ConceptArtist)],
 dConditions=[
DCondition(X1, subj, X2, propriedades= [qQualifier] --- []), 
DCondition(X5, has_name, Haywagon, propriedades= [] --- [has_name, has_text, who]), 
DCondition(X4, of, X5, propriedades= [author_of] --- []), 
DCondition(X3, of, X4, propriedades= [conc_of_Artist] --- []), 
DCondition(X1, obj, X3, propriedades= [select] --- []), 
DCondition(X1, has_text, be, propriedades= [] --- [has_name, has_text, who]), 
DCondition(X2, has_text, which, propriedades= [] --- [has_name, has_text, who]), 
DCondition(X5, has_text, Haywagon, propriedades= [] --- [has_name, has_text, who]), 
DCondition(X4, has_text, creator, propriedades= [] --- [has_name, has_text, who]), 
DCondition(X3, has_text, nationality, propriedades= [] --- [has_name, has_text, who]), 
DCondition(X2, has_name, null list, propriedades= [] --- [has_name, has_text, who]), 
DCondition(X1, obj, X2, propriedades= [qQualifier] --- [])]
 solu��es = []
 numeroFrase = 0
 numHasNames = 2
 numIndividuals = 5
 numEntitiesOk = 10
 numIsClass = 0
 numPropsOk = 5
 numEntitiesNOk = 0
 numClassesOk = 4]"," PREFIX rdf: <http://www.w3.org/1999/02/22-rdf-syntax-ns#> PREFIX xsd: <http://www.w3.org/2001/XMLSchema#> PREFIX rdfs: <http://www.w3.org/2000/01/rdf-schema#> PREFIX cidoc: <http://www.cidoc-crm.org/cidoc-crm/> SELECT  DISTINCT  ?snameConceptArtist5 ?ConceptArtist5 ?snameArtefact3 ?Artefact3 WHERE { {{?Artefact3 cidoc:P131_is_identified_by ?nameArtefact3 . ?nameArtefact3 rdf:value ?snameArtefact3 .}  UNION {?Artefact3 rdfs:label ?snameArtefact3 .}}  filter(regex(?snameArtefact3,""Haywagon"",""i"")) . ?prod cidoc:P14_carried_out_by ?Artist4 . ?Artefact3 cidoc:P108i_was_produced_by ?prod . ?Artist4 rdfs:label ?snameArtist4 . ?Artist4 cidoc:P107i_is_current_or_former_member_of ?ConceptArtist5. ?ConceptArtist5 rdfs:label ?snameConceptArtist5. }",true
178,Which is the nationality of the creator of Head of a Black Man?," X1-be-is-null,X2-which-Which-null,X6-Man-Man-a,X5-head-Head-null,X4-creator-creator-the,X3-nationality-nationality-the, X1-subj-X2,X6-Black-true,X6-has_name-Man,X5-of-X6,X5-has_name-head,X4-of-X5,X3-of-X4,X1-obj-X3, X1-be-is-null,X2-which-Which-null,X6-Man-Man-a,X5-head-Head-null,X4-creator-creator-the,X3-nationality-nationality-the, X1-subj-X2,X6-has_name-Black,X6-has_name-Man,X5-of-X6,X5-has_name-head,X4-of-X5,X3-of-X4,X1-obj-X3, X1-be-is-null,X2-which-Which-null,X3-nationality-nationality-the,X6-Man-Man-a,X5-head-Head-null,X4-creator-creator-the, X1-subj-X2,X1-obj-X3,X6-Black-true,X6-has_name-Man,X5-of-X6,X5-has_name-head,X4-of-X5,X1-obl_of-X4, X1-be-is-null,X2-which-Which-null,X3-nationality-nationality-the,X6-Man-Man-a,X5-head-Head-null,X4-creator-creator-the, X1-subj-X2,X1-obj-X3,X6-has_name-Black,X6-has_name-Man,X5-of-X6,X5-has_name-head,X4-of-X5,X1-obl_of-X4, X1-be-is-null,X2-which-Which-null,X3-nationality-nationality-the,X4-creator-creator-the,X6-Man-Man-a,X5-head-Head-null, X1-subj-X2,X1-obj-X3,X1-obl_of-X4,X6-Black-true,X6-has_name-Man,X5-of-X6,X5-has_name-head,X1-obl_of-X5, X1-be-is-null,X2-which-Which-null,X3-nationality-nationality-the,X4-creator-creator-the,X6-Man-Man-a,X5-head-Head-null, X1-subj-X2,X1-obj-X3,X1-obl_of-X4,X6-has_name-Black,X6-has_name-Man,X5-of-X6,X5-has_name-head,X1-obl_of-X5, X1-be-is-null,X2-which-Which-null,X3-nationality-nationality-the,X4-creator-creator-the,X5-head-Head-null,X6-Man-Man-a, X1-subj-X2,X1-obj-X3,X1-obl_of-X4,X5-has_name-head,X1-obl_of-X5,X6-Black-true,X6-has_name-Man,X1-obl_of-X6, X1-be-is-null,X2-which-Which-null,X3-nationality-nationality-the,X4-creator-creator-the,X5-head-Head-null,X6-Man-Man-a, X1-subj-X2,X1-obj-X3,X1-obl_of-X4,X5-has_name-head,X1-obl_of-X5,X6-has_name-Black,X6-has_name-Man,X1-obl_of-X6, X1-be-is-null,X2-which-Which-null,X3-nationality-nationality-the,X5-head-Head-null,X6-Man-Man-a,X4-creator-creator-the, X1-subj-X2,X1-obj-X3,X5-has_name-head,X4-of-X5,X6-Black-true,X6-has_name-Man,X4-of-X6,X1-obl_of-X4, X1-be-is-null,X2-which-Which-null,X3-nationality-nationality-the,X5-head-Head-null,X6-Man-Man-a,X4-creator-creator-the, X1-subj-X2,X1-obj-X3,X5-has_name-head,X4-of-X5,X6-has_name-Black,X6-has_name-Man,X4-of-X6,X1-obl_of-X4, X1-be-is-null,X2-which-Which-null,X4-creator-creator-the,X6-Man-Man-a,X5-head-Head-null,X3-nationality-nationality-the, X1-subj-X2,X3-of-X4,X6-Black-true,X6-has_name-Man,X5-of-X6,X5-has_name-head,X3-of-X5,X1-obj-X3, X1-be-is-null,X2-which-Which-null,X4-creator-creator-the,X6-Man-Man-a,X5-head-Head-null,X3-nationality-nationality-the, X1-subj-X2,X3-of-X4,X6-has_name-Black,X6-has_name-Man,X5-of-X6,X5-has_name-head,X3-of-X5,X1-obj-X3, X1-be-is-null,X2-which-Which-null,X5-Man-Man-a,X4-head-Head-null,X3-nationality-nationality-the,X6-creator-creator-the, X1-subj-X2,X5-Black-true,X5-has_name-Man,X4-of-X5,X4-has_name-head,X3-of-X4,X1-obj-X3,X1-obl_of-X6, X1-be-is-null,X2-which-Which-null,X5-Man-Man-a,X4-head-Head-null,X3-nationality-nationality-the,X6-creator-creator-the, X1-subj-X2,X5-has_name-Black,X5-has_name-Man,X4-of-X5,X4-has_name-head,X3-of-X4,X1-obj-X3,X1-obl_of-X6, X1-be-is-null,X2-which-Which-null,X4-creator-creator-the,X3-nationality-nationality-the,X6-Man-Man-a,X5-head-Head-null, X1-subj-X2,X3-of-X4,X1-obj-X3,X6-Black-true,X6-has_name-Man,X5-of-X6,X5-has_name-head,X1-obl_of-X5, X1-be-is-null,X2-which-Which-null,X4-creator-creator-the,X3-nationality-nationality-the,X6-Man-Man-a,X5-head-Head-null, X1-subj-X2,X3-of-X4,X1-obj-X3,X6-has_name-Black,X6-has_name-Man,X5-of-X6,X5-has_name-head,X1-obl_of-X5, X1-be-is-null,X2-which-Which-null,X4-creator-creator-the,X5-head-Head-null,X6-Man-Man-a,X3-nationality-nationality-the, X1-subj-X2,X3-of-X4,X5-has_name-head,X3-of-X5,X6-Black-true,X6-has_name-Man,X3-of-X6,X1-obj-X3, X1-be-is-null,X2-which-Which-null,X4-creator-creator-the,X5-head-Head-null,X6-Man-Man-a,X3-nationality-nationality-the, X1-subj-X2,X3-of-X4,X5-has_name-head,X3-of-X5,X6-has_name-Black,X6-has_name-Man,X3-of-X6,X1-obj-X3, X1-be-is-null,X2-which-Which-null,X5-head-Head-null,X6-Man-Man-a,X4-creator-creator-the,X3-nationality-nationality-the, X1-subj-X2,X5-has_name-head,X4-of-X5,X6-Black-true,X6-has_name-Man,X4-of-X6,X3-of-X4,X1-obj-X3, X1-be-is-null,X2-which-Which-null,X5-head-Head-null,X6-Man-Man-a,X4-creator-creator-the,X3-nationality-nationality-the, X1-subj-X2,X5-has_name-head,X4-of-X5,X6-has_name-Black,X6-has_name-Man,X4-of-X6,X3-of-X4,X1-obj-X3,",Incorrect partial DRS,null,null
179,Which is the nationality of the creator of Head of the Artist?," X1-be-is-null,X2-which-Which-null,X6-artist-Artist-the,X5-head-Head-null,X4-creator-creator-the,X3-nationality-nationality-the, X1-subj-X2,X5-of-X6,X5-has_name-head,X4-of-X5,X3-of-X4,X1-obj-X3, X1-be-is-null,X2-which-Which-null,X3-nationality-nationality-the,X6-artist-Artist-the,X5-head-Head-null,X4-creator-creator-the, X1-subj-X2,X1-obj-X3,X5-of-X6,X5-has_name-head,X4-of-X5,X1-obl_of-X4, X1-be-is-null,X2-which-Which-null,X3-nationality-nationality-the,X4-creator-creator-the,X6-artist-Artist-the,X5-head-Head-null, X1-subj-X2,X1-obj-X3,X1-obl_of-X4,X5-of-X6,X5-has_name-head,X1-obl_of-X5, X1-be-is-null,X2-which-Which-null,X3-nationality-nationality-the,X4-creator-creator-the,X5-head-Head-null,X6-artist-Artist-the, X1-subj-X2,X1-obj-X3,X1-obl_of-X4,X5-has_name-head,X1-obl_of-X5,X1-obl_of-X6, X1-be-is-null,X2-which-Which-null,X3-nationality-nationality-the,X5-head-Head-null,X6-artist-Artist-the,X4-creator-creator-the, X1-subj-X2,X1-obj-X3,X5-has_name-head,X4-of-X5,X4-of-X6,X1-obl_of-X4, X1-be-is-null,X2-which-Which-null,X4-creator-creator-the,X6-artist-Artist-the,X5-head-Head-null,X3-nationality-nationality-the, X1-subj-X2,X3-of-X4,X5-of-X6,X5-has_name-head,X3-of-X5,X1-obj-X3, X1-be-is-null,X2-which-Which-null,X5-artist-Artist-the,X4-head-Head-null,X3-nationality-nationality-the,X6-creator-creator-the, X1-subj-X2,X4-of-X5,X4-has_name-head,X3-of-X4,X1-obj-X3,X1-obl_of-X6, X1-be-is-null,X2-which-Which-null,X4-creator-creator-the,X3-nationality-nationality-the,X6-artist-Artist-the,X5-head-Head-null, X1-subj-X2,X3-of-X4,X1-obj-X3,X5-of-X6,X5-has_name-head,X1-obl_of-X5, X1-be-is-null,X2-which-Which-null,X4-creator-creator-the,X5-head-Head-null,X6-artist-Artist-the,X3-nationality-nationality-the, X1-subj-X2,X3-of-X4,X5-has_name-head,X3-of-X5,X3-of-X6,X1-obj-X3, X1-be-is-null,X2-which-Which-null,X5-head-Head-null,X6-artist-Artist-the,X4-creator-creator-the,X3-nationality-nationality-the, X1-subj-X2,X5-has_name-head,X4-of-X5,X4-of-X6,X3-of-X4,X1-obj-X3,",Incorrect partial DRS,null,null
180,Which is the nationality of the creator of Hedges?," X1-be-is-null,X2-which-Which-null,X5-Hedges-Hedges-null,X4-creator-creator-the,X3-nationality-nationality-the, X1-subj-X2,X5-has_name-Hedges,X4-of-X5,X3-of-X4,X1-obj-X3, X1-be-is-null,X2-which-Which-null,X3-nationality-nationality-the,X5-Hedges-Hedges-null,X4-creator-creator-the, X1-subj-X2,X1-obj-X3,X5-has_name-Hedges,X4-of-X5,X1-obl_of-X4, X1-be-is-null,X2-which-Which-null,X3-nationality-nationality-the,X4-creator-creator-the,X5-Hedges-Hedges-null, X1-subj-X2,X1-obj-X3,X1-obl_of-X4,X5-has_name-Hedges,X1-obl_of-X5, X1-be-is-null,X2-which-Which-null,X4-creator-creator-the,X5-Hedges-Hedges-null,X3-nationality-nationality-the, X1-subj-X2,X3-of-X4,X5-has_name-Hedges,X3-of-X5,X1-obj-X3, X1-be-is-null,X2-which-Which-null,X4-Hedges-Hedges-null,X3-nationality-nationality-the,X5-creator-creator-the, X1-subj-X2,X4-has_name-Hedges,X3-of-X4,X1-obj-X3,X1-obl_of-X5, X1-be-is-null,X2-which-Which-null,X4-creator-creator-the,X3-nationality-nationality-the,X5-Hedges-Hedges-null, X1-subj-X2,X3-of-X4,X1-obj-X3,X5-has_name-Hedges,X1-obl_of-X5,","Drs [
 tokens=[],
 dEntities=[
DEntity(X1, be, is, VERB, null, false, Query1, Query), 
DEntity(X2, which, Which, PRON, null, false, Qualifier2, Qualifier), 
DEntity(X5, Hedges, Hedges, PROPN, null, false, Artefact3, Artefact), 
DEntity(X4, creator, creator, NOUN, the, false, Artist4, Artist), 
DEntity(X3, nationality, nationality, NOUN, the, false, ConceptArtist5, ConceptArtist)],
 dConditions=[
DCondition(X1, subj, X2, propriedades= [qQualifier] --- []), 
DCondition(X5, has_name, Hedges, propriedades= [] --- [has_name, has_text, who]), 
DCondition(X4, of, X5, propriedades= [author_of] --- []), 
DCondition(X3, of, X4, propriedades= [conc_of_Artist] --- []), 
DCondition(X1, obj, X3, propriedades= [select] --- []), 
DCondition(X1, has_text, be, propriedades= [] --- [has_name, has_text, who]), 
DCondition(X2, has_text, which, propriedades= [] --- [has_name, has_text, who]), 
DCondition(X5, has_text, Hedges, propriedades= [] --- [has_name, has_text, who]), 
DCondition(X4, has_text, creator, propriedades= [] --- [has_name, has_text, who]), 
DCondition(X3, has_text, nationality, propriedades= [] --- [has_name, has_text, who]), 
DCondition(X2, has_name, null list, propriedades= [] --- [has_name, has_text, who]), 
DCondition(X1, obj, X2, propriedades= [qQualifier] --- [])]
 solu��es = []
 numeroFrase = 0
 numHasNames = 2
 numIndividuals = 5
 numEntitiesOk = 10
 numIsClass = 0
 numPropsOk = 5
 numEntitiesNOk = 0
 numClassesOk = 4]"," PREFIX rdf: <http://www.w3.org/1999/02/22-rdf-syntax-ns#> PREFIX xsd: <http://www.w3.org/2001/XMLSchema#> PREFIX rdfs: <http://www.w3.org/2000/01/rdf-schema#> PREFIX cidoc: <http://www.cidoc-crm.org/cidoc-crm/> SELECT  DISTINCT  ?snameConceptArtist5 ?ConceptArtist5 ?snameArtefact3 ?Artefact3 WHERE { {{?Artefact3 cidoc:P131_is_identified_by ?nameArtefact3 . ?nameArtefact3 rdf:value ?snameArtefact3 .}  UNION {?Artefact3 rdfs:label ?snameArtefact3 .}}  filter(regex(?snameArtefact3,""Hedges"",""i"")) . ?prod cidoc:P14_carried_out_by ?Artist4 . ?Artefact3 cidoc:P108i_was_produced_by ?prod . ?Artist4 rdfs:label ?snameArtist4 . ?Artist4 cidoc:P107i_is_current_or_former_member_of ?ConceptArtist5. ?ConceptArtist5 rdfs:label ?snameConceptArtist5. }",true
181,Which is the nationality of the creator of Hermit Crab?," X1-be-is-null,X2-which-Which-null,X5-Hermit crab-Hermit Crab-null,X4-creator-creator-the,X3-nationality-nationality-the, X1-subj-X2,X5-has_name-Hermit crab,X4-of-X5,X3-of-X4,X1-obj-X3, X1-be-is-null,X2-which-Which-null,X3-nationality-nationality-the,X5-Hermit crab-Hermit Crab-null,X4-creator-creator-the, X1-subj-X2,X1-obj-X3,X5-has_name-Hermit crab,X4-of-X5,X1-obl_of-X4, X1-be-is-null,X2-which-Which-null,X3-nationality-nationality-the,X4-creator-creator-the,X5-Hermit crab-Hermit Crab-null, X1-subj-X2,X1-obj-X3,X1-obl_of-X4,X5-has_name-Hermit crab,X1-obl_of-X5, X1-be-is-null,X2-which-Which-null,X4-creator-creator-the,X5-Hermit crab-Hermit Crab-null,X3-nationality-nationality-the, X1-subj-X2,X3-of-X4,X5-has_name-Hermit crab,X3-of-X5,X1-obj-X3, X1-be-is-null,X2-which-Which-null,X4-Hermit crab-Hermit Crab-null,X3-nationality-nationality-the,X5-creator-creator-the, X1-subj-X2,X4-has_name-Hermit crab,X3-of-X4,X1-obj-X3,X1-obl_of-X5, X1-be-is-null,X2-which-Which-null,X4-creator-creator-the,X3-nationality-nationality-the,X5-Hermit crab-Hermit Crab-null, X1-subj-X2,X3-of-X4,X1-obj-X3,X5-has_name-Hermit crab,X1-obl_of-X5,","Drs [
 tokens=[],
 dEntities=[
DEntity(X1, be, is, VERB, null, false, Query1, Query), 
DEntity(X2, which, Which, PRON, null, false, Qualifier2, Qualifier), 
DEntity(X5, Hermit crab, Hermit Crab, PROPN, null, false, Artefact3, Artefact), 
DEntity(X4, creator, creator, NOUN, the, false, Artist4, Artist), 
DEntity(X3, nationality, nationality, NOUN, the, false, ConceptArtist5, ConceptArtist)],
 dConditions=[
DCondition(X1, subj, X2, propriedades= [qQualifier] --- []), 
DCondition(X5, has_name, Hermit crab, propriedades= [] --- [has_name, has_text, who]), 
DCondition(X4, of, X5, propriedades= [author_of] --- []), 
DCondition(X3, of, X4, propriedades= [conc_of_Artist] --- []), 
DCondition(X1, obj, X3, propriedades= [select] --- []), 
DCondition(X1, has_text, be, propriedades= [] --- [has_name, has_text, who]), 
DCondition(X2, has_text, which, propriedades= [] --- [has_name, has_text, who]), 
DCondition(X5, has_text, Hermit crab, propriedades= [] --- [has_name, has_text, who]), 
DCondition(X4, has_text, creator, propriedades= [] --- [has_name, has_text, who]), 
DCondition(X3, has_text, nationality, propriedades= [] --- [has_name, has_text, who]), 
DCondition(X2, has_name, null list, propriedades= [] --- [has_name, has_text, who]), 
DCondition(X1, obj, X2, propriedades= [qQualifier] --- [])]
 solu��es = []
 numeroFrase = 0
 numHasNames = 2
 numIndividuals = 5
 numEntitiesOk = 10
 numIsClass = 0
 numPropsOk = 5
 numEntitiesNOk = 0
 numClassesOk = 4]"," PREFIX rdf: <http://www.w3.org/1999/02/22-rdf-syntax-ns#> PREFIX xsd: <http://www.w3.org/2001/XMLSchema#> PREFIX rdfs: <http://www.w3.org/2000/01/rdf-schema#> PREFIX cidoc: <http://www.cidoc-crm.org/cidoc-crm/> SELECT  DISTINCT  ?snameConceptArtist5 ?ConceptArtist5 ?snameArtefact3 ?Artefact3 WHERE { {{?Artefact3 cidoc:P131_is_identified_by ?nameArtefact3 . ?nameArtefact3 rdf:value ?snameArtefact3 .}  UNION {?Artefact3 rdfs:label ?snameArtefact3 .}}  filter(regex(?snameArtefact3,""Hermit crab"",""i"")) . ?prod cidoc:P14_carried_out_by ?Artist4 . ?Artefact3 cidoc:P108i_was_produced_by ?prod . ?Artist4 rdfs:label ?snameArtist4 . ?Artist4 cidoc:P107i_is_current_or_former_member_of ?ConceptArtist5. ?ConceptArtist5 rdfs:label ?snameConceptArtist5. }",true
182,Which is the nationality of the creator of Hi-Boy Donut Shop?,,Incorrect Stanza Parsing,null,null
183,"Which is the nationality of the creator of High Cliff, Coast of Maine?"," X1-be-is-null,X2-which-Which-null,X5-Cliff-Cliff-null,X7-Maine-Maine-null,X6-Coast-Coast-null,X4-creator-creator-the,X3-nationality-nationality-the, X1-subj-X2,X5-high-true,X5-has_name-Cliff,X4-rel-X5,X7-has_name-Maine,X6-of-X7,X6-has_name-Coast,X4-of-X6,X3-of-X4,X1-obj-X3, X1-be-is-null,X2-which-Which-null,X5-Cliff-Cliff-null,X7-Maine-Maine-null,X6-Coast-Coast-null,X4-creator-creator-the,X3-nationality-nationality-the, X1-subj-X2,X5-has_name-High,X5-has_name-Cliff,X4-rel-X5,X7-has_name-Maine,X6-of-X7,X6-has_name-Coast,X4-of-X6,X3-of-X4,X1-obj-X3, X1-be-is-null,X2-which-Which-null,X5-High Cliff-High Cliff-null,X7-Maine-Maine-null,X6-Coast-Coast-null,X4-creator-creator-the,X3-nationality-nationality-the, X1-subj-X2,X5-has_name-High Cliff,X4-rel-X5,X7-has_name-Maine,X6-of-X7,X6-has_name-Coast,X4-of-X6,X3-of-X4,X1-obj-X3, X1-be-is-null,X2-which-Which-null,X3-nationality-nationality-the,X5-Cliff-Cliff-null,X7-Maine-Maine-null,X6-Coast-Coast-null,X4-creator-creator-the, X1-subj-X2,X1-obj-X3,X5-high-true,X5-has_name-Cliff,X4-rel-X5,X7-has_name-Maine,X6-of-X7,X6-has_name-Coast,X4-of-X6,X1-obl_of-X4, X1-be-is-null,X2-which-Which-null,X3-nationality-nationality-the,X5-Cliff-Cliff-null,X7-Maine-Maine-null,X6-Coast-Coast-null,X4-creator-creator-the, X1-subj-X2,X1-obj-X3,X5-has_name-High,X5-has_name-Cliff,X4-rel-X5,X7-has_name-Maine,X6-of-X7,X6-has_name-Coast,X4-of-X6,X1-obl_of-X4, X1-be-is-null,X2-which-Which-null,X3-nationality-nationality-the,X5-High Cliff-High Cliff-null,X7-Maine-Maine-null,X6-Coast-Coast-null,X4-creator-creator-the, X1-subj-X2,X1-obj-X3,X5-has_name-High Cliff,X4-rel-X5,X7-has_name-Maine,X6-of-X7,X6-has_name-Coast,X4-of-X6,X1-obl_of-X4, X1-be-is-null,X2-which-Which-null,X3-nationality-nationality-the,X5-Cliff-Cliff-null,X4-creator-creator-the,X7-Maine-Maine-null,X6-Coast-Coast-null, X1-subj-X2,X1-obj-X3,X5-high-true,X5-has_name-Cliff,X4-rel-X5,X1-obl_of-X4,X7-has_name-Maine,X6-of-X7,X6-has_name-Coast,X1-obl_of-X6, X1-be-is-null,X2-which-Which-null,X3-nationality-nationality-the,X5-Cliff-Cliff-null,X4-creator-creator-the,X7-Maine-Maine-null,X6-Coast-Coast-null, X1-subj-X2,X1-obj-X3,X5-has_name-High,X5-has_name-Cliff,X4-rel-X5,X1-obl_of-X4,X7-has_name-Maine,X6-of-X7,X6-has_name-Coast,X1-obl_of-X6, X1-be-is-null,X2-which-Which-null,X3-nationality-nationality-the,X5-High Cliff-High Cliff-null,X4-creator-creator-the,X7-Maine-Maine-null,X6-Coast-Coast-null, X1-subj-X2,X1-obj-X3,X5-has_name-High Cliff,X4-rel-X5,X1-obl_of-X4,X7-has_name-Maine,X6-of-X7,X6-has_name-Coast,X1-obl_of-X6, X1-be-is-null,X2-which-Which-null,X3-nationality-nationality-the,X5-Cliff-Cliff-null,X4-creator-creator-the,X6-Coast-Coast-null,X7-Maine-Maine-null, X1-subj-X2,X1-obj-X3,X5-high-true,X5-has_name-Cliff,X4-rel-X5,X1-obl_of-X4,X6-has_name-Coast,X1-obl_of-X6,X7-has_name-Maine,X1-obl_of-X7, X1-be-is-null,X2-which-Which-null,X3-nationality-nationality-the,X5-Cliff-Cliff-null,X4-creator-creator-the,X6-Coast-Coast-null,X7-Maine-Maine-null, X1-subj-X2,X1-obj-X3,X5-has_name-High,X5-has_name-Cliff,X4-rel-X5,X1-obl_of-X4,X6-has_name-Coast,X1-obl_of-X6,X7-has_name-Maine,X1-obl_of-X7, X1-be-is-null,X2-which-Which-null,X3-nationality-nationality-the,X5-High Cliff-High Cliff-null,X4-creator-creator-the,X6-Coast-Coast-null,X7-Maine-Maine-null, X1-subj-X2,X1-obj-X3,X5-has_name-High Cliff,X4-rel-X5,X1-obl_of-X4,X6-has_name-Coast,X1-obl_of-X6,X7-has_name-Maine,X1-obl_of-X7, X1-be-is-null,X2-which-Which-null,X3-nationality-nationality-the,X5-Cliff-Cliff-null,X6-Coast-Coast-null,X7-Maine-Maine-null,X4-creator-creator-the, X1-subj-X2,X1-obj-X3,X5-high-true,X5-has_name-Cliff,X4-rel-X5,X6-has_name-Coast,X4-of-X6,X7-has_name-Maine,X4-of-X7,X1-obl_of-X4, X1-be-is-null,X2-which-Which-null,X3-nationality-nationality-the,X5-Cliff-Cliff-null,X6-Coast-Coast-null,X7-Maine-Maine-null,X4-creator-creator-the, X1-subj-X2,X1-obj-X3,X5-has_name-High,X5-has_name-Cliff,X4-rel-X5,X6-has_name-Coast,X4-of-X6,X7-has_name-Maine,X4-of-X7,X1-obl_of-X4, X1-be-is-null,X2-which-Which-null,X3-nationality-nationality-the,X5-High Cliff-High Cliff-null,X6-Coast-Coast-null,X7-Maine-Maine-null,X4-creator-creator-the, X1-subj-X2,X1-obj-X3,X5-has_name-High Cliff,X4-rel-X5,X6-has_name-Coast,X4-of-X6,X7-has_name-Maine,X4-of-X7,X1-obl_of-X4, X1-be-is-null,X2-which-Which-null,X5-Cliff-Cliff-null,X4-creator-creator-the,X7-Maine-Maine-null,X6-Coast-Coast-null,X3-nationality-nationality-the, X1-subj-X2,X5-high-true,X5-has_name-Cliff,X4-rel-X5,X3-of-X4,X7-has_name-Maine,X6-of-X7,X6-has_name-Coast,X3-of-X6,X1-obj-X3, X1-be-is-null,X2-which-Which-null,X5-Cliff-Cliff-null,X4-creator-creator-the,X7-Maine-Maine-null,X6-Coast-Coast-null,X3-nationality-nationality-the, X1-subj-X2,X5-has_name-High,X5-has_name-Cliff,X4-rel-X5,X3-of-X4,X7-has_name-Maine,X6-of-X7,X6-has_name-Coast,X3-of-X6,X1-obj-X3, X1-be-is-null,X2-which-Which-null,X5-High Cliff-High Cliff-null,X4-creator-creator-the,X7-Maine-Maine-null,X6-Coast-Coast-null,X3-nationality-nationality-the, X1-subj-X2,X5-has_name-High Cliff,X4-rel-X5,X3-of-X4,X7-has_name-Maine,X6-of-X7,X6-has_name-Coast,X3-of-X6,X1-obj-X3, X1-be-is-null,X2-which-Which-null,X5-Maine-Maine-null,X4-Coast-Coast-null,X3-nationality-nationality-the,X7-Cliff-Cliff-null,X6-creator-creator-the, X1-subj-X2,X5-has_name-Maine,X4-of-X5,X4-has_name-Coast,X3-of-X4,X1-obj-X3,X7-high-true,X7-has_name-Cliff,X6-rel-X7,X1-obl_of-X6, X1-be-is-null,X2-which-Which-null,X5-Maine-Maine-null,X4-Coast-Coast-null,X3-nationality-nationality-the,X7-Cliff-Cliff-null,X6-creator-creator-the, X1-subj-X2,X5-has_name-Maine,X4-of-X5,X4-has_name-Coast,X3-of-X4,X1-obj-X3,X7-has_name-High,X7-has_name-Cliff,X6-rel-X7,X1-obl_of-X6, X1-be-is-null,X2-which-Which-null,X5-Maine-Maine-null,X4-Coast-Coast-null,X3-nationality-nationality-the,X7-High Cliff-High Cliff-null,X6-creator-creator-the, X1-subj-X2,X5-has_name-Maine,X4-of-X5,X4-has_name-Coast,X3-of-X4,X1-obj-X3,X7-has_name-High Cliff,X6-rel-X7,X1-obl_of-X6, X1-be-is-null,X2-which-Which-null,X5-Cliff-Cliff-null,X4-creator-creator-the,X3-nationality-nationality-the,X7-Maine-Maine-null,X6-Coast-Coast-null, X1-subj-X2,X5-high-true,X5-has_name-Cliff,X4-rel-X5,X3-of-X4,X1-obj-X3,X7-has_name-Maine,X6-of-X7,X6-has_name-Coast,X1-obl_of-X6, X1-be-is-null,X2-which-Which-null,X5-Cliff-Cliff-null,X4-creator-creator-the,X3-nationality-nationality-the,X7-Maine-Maine-null,X6-Coast-Coast-null, X1-subj-X2,X5-has_name-High,X5-has_name-Cliff,X4-rel-X5,X3-of-X4,X1-obj-X3,X7-has_name-Maine,X6-of-X7,X6-has_name-Coast,X1-obl_of-X6, X1-be-is-null,X2-which-Which-null,X5-High Cliff-High Cliff-null,X4-creator-creator-the,X3-nationality-nationality-the,X7-Maine-Maine-null,X6-Coast-Coast-null, X1-subj-X2,X5-has_name-High Cliff,X4-rel-X5,X3-of-X4,X1-obj-X3,X7-has_name-Maine,X6-of-X7,X6-has_name-Coast,X1-obl_of-X6, X1-be-is-null,X2-which-Which-null,X5-Cliff-Cliff-null,X4-creator-creator-the,X6-Coast-Coast-null,X7-Maine-Maine-null,X3-nationality-nationality-the, X1-subj-X2,X5-high-true,X5-has_name-Cliff,X4-rel-X5,X3-of-X4,X6-has_name-Coast,X3-of-X6,X7-has_name-Maine,X3-of-X7,X1-obj-X3, X1-be-is-null,X2-which-Which-null,X5-Cliff-Cliff-null,X4-creator-creator-the,X6-Coast-Coast-null,X7-Maine-Maine-null,X3-nationality-nationality-the, X1-subj-X2,X5-has_name-High,X5-has_name-Cliff,X4-rel-X5,X3-of-X4,X6-has_name-Coast,X3-of-X6,X7-has_name-Maine,X3-of-X7,X1-obj-X3, X1-be-is-null,X2-which-Which-null,X5-High Cliff-High Cliff-null,X4-creator-creator-the,X6-Coast-Coast-null,X7-Maine-Maine-null,X3-nationality-nationality-the, X1-subj-X2,X5-has_name-High Cliff,X4-rel-X5,X3-of-X4,X6-has_name-Coast,X3-of-X6,X7-has_name-Maine,X3-of-X7,X1-obj-X3, X1-be-is-null,X2-which-Which-null,X5-Cliff-Cliff-null,X6-Coast-Coast-null,X7-Maine-Maine-null,X4-creator-creator-the,X3-nationality-nationality-the, X1-subj-X2,X5-high-true,X5-has_name-Cliff,X4-rel-X5,X6-has_name-Coast,X4-of-X6,X7-has_name-Maine,X4-of-X7,X3-of-X4,X1-obj-X3, X1-be-is-null,X2-which-Which-null,X5-Cliff-Cliff-null,X6-Coast-Coast-null,X7-Maine-Maine-null,X4-creator-creator-the,X3-nationality-nationality-the, X1-subj-X2,X5-has_name-High,X5-has_name-Cliff,X4-rel-X5,X6-has_name-Coast,X4-of-X6,X7-has_name-Maine,X4-of-X7,X3-of-X4,X1-obj-X3, X1-be-is-null,X2-which-Which-null,X5-High Cliff-High Cliff-null,X6-Coast-Coast-null,X7-Maine-Maine-null,X4-creator-creator-the,X3-nationality-nationality-the, X1-subj-X2,X5-has_name-High Cliff,X4-rel-X5,X6-has_name-Coast,X4-of-X6,X7-has_name-Maine,X4-of-X7,X3-of-X4,X1-obj-X3,",Incorrect partial DRS,null,null
184,Which is the nationality of the creator of High Summer?," X1-be-is-null,X2-which-Which-null,X5-summer-Summer-null,X4-creator-creator-the,X3-nationality-nationality-the, X1-subj-X2,X5-high-true,X4-of-X5,X3-of-X4,X1-obj-X3, X1-be-is-null,X2-which-Which-null,X5-summer-Summer-null,X4-creator-creator-the,X3-nationality-nationality-the, X1-subj-X2,X5-has_name-High,X4-of-X5,X3-of-X4,X1-obj-X3, X1-be-is-null,X2-which-Which-null,X5-High Summer-High Summer-null,X4-creator-creator-the,X3-nationality-nationality-the, X1-subj-X2,X4-of-X5,X3-of-X4,X1-obj-X3, X1-be-is-null,X2-which-Which-null,X3-nationality-nationality-the,X5-summer-Summer-null,X4-creator-creator-the, X1-subj-X2,X1-obj-X3,X5-high-true,X4-of-X5,X1-obl_of-X4, X1-be-is-null,X2-which-Which-null,X3-nationality-nationality-the,X5-summer-Summer-null,X4-creator-creator-the, X1-subj-X2,X1-obj-X3,X5-has_name-High,X4-of-X5,X1-obl_of-X4, X1-be-is-null,X2-which-Which-null,X3-nationality-nationality-the,X5-High Summer-High Summer-null,X4-creator-creator-the, X1-subj-X2,X1-obj-X3,X4-of-X5,X1-obl_of-X4, X1-be-is-null,X2-which-Which-null,X3-nationality-nationality-the,X4-creator-creator-the,X5-summer-Summer-null, X1-subj-X2,X1-obj-X3,X1-obl_of-X4,X5-high-true,X1-obl_of-X5, X1-be-is-null,X2-which-Which-null,X3-nationality-nationality-the,X4-creator-creator-the,X5-summer-Summer-null, X1-subj-X2,X1-obj-X3,X1-obl_of-X4,X5-has_name-High,X1-obl_of-X5, X1-be-is-null,X2-which-Which-null,X3-nationality-nationality-the,X4-creator-creator-the,X5-High Summer-High Summer-null, X1-subj-X2,X1-obj-X3,X1-obl_of-X4,X1-obl_of-X5, X1-be-is-null,X2-which-Which-null,X4-creator-creator-the,X5-summer-Summer-null,X3-nationality-nationality-the, X1-subj-X2,X3-of-X4,X5-high-true,X3-of-X5,X1-obj-X3, X1-be-is-null,X2-which-Which-null,X4-creator-creator-the,X5-summer-Summer-null,X3-nationality-nationality-the, X1-subj-X2,X3-of-X4,X5-has_name-High,X3-of-X5,X1-obj-X3, X1-be-is-null,X2-which-Which-null,X4-creator-creator-the,X5-High Summer-High Summer-null,X3-nationality-nationality-the, X1-subj-X2,X3-of-X4,X3-of-X5,X1-obj-X3, X1-be-is-null,X2-which-Which-null,X4-summer-Summer-null,X3-nationality-nationality-the,X5-creator-creator-the, X1-subj-X2,X4-high-true,X3-of-X4,X1-obj-X3,X1-obl_of-X5, X1-be-is-null,X2-which-Which-null,X4-summer-Summer-null,X3-nationality-nationality-the,X5-creator-creator-the, X1-subj-X2,X4-has_name-High,X3-of-X4,X1-obj-X3,X1-obl_of-X5, X1-be-is-null,X2-which-Which-null,X4-High Summer-High Summer-null,X3-nationality-nationality-the,X5-creator-creator-the, X1-subj-X2,X3-of-X4,X1-obj-X3,X1-obl_of-X5, X1-be-is-null,X2-which-Which-null,X4-creator-creator-the,X3-nationality-nationality-the,X5-summer-Summer-null, X1-subj-X2,X3-of-X4,X1-obj-X3,X5-high-true,X1-obl_of-X5, X1-be-is-null,X2-which-Which-null,X4-creator-creator-the,X3-nationality-nationality-the,X5-summer-Summer-null, X1-subj-X2,X3-of-X4,X1-obj-X3,X5-has_name-High,X1-obl_of-X5, X1-be-is-null,X2-which-Which-null,X4-creator-creator-the,X3-nationality-nationality-the,X5-High Summer-High Summer-null, X1-subj-X2,X3-of-X4,X1-obj-X3,X1-obl_of-X5,",Incorrect partial DRS,null,null
185,Which is the nationality of the creator of Hole in One?," X1-be-is-null,X2-which-Which-null,X6-one-One-null,X5-Hole-Hole-null,X4-creator-creator-the,X3-nationality-nationality-the, X1-subj-X2,X5-in-X6,X5-has_name-Hole,X4-of-X5,X3-of-X4,X1-obj-X3, X1-be-is-null,X2-which-Which-null,X3-nationality-nationality-the,X6-one-One-null,X5-Hole-Hole-null,X4-creator-creator-the, X1-subj-X2,X1-obj-X3,X5-in-X6,X5-has_name-Hole,X4-of-X5,X1-obl_of-X4, X1-be-is-null,X2-which-Which-null,X3-nationality-nationality-the,X4-creator-creator-the,X6-one-One-null,X5-Hole-Hole-null, X1-subj-X2,X1-obj-X3,X1-obl_of-X4,X5-in-X6,X5-has_name-Hole,X1-obl_of-X5, X1-be-is-null,X2-which-Which-null,X3-nationality-nationality-the,X4-creator-creator-the,X5-Hole-Hole-null,X6-one-One-null, X1-subj-X2,X1-obj-X3,X1-obl_of-X4,X5-has_name-Hole,X1-obl_of-X5,X1-obl_in-X6, X1-be-is-null,X2-which-Which-null,X3-nationality-nationality-the,X5-Hole-Hole-null,X6-one-One-null,X4-creator-creator-the, X1-subj-X2,X1-obj-X3,X5-has_name-Hole,X4-of-X5,X4-in-X6,X1-obl_of-X4, X1-be-is-null,X2-which-Which-null,X4-creator-creator-the,X6-one-One-null,X5-Hole-Hole-null,X3-nationality-nationality-the, X1-subj-X2,X3-of-X4,X5-in-X6,X5-has_name-Hole,X3-of-X5,X1-obj-X3, X1-be-is-null,X2-which-Which-null,X5-one-One-null,X4-Hole-Hole-null,X3-nationality-nationality-the,X6-creator-creator-the, X1-subj-X2,X4-in-X5,X4-has_name-Hole,X3-of-X4,X1-obj-X3,X1-obl_of-X6, X1-be-is-null,X2-which-Which-null,X4-creator-creator-the,X3-nationality-nationality-the,X6-one-One-null,X5-Hole-Hole-null, X1-subj-X2,X3-of-X4,X1-obj-X3,X5-in-X6,X5-has_name-Hole,X1-obl_of-X5, X1-be-is-null,X2-which-Which-null,X4-creator-creator-the,X5-Hole-Hole-null,X6-one-One-null,X3-nationality-nationality-the, X1-subj-X2,X3-of-X4,X5-has_name-Hole,X3-of-X5,X3-in-X6,X1-obj-X3, X1-be-is-null,X2-which-Which-null,X5-Hole-Hole-null,X6-one-One-null,X4-creator-creator-the,X3-nationality-nationality-the, X1-subj-X2,X5-has_name-Hole,X4-of-X5,X4-in-X6,X3-of-X4,X1-obj-X3,",Incorrect partial DRS,null,null
186,"Which is the nationality of the creator of Horeb, Egypt?"," X1-be-is-null,X2-which-Which-null,X5-Horeb-Horeb-null,X4-creator-creator-the,X3-nationality-nationality-the, X1-subj-X2,X5-has_name-Egypt,X5-has_name-Horeb,X4-of-X5,X3-of-X4,X1-obj-X3, X1-be-is-null,X2-which-Which-null,X3-nationality-nationality-the,X5-Horeb-Horeb-null,X4-creator-creator-the, X1-subj-X2,X1-obj-X3,X5-has_name-Egypt,X5-has_name-Horeb,X4-of-X5,X1-obl_of-X4, X1-be-is-null,X2-which-Which-null,X3-nationality-nationality-the,X4-creator-creator-the,X5-Horeb-Horeb-null, X1-subj-X2,X1-obj-X3,X1-obl_of-X4,X5-has_name-Egypt,X5-has_name-Horeb,X1-obl_of-X5, X1-be-is-null,X2-which-Which-null,X4-creator-creator-the,X5-Horeb-Horeb-null,X3-nationality-nationality-the, X1-subj-X2,X3-of-X4,X5-has_name-Egypt,X5-has_name-Horeb,X3-of-X5,X1-obj-X3, X1-be-is-null,X2-which-Which-null,X4-Horeb-Horeb-null,X3-nationality-nationality-the,X5-creator-creator-the, X1-subj-X2,X4-has_name-Egypt,X4-has_name-Horeb,X3-of-X4,X1-obj-X3,X1-obl_of-X5, X1-be-is-null,X2-which-Which-null,X4-creator-creator-the,X3-nationality-nationality-the,X5-Horeb-Horeb-null, X1-subj-X2,X3-of-X4,X1-obj-X3,X5-has_name-Egypt,X5-has_name-Horeb,X1-obl_of-X5, X1-be-is-null,X2-which-Which-null,X6-Egypt-Egypt-null,X5-Horeb-Horeb-null,X4-creator-creator-the,X3-nationality-nationality-the, X1-subj-X2,X6-has_name-Egypt,X5-rel-X6,X5-has_name-Horeb,X4-of-X5,X3-of-X4,X1-obj-X3, X1-be-is-null,X2-which-Which-null,X3-nationality-nationality-the,X6-Egypt-Egypt-null,X5-Horeb-Horeb-null,X4-creator-creator-the, X1-subj-X2,X1-obj-X3,X6-has_name-Egypt,X5-rel-X6,X5-has_name-Horeb,X4-of-X5,X1-obl_of-X4, X1-be-is-null,X2-which-Which-null,X3-nationality-nationality-the,X4-creator-creator-the,X6-Egypt-Egypt-null,X5-Horeb-Horeb-null, X1-subj-X2,X1-obj-X3,X1-obl_of-X4,X6-has_name-Egypt,X5-rel-X6,X5-has_name-Horeb,X1-obl_of-X5, X1-be-is-null,X2-which-Which-null,X4-creator-creator-the,X6-Egypt-Egypt-null,X5-Horeb-Horeb-null,X3-nationality-nationality-the, X1-subj-X2,X3-of-X4,X6-has_name-Egypt,X5-rel-X6,X5-has_name-Horeb,X3-of-X5,X1-obj-X3, X1-be-is-null,X2-which-Which-null,X5-Egypt-Egypt-null,X4-Horeb-Horeb-null,X3-nationality-nationality-the,X6-creator-creator-the, X1-subj-X2,X5-has_name-Egypt,X4-rel-X5,X4-has_name-Horeb,X3-of-X4,X1-obj-X3,X1-obl_of-X6, X1-be-is-null,X2-which-Which-null,X4-creator-creator-the,X3-nationality-nationality-the,X6-Egypt-Egypt-null,X5-Horeb-Horeb-null, X1-subj-X2,X3-of-X4,X1-obj-X3,X6-has_name-Egypt,X5-rel-X6,X5-has_name-Horeb,X1-obl_of-X5,",Incorrect partial DRS,null,null
187,Which is the nationality of the creator of Hudson Bridge?," X1-be-is-null,X2-which-Which-null,X5-Hudson Bridge-Hudson Bridge-null,X4-creator-creator-the,X3-nationality-nationality-the, X1-subj-X2,X5-has_name-Hudson Bridge,X4-of-X5,X3-of-X4,X1-obj-X3, X1-be-is-null,X2-which-Which-null,X3-nationality-nationality-the,X5-Hudson Bridge-Hudson Bridge-null,X4-creator-creator-the, X1-subj-X2,X1-obj-X3,X5-has_name-Hudson Bridge,X4-of-X5,X1-obl_of-X4, X1-be-is-null,X2-which-Which-null,X3-nationality-nationality-the,X4-creator-creator-the,X5-Hudson Bridge-Hudson Bridge-null, X1-subj-X2,X1-obj-X3,X1-obl_of-X4,X5-has_name-Hudson Bridge,X1-obl_of-X5, X1-be-is-null,X2-which-Which-null,X4-creator-creator-the,X5-Hudson Bridge-Hudson Bridge-null,X3-nationality-nationality-the, X1-subj-X2,X3-of-X4,X5-has_name-Hudson Bridge,X3-of-X5,X1-obj-X3, X1-be-is-null,X2-which-Which-null,X4-Hudson Bridge-Hudson Bridge-null,X3-nationality-nationality-the,X5-creator-creator-the, X1-subj-X2,X4-has_name-Hudson Bridge,X3-of-X4,X1-obj-X3,X1-obl_of-X5, X1-be-is-null,X2-which-Which-null,X4-creator-creator-the,X3-nationality-nationality-the,X5-Hudson Bridge-Hudson Bridge-null, X1-subj-X2,X3-of-X4,X1-obj-X3,X5-has_name-Hudson Bridge,X1-obl_of-X5,","Drs [
 tokens=[],
 dEntities=[
DEntity(X1, be, is, VERB, null, false, Query1, Query), 
DEntity(X2, which, Which, PRON, null, false, Qualifier2, Qualifier), 
DEntity(X5, Hudson Bridge, Hudson Bridge, PROPN, null, false, Artefact3, Artefact), 
DEntity(X4, creator, creator, NOUN, the, false, Artist4, Artist), 
DEntity(X3, nationality, nationality, NOUN, the, false, ConceptArtist5, ConceptArtist)],
 dConditions=[
DCondition(X1, subj, X2, propriedades= [qQualifier] --- []), 
DCondition(X5, has_name, Hudson Bridge, propriedades= [] --- [has_name, has_text, who]), 
DCondition(X4, of, X5, propriedades= [author_of] --- []), 
DCondition(X3, of, X4, propriedades= [conc_of_Artist] --- []), 
DCondition(X1, obj, X3, propriedades= [select] --- []), 
DCondition(X1, has_text, be, propriedades= [] --- [has_name, has_text, who]), 
DCondition(X2, has_text, which, propriedades= [] --- [has_name, has_text, who]), 
DCondition(X5, has_text, Hudson Bridge, propriedades= [] --- [has_name, has_text, who]), 
DCondition(X4, has_text, creator, propriedades= [] --- [has_name, has_text, who]), 
DCondition(X3, has_text, nationality, propriedades= [] --- [has_name, has_text, who]), 
DCondition(X2, has_name, null list, propriedades= [] --- [has_name, has_text, who]), 
DCondition(X1, obj, X2, propriedades= [qQualifier] --- [])]
 solu��es = []
 numeroFrase = 0
 numHasNames = 2
 numIndividuals = 5
 numEntitiesOk = 10
 numIsClass = 0
 numPropsOk = 5
 numEntitiesNOk = 0
 numClassesOk = 4]"," PREFIX rdf: <http://www.w3.org/1999/02/22-rdf-syntax-ns#> PREFIX xsd: <http://www.w3.org/2001/XMLSchema#> PREFIX rdfs: <http://www.w3.org/2000/01/rdf-schema#> PREFIX cidoc: <http://www.cidoc-crm.org/cidoc-crm/> SELECT  DISTINCT  ?snameConceptArtist5 ?ConceptArtist5 ?snameArtefact3 ?Artefact3 WHERE { {{?Artefact3 cidoc:P131_is_identified_by ?nameArtefact3 . ?nameArtefact3 rdf:value ?snameArtefact3 .}  UNION {?Artefact3 rdfs:label ?snameArtefact3 .}}  filter(regex(?snameArtefact3,""Hudson Bridge"",""i"")) . ?prod cidoc:P14_carried_out_by ?Artist4 . ?Artefact3 cidoc:P108i_was_produced_by ?prod . ?Artist4 rdfs:label ?snameArtist4 . ?Artist4 cidoc:P107i_is_current_or_former_member_of ?ConceptArtist5. ?ConceptArtist5 rdfs:label ?snameConceptArtist5. }",true
188,Which is the nationality of the creator of Hughy Reaching for Food?,,Incorrect Stanza Parsing,null,null
189,Which is the nationality of the creator of Hypnotic: GOOD SWEET WOMAN?," X1-be-is-null,X2-which-Which-null,X5-Hypnotic-Hypnotic-null,X4-creator-creator-the,X6-woman-WOMAN-null,X3-nationality-nationality-the, X1-subj-X2,X5-has_name-Hypnotic,X4-of-X5,X3-of-X4,X6-good-true,X6-sweet-true,X3-rel-X6,X1-obj-X3, X1-be-is-null,X2-which-Which-null,X5-Hypnotic-Hypnotic-null,X4-creator-creator-the,X6-woman-WOMAN-null,X3-nationality-nationality-the, X1-subj-X2,X5-has_name-Hypnotic,X4-of-X5,X3-of-X4,X6-good-true,X6-has_name-SWEET,X3-rel-X6,X1-obj-X3, X1-be-is-null,X2-which-Which-null,X5-Hypnotic-Hypnotic-null,X4-creator-creator-the,X6-SWEET WOMAN-SWEET WOMAN-null,X3-nationality-nationality-the, X1-subj-X2,X5-has_name-Hypnotic,X4-of-X5,X3-of-X4,X6-good-true,X3-rel-X6,X1-obj-X3, X1-be-is-null,X2-which-Which-null,X5-Hypnotic-Hypnotic-null,X4-creator-creator-the,X6-woman-WOMAN-null,X3-nationality-nationality-the, X1-subj-X2,X5-has_name-Hypnotic,X4-of-X5,X3-of-X4,X6-has_name-GOOD,X6-sweet-true,X3-rel-X6,X1-obj-X3, X1-be-is-null,X2-which-Which-null,X5-Hypnotic-Hypnotic-null,X4-creator-creator-the,X6-woman-WOMAN-null,X3-nationality-nationality-the, X1-subj-X2,X5-has_name-Hypnotic,X4-of-X5,X3-of-X4,X6-has_name-GOOD,X6-has_name-SWEET,X3-rel-X6,X1-obj-X3, X1-be-is-null,X2-which-Which-null,X5-Hypnotic-Hypnotic-null,X4-creator-creator-the,X6-SWEET WOMAN-SWEET WOMAN-null,X3-nationality-nationality-the, X1-subj-X2,X5-has_name-Hypnotic,X4-of-X5,X3-of-X4,X6-has_name-GOOD,X3-rel-X6,X1-obj-X3, X1-be-is-null,X2-which-Which-null,X4-woman-WOMAN-null,X3-nationality-nationality-the,X6-Hypnotic-Hypnotic-null,X5-creator-creator-the, X1-subj-X2,X4-good-true,X4-sweet-true,X3-rel-X4,X1-obj-X3,X6-has_name-Hypnotic,X5-of-X6,X1-obl_of-X5, X1-be-is-null,X2-which-Which-null,X4-woman-WOMAN-null,X3-nationality-nationality-the,X6-Hypnotic-Hypnotic-null,X5-creator-creator-the, X1-subj-X2,X4-good-true,X4-has_name-SWEET,X3-rel-X4,X1-obj-X3,X6-has_name-Hypnotic,X5-of-X6,X1-obl_of-X5, X1-be-is-null,X2-which-Which-null,X4-SWEET WOMAN-SWEET WOMAN-null,X3-nationality-nationality-the,X6-Hypnotic-Hypnotic-null,X5-creator-creator-the, X1-subj-X2,X4-good-true,X3-rel-X4,X1-obj-X3,X6-has_name-Hypnotic,X5-of-X6,X1-obl_of-X5, X1-be-is-null,X2-which-Which-null,X4-woman-WOMAN-null,X3-nationality-nationality-the,X6-Hypnotic-Hypnotic-null,X5-creator-creator-the, X1-subj-X2,X4-has_name-GOOD,X4-sweet-true,X3-rel-X4,X1-obj-X3,X6-has_name-Hypnotic,X5-of-X6,X1-obl_of-X5, X1-be-is-null,X2-which-Which-null,X4-woman-WOMAN-null,X3-nationality-nationality-the,X6-Hypnotic-Hypnotic-null,X5-creator-creator-the, X1-subj-X2,X4-has_name-GOOD,X4-has_name-SWEET,X3-rel-X4,X1-obj-X3,X6-has_name-Hypnotic,X5-of-X6,X1-obl_of-X5, X1-be-is-null,X2-which-Which-null,X4-SWEET WOMAN-SWEET WOMAN-null,X3-nationality-nationality-the,X6-Hypnotic-Hypnotic-null,X5-creator-creator-the, X1-subj-X2,X4-has_name-GOOD,X3-rel-X4,X1-obj-X3,X6-has_name-Hypnotic,X5-of-X6,X1-obl_of-X5, X1-be-is-null,X2-which-Which-null,X4-woman-WOMAN-null,X3-nationality-nationality-the,X5-creator-creator-the,X6-Hypnotic-Hypnotic-null, X1-subj-X2,X4-good-true,X4-sweet-true,X3-rel-X4,X1-obj-X3,X1-obl_of-X5,X6-has_name-Hypnotic,X1-obl_of-X6, X1-be-is-null,X2-which-Which-null,X4-woman-WOMAN-null,X3-nationality-nationality-the,X5-creator-creator-the,X6-Hypnotic-Hypnotic-null, X1-subj-X2,X4-good-true,X4-has_name-SWEET,X3-rel-X4,X1-obj-X3,X1-obl_of-X5,X6-has_name-Hypnotic,X1-obl_of-X6, X1-be-is-null,X2-which-Which-null,X4-SWEET WOMAN-SWEET WOMAN-null,X3-nationality-nationality-the,X5-creator-creator-the,X6-Hypnotic-Hypnotic-null, X1-subj-X2,X4-good-true,X3-rel-X4,X1-obj-X3,X1-obl_of-X5,X6-has_name-Hypnotic,X1-obl_of-X6, X1-be-is-null,X2-which-Which-null,X4-woman-WOMAN-null,X3-nationality-nationality-the,X5-creator-creator-the,X6-Hypnotic-Hypnotic-null, X1-subj-X2,X4-has_name-GOOD,X4-sweet-true,X3-rel-X4,X1-obj-X3,X1-obl_of-X5,X6-has_name-Hypnotic,X1-obl_of-X6, X1-be-is-null,X2-which-Which-null,X4-woman-WOMAN-null,X3-nationality-nationality-the,X5-creator-creator-the,X6-Hypnotic-Hypnotic-null, X1-subj-X2,X4-has_name-GOOD,X4-has_name-SWEET,X3-rel-X4,X1-obj-X3,X1-obl_of-X5,X6-has_name-Hypnotic,X1-obl_of-X6, X1-be-is-null,X2-which-Which-null,X4-SWEET WOMAN-SWEET WOMAN-null,X3-nationality-nationality-the,X5-creator-creator-the,X6-Hypnotic-Hypnotic-null, X1-subj-X2,X4-has_name-GOOD,X3-rel-X4,X1-obj-X3,X1-obl_of-X5,X6-has_name-Hypnotic,X1-obl_of-X6, X1-be-is-null,X2-which-Which-null,X4-creator-creator-the,X5-Hypnotic-Hypnotic-null,X6-woman-WOMAN-null,X3-nationality-nationality-the, X1-subj-X2,X3-of-X4,X5-has_name-Hypnotic,X3-of-X5,X6-good-true,X6-sweet-true,X3-rel-X6,X1-obj-X3, X1-be-is-null,X2-which-Which-null,X4-creator-creator-the,X5-Hypnotic-Hypnotic-null,X6-woman-WOMAN-null,X3-nationality-nationality-the, X1-subj-X2,X3-of-X4,X5-has_name-Hypnotic,X3-of-X5,X6-good-true,X6-has_name-SWEET,X3-rel-X6,X1-obj-X3, X1-be-is-null,X2-which-Which-null,X4-creator-creator-the,X5-Hypnotic-Hypnotic-null,X6-SWEET WOMAN-SWEET WOMAN-null,X3-nationality-nationality-the, X1-subj-X2,X3-of-X4,X5-has_name-Hypnotic,X3-of-X5,X6-good-true,X3-rel-X6,X1-obj-X3, X1-be-is-null,X2-which-Which-null,X4-creator-creator-the,X5-Hypnotic-Hypnotic-null,X6-woman-WOMAN-null,X3-nationality-nationality-the, X1-subj-X2,X3-of-X4,X5-has_name-Hypnotic,X3-of-X5,X6-has_name-GOOD,X6-sweet-true,X3-rel-X6,X1-obj-X3, X1-be-is-null,X2-which-Which-null,X4-creator-creator-the,X5-Hypnotic-Hypnotic-null,X6-woman-WOMAN-null,X3-nationality-nationality-the, X1-subj-X2,X3-of-X4,X5-has_name-Hypnotic,X3-of-X5,X6-has_name-GOOD,X6-has_name-SWEET,X3-rel-X6,X1-obj-X3, X1-be-is-null,X2-which-Which-null,X4-creator-creator-the,X5-Hypnotic-Hypnotic-null,X6-SWEET WOMAN-SWEET WOMAN-null,X3-nationality-nationality-the, X1-subj-X2,X3-of-X4,X5-has_name-Hypnotic,X3-of-X5,X6-has_name-GOOD,X3-rel-X6,X1-obj-X3, X1-be-is-null,X2-which-Which-null,X4-Hypnotic-Hypnotic-null,X5-woman-WOMAN-null,X3-nationality-nationality-the,X6-creator-creator-the, X1-subj-X2,X4-has_name-Hypnotic,X3-of-X4,X5-good-true,X5-sweet-true,X3-rel-X5,X1-obj-X3,X1-obl_of-X6, X1-be-is-null,X2-which-Which-null,X4-Hypnotic-Hypnotic-null,X5-woman-WOMAN-null,X3-nationality-nationality-the,X6-creator-creator-the, X1-subj-X2,X4-has_name-Hypnotic,X3-of-X4,X5-good-true,X5-has_name-SWEET,X3-rel-X5,X1-obj-X3,X1-obl_of-X6, X1-be-is-null,X2-which-Which-null,X4-Hypnotic-Hypnotic-null,X5-SWEET WOMAN-SWEET WOMAN-null,X3-nationality-nationality-the,X6-creator-creator-the, X1-subj-X2,X4-has_name-Hypnotic,X3-of-X4,X5-good-true,X3-rel-X5,X1-obj-X3,X1-obl_of-X6, X1-be-is-null,X2-which-Which-null,X4-Hypnotic-Hypnotic-null,X5-woman-WOMAN-null,X3-nationality-nationality-the,X6-creator-creator-the, X1-subj-X2,X4-has_name-Hypnotic,X3-of-X4,X5-has_name-GOOD,X5-sweet-true,X3-rel-X5,X1-obj-X3,X1-obl_of-X6, X1-be-is-null,X2-which-Which-null,X4-Hypnotic-Hypnotic-null,X5-woman-WOMAN-null,X3-nationality-nationality-the,X6-creator-creator-the, X1-subj-X2,X4-has_name-Hypnotic,X3-of-X4,X5-has_name-GOOD,X5-has_name-SWEET,X3-rel-X5,X1-obj-X3,X1-obl_of-X6, X1-be-is-null,X2-which-Which-null,X4-Hypnotic-Hypnotic-null,X5-SWEET WOMAN-SWEET WOMAN-null,X3-nationality-nationality-the,X6-creator-creator-the, X1-subj-X2,X4-has_name-Hypnotic,X3-of-X4,X5-has_name-GOOD,X3-rel-X5,X1-obj-X3,X1-obl_of-X6, X1-be-is-null,X2-which-Which-null,X4-creator-creator-the,X5-woman-WOMAN-null,X3-nationality-nationality-the,X6-Hypnotic-Hypnotic-null, X1-subj-X2,X3-of-X4,X5-good-true,X5-sweet-true,X3-rel-X5,X1-obj-X3,X6-has_name-Hypnotic,X1-obl_of-X6, X1-be-is-null,X2-which-Which-null,X4-creator-creator-the,X5-woman-WOMAN-null,X3-nationality-nationality-the,X6-Hypnotic-Hypnotic-null, X1-subj-X2,X3-of-X4,X5-good-true,X5-has_name-SWEET,X3-rel-X5,X1-obj-X3,X6-has_name-Hypnotic,X1-obl_of-X6, X1-be-is-null,X2-which-Which-null,X4-creator-creator-the,X5-SWEET WOMAN-SWEET WOMAN-null,X3-nationality-nationality-the,X6-Hypnotic-Hypnotic-null, X1-subj-X2,X3-of-X4,X5-good-true,X3-rel-X5,X1-obj-X3,X6-has_name-Hypnotic,X1-obl_of-X6, X1-be-is-null,X2-which-Which-null,X4-creator-creator-the,X5-woman-WOMAN-null,X3-nationality-nationality-the,X6-Hypnotic-Hypnotic-null, X1-subj-X2,X3-of-X4,X5-has_name-GOOD,X5-sweet-true,X3-rel-X5,X1-obj-X3,X6-has_name-Hypnotic,X1-obl_of-X6, X1-be-is-null,X2-which-Which-null,X4-creator-creator-the,X5-woman-WOMAN-null,X3-nationality-nationality-the,X6-Hypnotic-Hypnotic-null, X1-subj-X2,X3-of-X4,X5-has_name-GOOD,X5-has_name-SWEET,X3-rel-X5,X1-obj-X3,X6-has_name-Hypnotic,X1-obl_of-X6, X1-be-is-null,X2-which-Which-null,X4-creator-creator-the,X5-SWEET WOMAN-SWEET WOMAN-null,X3-nationality-nationality-the,X6-Hypnotic-Hypnotic-null, X1-subj-X2,X3-of-X4,X5-has_name-GOOD,X3-rel-X5,X1-obj-X3,X6-has_name-Hypnotic,X1-obl_of-X6,",Incorrect partial DRS,null,null
190,Which is the nationality of the creator of Impediment?," X1-be-is-null,X2-which-Which-null,X5-impediment-Impediment-null,X4-creator-creator-the,X3-nationality-nationality-the, X1-subj-X2,X4-of-X5,X3-of-X4,X1-obj-X3, X1-be-is-null,X2-which-Which-null,X3-nationality-nationality-the,X5-impediment-Impediment-null,X4-creator-creator-the, X1-subj-X2,X1-obj-X3,X4-of-X5,X1-obl_of-X4, X1-be-is-null,X2-which-Which-null,X3-nationality-nationality-the,X4-creator-creator-the,X5-impediment-Impediment-null, X1-subj-X2,X1-obj-X3,X1-obl_of-X4,X1-obl_of-X5, X1-be-is-null,X2-which-Which-null,X4-creator-creator-the,X5-impediment-Impediment-null,X3-nationality-nationality-the, X1-subj-X2,X3-of-X4,X3-of-X5,X1-obj-X3, X1-be-is-null,X2-which-Which-null,X4-impediment-Impediment-null,X3-nationality-nationality-the,X5-creator-creator-the, X1-subj-X2,X3-of-X4,X1-obj-X3,X1-obl_of-X5, X1-be-is-null,X2-which-Which-null,X4-creator-creator-the,X3-nationality-nationality-the,X5-impediment-Impediment-null, X1-subj-X2,X3-of-X4,X1-obj-X3,X1-obl_of-X5,","Drs [
 tokens=[],
 dEntities=[
DEntity(X1, be, is, VERB, null, false, Query1, Query), 
DEntity(X2, which, Which, PRON, null, false, Qualifier2, Qualifier), 
DEntity(X5, impediment, Impediment, NOUN, null, false, Artefact3, Artefact), 
DEntity(X4, creator, creator, NOUN, the, false, Artist4, Artist), 
DEntity(X3, nationality, nationality, NOUN, the, false, ConceptArtist5, ConceptArtist)],
 dConditions=[
DCondition(X1, subj, X2, propriedades= [qQualifier] --- []), 
DCondition(X4, of, X5, propriedades= [author_of] --- []), 
DCondition(X3, of, X4, propriedades= [conc_of_Artist] --- []), 
DCondition(X1, obj, X3, propriedades= [select] --- []), 
DCondition(X1, has_text, be, propriedades= [] --- [has_name, has_text, who]), 
DCondition(X2, has_text, which, propriedades= [] --- [has_name, has_text, who]), 
DCondition(X5, has_text, impediment, propriedades= [] --- [has_name, has_text, who]), 
DCondition(X4, has_text, creator, propriedades= [] --- [has_name, has_text, who]), 
DCondition(X3, has_text, nationality, propriedades= [] --- [has_name, has_text, who]), 
DCondition(X2, has_name, null list, propriedades= [] --- [has_name, has_text, who]), 
DCondition(X1, obj, X2, propriedades= [qQualifier] --- [])]
 solu��es = []
 numeroFrase = 0
 numHasNames = 1
 numIndividuals = 5
 numEntitiesOk = 10
 numIsClass = 0
 numPropsOk = 5
 numEntitiesNOk = 0
 numClassesOk = 4]", PREFIX rdf: <http://www.w3.org/1999/02/22-rdf-syntax-ns#> PREFIX xsd: <http://www.w3.org/2001/XMLSchema#> PREFIX rdfs: <http://www.w3.org/2000/01/rdf-schema#> PREFIX cidoc: <http://www.cidoc-crm.org/cidoc-crm/> SELECT  DISTINCT  ?snameConceptArtist5 ?ConceptArtist5 WHERE { ?prod cidoc:P14_carried_out_by ?Artist4 . ?Artefact3 cidoc:P108i_was_produced_by ?prod . ?Artist4 rdfs:label ?snameArtist4 . ?Artist4 cidoc:P107i_is_current_or_former_member_of ?ConceptArtist5. ?ConceptArtist5 rdfs:label ?snameConceptArtist5. },false
191,Which is the nationality of the creator of In Morning?,,Incorrect Stanza Parsing,null,null
192,Which is the nationality of the creator of In Sleep?,,Incorrect Stanza Parsing,null,null
193,Which is the nationality of the creator of In the Box (Horizontal)?,,Incorrect Stanza Parsing,null,null
194,Which is the nationality of the creator of Indian Hunting Buffalo?," X1-be-is-null,X2-which-Which-null,X5-Hunting Buffalo-Hunting Buffalo-null,X4-creator-creator-the,X3-nationality-nationality-the, X1-subj-X2,X5-Indian-true,X5-has_name-Hunting Buffalo,X4-of-X5,X3-of-X4,X1-obj-X3, X1-be-is-null,X2-which-Which-null,X5-Hunting Buffalo-Hunting Buffalo-null,X4-creator-creator-the,X3-nationality-nationality-the, X1-subj-X2,X5-has_name-Indian,X5-has_name-Hunting Buffalo,X4-of-X5,X3-of-X4,X1-obj-X3, X1-be-is-null,X2-which-Which-null,X5-Hunting Indian Buffalo-Hunting Indian Buffalo-null,X4-creator-creator-the,X3-nationality-nationality-the, X1-subj-X2,X5-has_name-Hunting Indian Buffalo,X4-of-X5,X3-of-X4,X1-obj-X3, X1-be-is-null,X2-which-Which-null,X3-nationality-nationality-the,X5-Hunting Buffalo-Hunting Buffalo-null,X4-creator-creator-the, X1-subj-X2,X1-obj-X3,X5-Indian-true,X5-has_name-Hunting Buffalo,X4-of-X5,X1-obl_of-X4, X1-be-is-null,X2-which-Which-null,X3-nationality-nationality-the,X5-Hunting Buffalo-Hunting Buffalo-null,X4-creator-creator-the, X1-subj-X2,X1-obj-X3,X5-has_name-Indian,X5-has_name-Hunting Buffalo,X4-of-X5,X1-obl_of-X4, X1-be-is-null,X2-which-Which-null,X3-nationality-nationality-the,X5-Hunting Indian Buffalo-Hunting Indian Buffalo-null,X4-creator-creator-the, X1-subj-X2,X1-obj-X3,X5-has_name-Hunting Indian Buffalo,X4-of-X5,X1-obl_of-X4, X1-be-is-null,X2-which-Which-null,X3-nationality-nationality-the,X4-creator-creator-the,X5-Hunting Buffalo-Hunting Buffalo-null, X1-subj-X2,X1-obj-X3,X1-obl_of-X4,X5-Indian-true,X5-has_name-Hunting Buffalo,X1-obl_of-X5, X1-be-is-null,X2-which-Which-null,X3-nationality-nationality-the,X4-creator-creator-the,X5-Hunting Buffalo-Hunting Buffalo-null, X1-subj-X2,X1-obj-X3,X1-obl_of-X4,X5-has_name-Indian,X5-has_name-Hunting Buffalo,X1-obl_of-X5, X1-be-is-null,X2-which-Which-null,X3-nationality-nationality-the,X4-creator-creator-the,X5-Hunting Indian Buffalo-Hunting Indian Buffalo-null, X1-subj-X2,X1-obj-X3,X1-obl_of-X4,X5-has_name-Hunting Indian Buffalo,X1-obl_of-X5, X1-be-is-null,X2-which-Which-null,X4-creator-creator-the,X5-Hunting Buffalo-Hunting Buffalo-null,X3-nationality-nationality-the, X1-subj-X2,X3-of-X4,X5-Indian-true,X5-has_name-Hunting Buffalo,X3-of-X5,X1-obj-X3, X1-be-is-null,X2-which-Which-null,X4-creator-creator-the,X5-Hunting Buffalo-Hunting Buffalo-null,X3-nationality-nationality-the, X1-subj-X2,X3-of-X4,X5-has_name-Indian,X5-has_name-Hunting Buffalo,X3-of-X5,X1-obj-X3, X1-be-is-null,X2-which-Which-null,X4-creator-creator-the,X5-Hunting Indian Buffalo-Hunting Indian Buffalo-null,X3-nationality-nationality-the, X1-subj-X2,X3-of-X4,X5-has_name-Hunting Indian Buffalo,X3-of-X5,X1-obj-X3, X1-be-is-null,X2-which-Which-null,X4-Hunting Buffalo-Hunting Buffalo-null,X3-nationality-nationality-the,X5-creator-creator-the, X1-subj-X2,X4-Indian-true,X4-has_name-Hunting Buffalo,X3-of-X4,X1-obj-X3,X1-obl_of-X5, X1-be-is-null,X2-which-Which-null,X4-Hunting Buffalo-Hunting Buffalo-null,X3-nationality-nationality-the,X5-creator-creator-the, X1-subj-X2,X4-has_name-Indian,X4-has_name-Hunting Buffalo,X3-of-X4,X1-obj-X3,X1-obl_of-X5, X1-be-is-null,X2-which-Which-null,X4-Hunting Indian Buffalo-Hunting Indian Buffalo-null,X3-nationality-nationality-the,X5-creator-creator-the, X1-subj-X2,X4-has_name-Hunting Indian Buffalo,X3-of-X4,X1-obj-X3,X1-obl_of-X5, X1-be-is-null,X2-which-Which-null,X4-creator-creator-the,X3-nationality-nationality-the,X5-Hunting Buffalo-Hunting Buffalo-null, X1-subj-X2,X3-of-X4,X1-obj-X3,X5-Indian-true,X5-has_name-Hunting Buffalo,X1-obl_of-X5, X1-be-is-null,X2-which-Which-null,X4-creator-creator-the,X3-nationality-nationality-the,X5-Hunting Buffalo-Hunting Buffalo-null, X1-subj-X2,X3-of-X4,X1-obj-X3,X5-has_name-Indian,X5-has_name-Hunting Buffalo,X1-obl_of-X5, X1-be-is-null,X2-which-Which-null,X4-creator-creator-the,X3-nationality-nationality-the,X5-Hunting Indian Buffalo-Hunting Indian Buffalo-null, X1-subj-X2,X3-of-X4,X1-obj-X3,X5-has_name-Hunting Indian Buffalo,X1-obl_of-X5,",Incorrect partial DRS,null,null
195,Which is the nationality of the creator of Industrial Plant?," X1-be-is-null,X2-which-Which-null,X5-Plant-Plant-null,X4-creator-creator-the,X3-nationality-nationality-the, X1-subj-X2,X5-Industrial-true,X5-has_name-Plant,X4-of-X5,X3-of-X4,X1-obj-X3, X1-be-is-null,X2-which-Which-null,X5-Plant-Plant-null,X4-creator-creator-the,X3-nationality-nationality-the, X1-subj-X2,X5-has_name-Industrial,X5-has_name-Plant,X4-of-X5,X3-of-X4,X1-obj-X3, X1-be-is-null,X2-which-Which-null,X5-Industrial Plant-Industrial Plant-null,X4-creator-creator-the,X3-nationality-nationality-the, X1-subj-X2,X5-has_name-Industrial Plant,X4-of-X5,X3-of-X4,X1-obj-X3, X1-be-is-null,X2-which-Which-null,X3-nationality-nationality-the,X5-Plant-Plant-null,X4-creator-creator-the, X1-subj-X2,X1-obj-X3,X5-Industrial-true,X5-has_name-Plant,X4-of-X5,X1-obl_of-X4, X1-be-is-null,X2-which-Which-null,X3-nationality-nationality-the,X5-Plant-Plant-null,X4-creator-creator-the, X1-subj-X2,X1-obj-X3,X5-has_name-Industrial,X5-has_name-Plant,X4-of-X5,X1-obl_of-X4, X1-be-is-null,X2-which-Which-null,X3-nationality-nationality-the,X5-Industrial Plant-Industrial Plant-null,X4-creator-creator-the, X1-subj-X2,X1-obj-X3,X5-has_name-Industrial Plant,X4-of-X5,X1-obl_of-X4, X1-be-is-null,X2-which-Which-null,X3-nationality-nationality-the,X4-creator-creator-the,X5-Plant-Plant-null, X1-subj-X2,X1-obj-X3,X1-obl_of-X4,X5-Industrial-true,X5-has_name-Plant,X1-obl_of-X5, X1-be-is-null,X2-which-Which-null,X3-nationality-nationality-the,X4-creator-creator-the,X5-Plant-Plant-null, X1-subj-X2,X1-obj-X3,X1-obl_of-X4,X5-has_name-Industrial,X5-has_name-Plant,X1-obl_of-X5, X1-be-is-null,X2-which-Which-null,X3-nationality-nationality-the,X4-creator-creator-the,X5-Industrial Plant-Industrial Plant-null, X1-subj-X2,X1-obj-X3,X1-obl_of-X4,X5-has_name-Industrial Plant,X1-obl_of-X5, X1-be-is-null,X2-which-Which-null,X4-creator-creator-the,X5-Plant-Plant-null,X3-nationality-nationality-the, X1-subj-X2,X3-of-X4,X5-Industrial-true,X5-has_name-Plant,X3-of-X5,X1-obj-X3, X1-be-is-null,X2-which-Which-null,X4-creator-creator-the,X5-Plant-Plant-null,X3-nationality-nationality-the, X1-subj-X2,X3-of-X4,X5-has_name-Industrial,X5-has_name-Plant,X3-of-X5,X1-obj-X3, X1-be-is-null,X2-which-Which-null,X4-creator-creator-the,X5-Industrial Plant-Industrial Plant-null,X3-nationality-nationality-the, X1-subj-X2,X3-of-X4,X5-has_name-Industrial Plant,X3-of-X5,X1-obj-X3, X1-be-is-null,X2-which-Which-null,X4-Plant-Plant-null,X3-nationality-nationality-the,X5-creator-creator-the, X1-subj-X2,X4-Industrial-true,X4-has_name-Plant,X3-of-X4,X1-obj-X3,X1-obl_of-X5, X1-be-is-null,X2-which-Which-null,X4-Plant-Plant-null,X3-nationality-nationality-the,X5-creator-creator-the, X1-subj-X2,X4-has_name-Industrial,X4-has_name-Plant,X3-of-X4,X1-obj-X3,X1-obl_of-X5, X1-be-is-null,X2-which-Which-null,X4-Industrial Plant-Industrial Plant-null,X3-nationality-nationality-the,X5-creator-creator-the, X1-subj-X2,X4-has_name-Industrial Plant,X3-of-X4,X1-obj-X3,X1-obl_of-X5, X1-be-is-null,X2-which-Which-null,X4-creator-creator-the,X3-nationality-nationality-the,X5-Plant-Plant-null, X1-subj-X2,X3-of-X4,X1-obj-X3,X5-Industrial-true,X5-has_name-Plant,X1-obl_of-X5, X1-be-is-null,X2-which-Which-null,X4-creator-creator-the,X3-nationality-nationality-the,X5-Plant-Plant-null, X1-subj-X2,X3-of-X4,X1-obj-X3,X5-has_name-Industrial,X5-has_name-Plant,X1-obl_of-X5, X1-be-is-null,X2-which-Which-null,X4-creator-creator-the,X3-nationality-nationality-the,X5-Industrial Plant-Industrial Plant-null, X1-subj-X2,X3-of-X4,X1-obj-X3,X5-has_name-Industrial Plant,X1-obl_of-X5,","Drs [
 tokens=[],
 dEntities=[
DEntity(X1, be, is, VERB, null, false, Query1, Query), 
DEntity(X2, which, Which, PRON, null, false, Qualifier2, Qualifier), 
DEntity(X5, Plant, Plant, PROPN, null, false, Artefact3, Artefact), 
DEntity(X4, creator, creator, NOUN, the, false, Artist4, Artist), 
DEntity(X3, nationality, nationality, NOUN, the, false, ConceptArtist5, ConceptArtist)],
 dConditions=[
DCondition(X1, subj, X2, propriedades= [qQualifier] --- []), 
DCondition(X5, Industrial, true, propriedades= [] --- [has_name, has_text, who]), 
DCondition(X5, has_name, Plant, propriedades= [] --- [has_name, has_text, who]), 
DCondition(X4, of, X5, propriedades= [author_of] --- []), 
DCondition(X3, of, X4, propriedades= [conc_of_Artist] --- []), 
DCondition(X1, obj, X3, propriedades= [select] --- []), 
DCondition(X1, has_text, be, propriedades= [] --- [has_name, has_text, who]), 
DCondition(X2, has_text, which, propriedades= [] --- [has_name, has_text, who]), 
DCondition(X5, has_text, Plant, propriedades= [] --- [has_name, has_text, who]), 
DCondition(X4, has_text, creator, propriedades= [] --- [has_name, has_text, who]), 
DCondition(X3, has_text, nationality, propriedades= [] --- [has_name, has_text, who]), 
DCondition(X2, has_name, null list, propriedades= [] --- [has_name, has_text, who]), 
DCondition(X1, obj, X2, propriedades= [qQualifier] --- [])]
 solu��es = []
 numeroFrase = 0
 numHasNames = 2
 numIndividuals = 5
 numEntitiesOk = 10
 numIsClass = 0
 numPropsOk = 5
 numEntitiesNOk = 0
 numClassesOk = 4]"," PREFIX rdf: <http://www.w3.org/1999/02/22-rdf-syntax-ns#> PREFIX xsd: <http://www.w3.org/2001/XMLSchema#> PREFIX rdfs: <http://www.w3.org/2000/01/rdf-schema#> PREFIX cidoc: <http://www.cidoc-crm.org/cidoc-crm/> SELECT  DISTINCT  ?snameConceptArtist5 ?ConceptArtist5 ?snameArtefact3 ?Artefact3 WHERE { {{?Artefact3 cidoc:P131_is_identified_by ?nameArtefact3 . ?nameArtefact3 rdf:value ?snameArtefact3 .}  UNION {?Artefact3 rdfs:label ?snameArtefact3 .}}  filter(regex(?snameArtefact3,""Plant"",""i"")) . ?prod cidoc:P14_carried_out_by ?Artist4 . ?Artefact3 cidoc:P108i_was_produced_by ?prod . ?Artist4 rdfs:label ?snameArtist4 . ?Artist4 cidoc:P107i_is_current_or_former_member_of ?ConceptArtist5. ?ConceptArtist5 rdfs:label ?snameConceptArtist5. }",true
196,Which is the nationality of the creator of Inez?," X1-be-is-null,X2-which-Which-null,X5-Inez-Inez-null,X4-creator-creator-the,X3-nationality-nationality-the, X1-subj-X2,X5-has_name-Inez,X4-of-X5,X3-of-X4,X1-obj-X3, X1-be-is-null,X2-which-Which-null,X3-nationality-nationality-the,X5-Inez-Inez-null,X4-creator-creator-the, X1-subj-X2,X1-obj-X3,X5-has_name-Inez,X4-of-X5,X1-obl_of-X4, X1-be-is-null,X2-which-Which-null,X3-nationality-nationality-the,X4-creator-creator-the,X5-Inez-Inez-null, X1-subj-X2,X1-obj-X3,X1-obl_of-X4,X5-has_name-Inez,X1-obl_of-X5, X1-be-is-null,X2-which-Which-null,X4-creator-creator-the,X5-Inez-Inez-null,X3-nationality-nationality-the, X1-subj-X2,X3-of-X4,X5-has_name-Inez,X3-of-X5,X1-obj-X3, X1-be-is-null,X2-which-Which-null,X4-Inez-Inez-null,X3-nationality-nationality-the,X5-creator-creator-the, X1-subj-X2,X4-has_name-Inez,X3-of-X4,X1-obj-X3,X1-obl_of-X5, X1-be-is-null,X2-which-Which-null,X4-creator-creator-the,X3-nationality-nationality-the,X5-Inez-Inez-null, X1-subj-X2,X3-of-X4,X1-obj-X3,X5-has_name-Inez,X1-obl_of-X5,","Drs [
 tokens=[],
 dEntities=[
DEntity(X1, be, is, VERB, null, false, Query1, Query), 
DEntity(X2, which, Which, PRON, null, false, Qualifier2, Qualifier), 
DEntity(X5, Inez, Inez, PROPN, null, false, Artefact3, Artefact), 
DEntity(X4, creator, creator, NOUN, the, false, Artist4, Artist), 
DEntity(X3, nationality, nationality, NOUN, the, false, ConceptArtist5, ConceptArtist)],
 dConditions=[
DCondition(X1, subj, X2, propriedades= [qQualifier] --- []), 
DCondition(X5, has_name, Inez, propriedades= [] --- [has_name, has_text, who]), 
DCondition(X4, of, X5, propriedades= [author_of] --- []), 
DCondition(X3, of, X4, propriedades= [conc_of_Artist] --- []), 
DCondition(X1, obj, X3, propriedades= [select] --- []), 
DCondition(X1, has_text, be, propriedades= [] --- [has_name, has_text, who]), 
DCondition(X2, has_text, which, propriedades= [] --- [has_name, has_text, who]), 
DCondition(X5, has_text, Inez, propriedades= [] --- [has_name, has_text, who]), 
DCondition(X4, has_text, creator, propriedades= [] --- [has_name, has_text, who]), 
DCondition(X3, has_text, nationality, propriedades= [] --- [has_name, has_text, who]), 
DCondition(X2, has_name, null list, propriedades= [] --- [has_name, has_text, who]), 
DCondition(X1, obj, X2, propriedades= [qQualifier] --- [])]
 solu��es = []
 numeroFrase = 0
 numHasNames = 2
 numIndividuals = 5
 numEntitiesOk = 10
 numIsClass = 0
 numPropsOk = 5
 numEntitiesNOk = 0
 numClassesOk = 4]"," PREFIX rdf: <http://www.w3.org/1999/02/22-rdf-syntax-ns#> PREFIX xsd: <http://www.w3.org/2001/XMLSchema#> PREFIX rdfs: <http://www.w3.org/2000/01/rdf-schema#> PREFIX cidoc: <http://www.cidoc-crm.org/cidoc-crm/> SELECT  DISTINCT  ?snameConceptArtist5 ?ConceptArtist5 ?snameArtefact3 ?Artefact3 WHERE { {{?Artefact3 cidoc:P131_is_identified_by ?nameArtefact3 . ?nameArtefact3 rdf:value ?snameArtefact3 .}  UNION {?Artefact3 rdfs:label ?snameArtefact3 .}}  filter(regex(?snameArtefact3,""Inez"",""i"")) . ?prod cidoc:P14_carried_out_by ?Artist4 . ?Artefact3 cidoc:P108i_was_produced_by ?prod . ?Artist4 rdfs:label ?snameArtist4 . ?Artist4 cidoc:P107i_is_current_or_former_member_of ?ConceptArtist5. ?ConceptArtist5 rdfs:label ?snameConceptArtist5. }",true
197,"Which is the nationality of the creator of Initiation, Liberia?"," X1-be-is-null,X2-which-Which-null,X5-Initiation-Initiation-null,X4-creator-creator-the,X3-nationality-nationality-the, X1-subj-X2,X5-has_name-Liberia,X5-has_name-Initiation,X4-of-X5,X3-of-X4,X1-obj-X3, X1-be-is-null,X2-which-Which-null,X3-nationality-nationality-the,X5-Initiation-Initiation-null,X4-creator-creator-the, X1-subj-X2,X1-obj-X3,X5-has_name-Liberia,X5-has_name-Initiation,X4-of-X5,X1-obl_of-X4, X1-be-is-null,X2-which-Which-null,X3-nationality-nationality-the,X4-creator-creator-the,X5-Initiation-Initiation-null, X1-subj-X2,X1-obj-X3,X1-obl_of-X4,X5-has_name-Liberia,X5-has_name-Initiation,X1-obl_of-X5, X1-be-is-null,X2-which-Which-null,X4-creator-creator-the,X5-Initiation-Initiation-null,X3-nationality-nationality-the, X1-subj-X2,X3-of-X4,X5-has_name-Liberia,X5-has_name-Initiation,X3-of-X5,X1-obj-X3, X1-be-is-null,X2-which-Which-null,X4-Initiation-Initiation-null,X3-nationality-nationality-the,X5-creator-creator-the, X1-subj-X2,X4-has_name-Liberia,X4-has_name-Initiation,X3-of-X4,X1-obj-X3,X1-obl_of-X5, X1-be-is-null,X2-which-Which-null,X4-creator-creator-the,X3-nationality-nationality-the,X5-Initiation-Initiation-null, X1-subj-X2,X3-of-X4,X1-obj-X3,X5-has_name-Liberia,X5-has_name-Initiation,X1-obl_of-X5,","Drs [
 tokens=[],
 dEntities=[
DEntity(X1, be, is, VERB, null, false, Query1, Query), 
DEntity(X2, which, Which, PRON, null, false, Qualifier2, Qualifier), 
DEntity(X5, Initiation, Initiation, PROPN, null, false, Artefact3, Artefact), 
DEntity(X4, creator, creator, NOUN, the, false, Artist4, Artist), 
DEntity(X3, nationality, nationality, NOUN, the, false, ConceptArtist5, ConceptArtist)],
 dConditions=[
DCondition(X1, subj, X2, propriedades= [qQualifier] --- []), 
DCondition(X5, has_name, Liberia, propriedades= [] --- [has_name, has_text, who]), 
DCondition(X5, has_name, Initiation, propriedades= [] --- [has_name, has_text, who]), 
DCondition(X4, of, X5, propriedades= [author_of] --- []), 
DCondition(X3, of, X4, propriedades= [conc_of_Artist] --- []), 
DCondition(X1, obj, X3, propriedades= [select] --- []), 
DCondition(X1, has_text, be, propriedades= [] --- [has_name, has_text, who]), 
DCondition(X2, has_text, which, propriedades= [] --- [has_name, has_text, who]), 
DCondition(X5, has_text, Initiation, propriedades= [] --- [has_name, has_text, who]), 
DCondition(X4, has_text, creator, propriedades= [] --- [has_name, has_text, who]), 
DCondition(X3, has_text, nationality, propriedades= [] --- [has_name, has_text, who]), 
DCondition(X2, has_name, null list, propriedades= [] --- [has_name, has_text, who]), 
DCondition(X1, obj, X2, propriedades= [qQualifier] --- [])]
 solu��es = []
 numeroFrase = 0
 numHasNames = 3
 numIndividuals = 5
 numEntitiesOk = 10
 numIsClass = 0
 numPropsOk = 5
 numEntitiesNOk = 0
 numClassesOk = 4]"," PREFIX rdf: <http://www.w3.org/1999/02/22-rdf-syntax-ns#> PREFIX xsd: <http://www.w3.org/2001/XMLSchema#> PREFIX rdfs: <http://www.w3.org/2000/01/rdf-schema#> PREFIX cidoc: <http://www.cidoc-crm.org/cidoc-crm/> SELECT  DISTINCT  ?snameConceptArtist5 ?ConceptArtist5 ?snameArtefact3 ?Artefact3 WHERE { {{?Artefact3 cidoc:P131_is_identified_by ?nameArtefact3 . ?nameArtefact3 rdf:value ?snameArtefact3 .}  UNION {?Artefact3 rdfs:label ?snameArtefact3 .}}  filter(regex(?snameArtefact3,""Liberia"",""i"")) . {{?Artefact3 cidoc:P131_is_identified_by ?nameArtefact3 . ?nameArtefact3 rdf:value ?snameArtefact3 .}  UNION {?Artefact3 rdfs:label ?snameArtefact3 .}}  filter(regex(?snameArtefact3,""Initiation"",""i"")) . ?prod cidoc:P14_carried_out_by ?Artist4 . ?Artefact3 cidoc:P108i_was_produced_by ?prod . ?Artist4 rdfs:label ?snameArtist4 . ?Artist4 cidoc:P107i_is_current_or_former_member_of ?ConceptArtist5. ?ConceptArtist5 rdfs:label ?snameConceptArtist5. }",true
198,Which is the nationality of the creator of Interlocking Reds?," X1-be-is-null,X2-which-Which-null,X5-Interlocking Reds-Interlocking Reds-null,X4-creator-creator-the,X3-nationality-nationality-the, X1-subj-X2,X5-has_name-Interlocking Reds,X4-of-X5,X3-of-X4,X1-obj-X3, X1-be-is-null,X2-which-Which-null,X3-nationality-nationality-the,X5-Interlocking Reds-Interlocking Reds-null,X4-creator-creator-the, X1-subj-X2,X1-obj-X3,X5-has_name-Interlocking Reds,X4-of-X5,X1-obl_of-X4, X1-be-is-null,X2-which-Which-null,X3-nationality-nationality-the,X4-creator-creator-the,X5-Interlocking Reds-Interlocking Reds-null, X1-subj-X2,X1-obj-X3,X1-obl_of-X4,X5-has_name-Interlocking Reds,X1-obl_of-X5, X1-be-is-null,X2-which-Which-null,X4-creator-creator-the,X5-Interlocking Reds-Interlocking Reds-null,X3-nationality-nationality-the, X1-subj-X2,X3-of-X4,X5-has_name-Interlocking Reds,X3-of-X5,X1-obj-X3, X1-be-is-null,X2-which-Which-null,X4-Interlocking Reds-Interlocking Reds-null,X3-nationality-nationality-the,X5-creator-creator-the, X1-subj-X2,X4-has_name-Interlocking Reds,X3-of-X4,X1-obj-X3,X1-obl_of-X5, X1-be-is-null,X2-which-Which-null,X4-creator-creator-the,X3-nationality-nationality-the,X5-Interlocking Reds-Interlocking Reds-null, X1-subj-X2,X3-of-X4,X1-obj-X3,X5-has_name-Interlocking Reds,X1-obl_of-X5,","Drs [
 tokens=[],
 dEntities=[
DEntity(X1, be, is, VERB, null, false, Query1, Query), 
DEntity(X2, which, Which, PRON, null, false, Qualifier2, Qualifier), 
DEntity(X5, Red, Reds, PROPN, null, false, Artefact3, Artefact), 
DEntity(X4, creator, creator, NOUN, the, false, Artist4, Artist), 
DEntity(X3, nationality, nationality, NOUN, the, false, ConceptArtist5, ConceptArtist)],
 dConditions=[
DCondition(X1, subj, X2, propriedades= [qQualifier] --- []), 
DCondition(X5, interlock, true, propriedades= [] --- [has_name, has_text, who]), 
DCondition(X5, has_name, Red, propriedades= [] --- [has_name, has_text, who]), 
DCondition(X4, of, X5, propriedades= [author_of] --- []), 
DCondition(X3, of, X4, propriedades= [conc_of_Artist] --- []), 
DCondition(X1, obj, X3, propriedades= [select] --- []), 
DCondition(X1, has_text, be, propriedades= [] --- [has_name, has_text, who]), 
DCondition(X2, has_text, which, propriedades= [] --- [has_name, has_text, who]), 
DCondition(X5, has_text, Red, propriedades= [] --- [has_name, has_text, who]), 
DCondition(X4, has_text, creator, propriedades= [] --- [has_name, has_text, who]), 
DCondition(X3, has_text, nationality, propriedades= [] --- [has_name, has_text, who]), 
DCondition(X2, has_name, null list, propriedades= [] --- [has_name, has_text, who]), 
DCondition(X1, obj, X2, propriedades= [qQualifier] --- [])]
 solu��es = []
 numeroFrase = 0
 numHasNames = 2
 numIndividuals = 5
 numEntitiesOk = 10
 numIsClass = 0
 numPropsOk = 5
 numEntitiesNOk = 0
 numClassesOk = 4]"," PREFIX rdf: <http://www.w3.org/1999/02/22-rdf-syntax-ns#> PREFIX xsd: <http://www.w3.org/2001/XMLSchema#> PREFIX rdfs: <http://www.w3.org/2000/01/rdf-schema#> PREFIX cidoc: <http://www.cidoc-crm.org/cidoc-crm/> SELECT  DISTINCT  ?snameConceptArtist5 ?ConceptArtist5 ?snameArtefact3 ?Artefact3 WHERE { {{?Artefact3 cidoc:P131_is_identified_by ?nameArtefact3 . ?nameArtefact3 rdf:value ?snameArtefact3 .}  UNION {?Artefact3 rdfs:label ?snameArtefact3 .}}  filter(regex(?snameArtefact3,""Red"",""i"")) . ?prod cidoc:P14_carried_out_by ?Artist4 . ?Artefact3 cidoc:P108i_was_produced_by ?prod . ?Artist4 rdfs:label ?snameArtist4 . ?Artist4 cidoc:P107i_is_current_or_former_member_of ?ConceptArtist5. ?ConceptArtist5 rdfs:label ?snameConceptArtist5. }",true
199,Which is the nationality of the creator of Irish Gentleman?," X1-be-is-null,X2-which-Which-null,X5-Gentleman-Gentleman-null,X4-creator-creator-the,X3-nationality-nationality-the, X1-subj-X2,X5-Irish-true,X5-has_name-Gentleman,X4-of-X5,X3-of-X4,X1-obj-X3, X1-be-is-null,X2-which-Which-null,X5-Gentleman-Gentleman-null,X4-creator-creator-the,X3-nationality-nationality-the, X1-subj-X2,X5-has_name-Irish,X5-has_name-Gentleman,X4-of-X5,X3-of-X4,X1-obj-X3, X1-be-is-null,X2-which-Which-null,X5-Irish Gentleman-Irish Gentleman-null,X4-creator-creator-the,X3-nationality-nationality-the, X1-subj-X2,X5-has_name-Irish Gentleman,X4-of-X5,X3-of-X4,X1-obj-X3, X1-be-is-null,X2-which-Which-null,X3-nationality-nationality-the,X5-Gentleman-Gentleman-null,X4-creator-creator-the, X1-subj-X2,X1-obj-X3,X5-Irish-true,X5-has_name-Gentleman,X4-of-X5,X1-obl_of-X4, X1-be-is-null,X2-which-Which-null,X3-nationality-nationality-the,X5-Gentleman-Gentleman-null,X4-creator-creator-the, X1-subj-X2,X1-obj-X3,X5-has_name-Irish,X5-has_name-Gentleman,X4-of-X5,X1-obl_of-X4, X1-be-is-null,X2-which-Which-null,X3-nationality-nationality-the,X5-Irish Gentleman-Irish Gentleman-null,X4-creator-creator-the, X1-subj-X2,X1-obj-X3,X5-has_name-Irish Gentleman,X4-of-X5,X1-obl_of-X4, X1-be-is-null,X2-which-Which-null,X3-nationality-nationality-the,X4-creator-creator-the,X5-Gentleman-Gentleman-null, X1-subj-X2,X1-obj-X3,X1-obl_of-X4,X5-Irish-true,X5-has_name-Gentleman,X1-obl_of-X5, X1-be-is-null,X2-which-Which-null,X3-nationality-nationality-the,X4-creator-creator-the,X5-Gentleman-Gentleman-null, X1-subj-X2,X1-obj-X3,X1-obl_of-X4,X5-has_name-Irish,X5-has_name-Gentleman,X1-obl_of-X5, X1-be-is-null,X2-which-Which-null,X3-nationality-nationality-the,X4-creator-creator-the,X5-Irish Gentleman-Irish Gentleman-null, X1-subj-X2,X1-obj-X3,X1-obl_of-X4,X5-has_name-Irish Gentleman,X1-obl_of-X5, X1-be-is-null,X2-which-Which-null,X4-creator-creator-the,X5-Gentleman-Gentleman-null,X3-nationality-nationality-the, X1-subj-X2,X3-of-X4,X5-Irish-true,X5-has_name-Gentleman,X3-of-X5,X1-obj-X3, X1-be-is-null,X2-which-Which-null,X4-creator-creator-the,X5-Gentleman-Gentleman-null,X3-nationality-nationality-the, X1-subj-X2,X3-of-X4,X5-has_name-Irish,X5-has_name-Gentleman,X3-of-X5,X1-obj-X3, X1-be-is-null,X2-which-Which-null,X4-creator-creator-the,X5-Irish Gentleman-Irish Gentleman-null,X3-nationality-nationality-the, X1-subj-X2,X3-of-X4,X5-has_name-Irish Gentleman,X3-of-X5,X1-obj-X3, X1-be-is-null,X2-which-Which-null,X4-Gentleman-Gentleman-null,X3-nationality-nationality-the,X5-creator-creator-the, X1-subj-X2,X4-Irish-true,X4-has_name-Gentleman,X3-of-X4,X1-obj-X3,X1-obl_of-X5, X1-be-is-null,X2-which-Which-null,X4-Gentleman-Gentleman-null,X3-nationality-nationality-the,X5-creator-creator-the, X1-subj-X2,X4-has_name-Irish,X4-has_name-Gentleman,X3-of-X4,X1-obj-X3,X1-obl_of-X5, X1-be-is-null,X2-which-Which-null,X4-Irish Gentleman-Irish Gentleman-null,X3-nationality-nationality-the,X5-creator-creator-the, X1-subj-X2,X4-has_name-Irish Gentleman,X3-of-X4,X1-obj-X3,X1-obl_of-X5, X1-be-is-null,X2-which-Which-null,X4-creator-creator-the,X3-nationality-nationality-the,X5-Gentleman-Gentleman-null, X1-subj-X2,X3-of-X4,X1-obj-X3,X5-Irish-true,X5-has_name-Gentleman,X1-obl_of-X5, X1-be-is-null,X2-which-Which-null,X4-creator-creator-the,X3-nationality-nationality-the,X5-Gentleman-Gentleman-null, X1-subj-X2,X3-of-X4,X1-obj-X3,X5-has_name-Irish,X5-has_name-Gentleman,X1-obl_of-X5, X1-be-is-null,X2-which-Which-null,X4-creator-creator-the,X3-nationality-nationality-the,X5-Irish Gentleman-Irish Gentleman-null, X1-subj-X2,X3-of-X4,X1-obj-X3,X5-has_name-Irish Gentleman,X1-obl_of-X5,","Drs [
 tokens=[],
 dEntities=[
DEntity(X1, be, is, VERB, null, false, Query1, Query), 
DEntity(X2, which, Which, PRON, null, false, Qualifier2, Qualifier), 
DEntity(X5, Gentleman, Gentleman, PROPN, null, false, Artefact3, Artefact), 
DEntity(X4, creator, creator, NOUN, the, false, Artist4, Artist), 
DEntity(X3, nationality, nationality, NOUN, the, false, ConceptArtist5, ConceptArtist)],
 dConditions=[
DCondition(X1, subj, X2, propriedades= [qQualifier] --- []), 
DCondition(X5, Irish, true, propriedades= [] --- [has_name, has_text, who]), 
DCondition(X5, has_name, Gentleman, propriedades= [] --- [has_name, has_text, who]), 
DCondition(X4, of, X5, propriedades= [author_of] --- []), 
DCondition(X3, of, X4, propriedades= [conc_of_Artist] --- []), 
DCondition(X1, obj, X3, propriedades= [select] --- []), 
DCondition(X1, has_text, be, propriedades= [] --- [has_name, has_text, who]), 
DCondition(X2, has_text, which, propriedades= [] --- [has_name, has_text, who]), 
DCondition(X5, has_text, Gentleman, propriedades= [] --- [has_name, has_text, who]), 
DCondition(X4, has_text, creator, propriedades= [] --- [has_name, has_text, who]), 
DCondition(X3, has_text, nationality, propriedades= [] --- [has_name, has_text, who]), 
DCondition(X2, has_name, null list, propriedades= [] --- [has_name, has_text, who]), 
DCondition(X1, obj, X2, propriedades= [qQualifier] --- [])]
 solu��es = []
 numeroFrase = 0
 numHasNames = 2
 numIndividuals = 5
 numEntitiesOk = 10
 numIsClass = 0
 numPropsOk = 5
 numEntitiesNOk = 0
 numClassesOk = 4]"," PREFIX rdf: <http://www.w3.org/1999/02/22-rdf-syntax-ns#> PREFIX xsd: <http://www.w3.org/2001/XMLSchema#> PREFIX rdfs: <http://www.w3.org/2000/01/rdf-schema#> PREFIX cidoc: <http://www.cidoc-crm.org/cidoc-crm/> SELECT  DISTINCT  ?snameConceptArtist5 ?ConceptArtist5 ?snameArtefact3 ?Artefact3 WHERE { {{?Artefact3 cidoc:P131_is_identified_by ?nameArtefact3 . ?nameArtefact3 rdf:value ?snameArtefact3 .}  UNION {?Artefact3 rdfs:label ?snameArtefact3 .}}  filter(regex(?snameArtefact3,""Gentleman"",""i"")) . ?prod cidoc:P14_carried_out_by ?Artist4 . ?Artefact3 cidoc:P108i_was_produced_by ?prod . ?Artist4 rdfs:label ?snameArtist4 . ?Artist4 cidoc:P107i_is_current_or_former_member_of ?ConceptArtist5. ?ConceptArtist5 rdfs:label ?snameConceptArtist5. }",true
200,Which is the nationality of the creator of Isaac Praul?," X1-be-is-null,X2-which-Which-null,X5-Isaac Praul-Isaac-null,X4-creator-creator-the,X3-nationality-nationality-the, X1-subj-X2,X5-has_name-Isaac Praul,X4-of-X5,X3-of-X4,X1-obj-X3, X1-be-is-null,X2-which-Which-null,X3-nationality-nationality-the,X5-Isaac Praul-Isaac-null,X4-creator-creator-the, X1-subj-X2,X1-obj-X3,X5-has_name-Isaac Praul,X4-of-X5,X1-obl_of-X4, X1-be-is-null,X2-which-Which-null,X3-nationality-nationality-the,X4-creator-creator-the,X5-Isaac Praul-Isaac-null, X1-subj-X2,X1-obj-X3,X1-obl_of-X4,X5-has_name-Isaac Praul,X1-obl_of-X5, X1-be-is-null,X2-which-Which-null,X4-creator-creator-the,X5-Isaac Praul-Isaac-null,X3-nationality-nationality-the, X1-subj-X2,X3-of-X4,X5-has_name-Isaac Praul,X3-of-X5,X1-obj-X3, X1-be-is-null,X2-which-Which-null,X4-Isaac Praul-Isaac-null,X3-nationality-nationality-the,X5-creator-creator-the, X1-subj-X2,X4-has_name-Isaac Praul,X3-of-X4,X1-obj-X3,X1-obl_of-X5, X1-be-is-null,X2-which-Which-null,X4-creator-creator-the,X3-nationality-nationality-the,X5-Isaac Praul-Isaac-null, X1-subj-X2,X3-of-X4,X1-obj-X3,X5-has_name-Isaac Praul,X1-obl_of-X5,","Drs [
 tokens=[],
 dEntities=[
DEntity(X1, be, is, VERB, null, false, Query1, Query), 
DEntity(X2, which, Which, PRON, null, false, Qualifier2, Qualifier), 
DEntity(X5, Isaac Praul, Isaac, PROPN, null, false, Artefact3, Artefact), 
DEntity(X4, creator, creator, NOUN, the, false, Artist4, Artist), 
DEntity(X3, nationality, nationality, NOUN, the, false, ConceptArtist5, ConceptArtist)],
 dConditions=[
DCondition(X1, subj, X2, propriedades= [qQualifier] --- []), 
DCondition(X5, has_name, Isaac Praul, propriedades= [] --- [has_name, has_text, who]), 
DCondition(X4, of, X5, propriedades= [author_of] --- []), 
DCondition(X3, of, X4, propriedades= [conc_of_Artist] --- []), 
DCondition(X1, obj, X3, propriedades= [select] --- []), 
DCondition(X1, has_text, be, propriedades= [] --- [has_name, has_text, who]), 
DCondition(X2, has_text, which, propriedades= [] --- [has_name, has_text, who]), 
DCondition(X5, has_text, Isaac Praul, propriedades= [] --- [has_name, has_text, who]), 
DCondition(X4, has_text, creator, propriedades= [] --- [has_name, has_text, who]), 
DCondition(X3, has_text, nationality, propriedades= [] --- [has_name, has_text, who]), 
DCondition(X2, has_name, null list, propriedades= [] --- [has_name, has_text, who]), 
DCondition(X1, obj, X2, propriedades= [qQualifier] --- [])]
 solu��es = []
 numeroFrase = 0
 numHasNames = 2
 numIndividuals = 5
 numEntitiesOk = 10
 numIsClass = 0
 numPropsOk = 5
 numEntitiesNOk = 0
 numClassesOk = 4]"," PREFIX rdf: <http://www.w3.org/1999/02/22-rdf-syntax-ns#> PREFIX xsd: <http://www.w3.org/2001/XMLSchema#> PREFIX rdfs: <http://www.w3.org/2000/01/rdf-schema#> PREFIX cidoc: <http://www.cidoc-crm.org/cidoc-crm/> SELECT  DISTINCT  ?snameConceptArtist5 ?ConceptArtist5 ?snameArtefact3 ?Artefact3 WHERE { {{?Artefact3 cidoc:P131_is_identified_by ?nameArtefact3 . ?nameArtefact3 rdf:value ?snameArtefact3 .}  UNION {?Artefact3 rdfs:label ?snameArtefact3 .}}  filter(regex(?snameArtefact3,""Isaac Praul"",""i"")) . ?prod cidoc:P14_carried_out_by ?Artist4 . ?Artefact3 cidoc:P108i_was_produced_by ?prod . ?Artist4 rdfs:label ?snameArtist4 . ?Artist4 cidoc:P107i_is_current_or_former_member_of ?ConceptArtist5. ?ConceptArtist5 rdfs:label ?snameConceptArtist5. }",true
201,Which is the nationality of the creator of J.C. Calhoun?," X1-be-is-null,X2-which-Which-null,X5-J.C. Calhoun-J.C.-null,X4-creator-creator-the,X3-nationality-nationality-the, X1-subj-X2,X5-has_name-J.C. Calhoun,X4-of-X5,X3-of-X4,X1-obj-X3, X1-be-is-null,X2-which-Which-null,X3-nationality-nationality-the,X5-J.C. Calhoun-J.C.-null,X4-creator-creator-the, X1-subj-X2,X1-obj-X3,X5-has_name-J.C. Calhoun,X4-of-X5,X1-obl_of-X4, X1-be-is-null,X2-which-Which-null,X3-nationality-nationality-the,X4-creator-creator-the,X5-J.C. Calhoun-J.C.-null, X1-subj-X2,X1-obj-X3,X1-obl_of-X4,X5-has_name-J.C. Calhoun,X1-obl_of-X5, X1-be-is-null,X2-which-Which-null,X4-creator-creator-the,X5-J.C. Calhoun-J.C.-null,X3-nationality-nationality-the, X1-subj-X2,X3-of-X4,X5-has_name-J.C. Calhoun,X3-of-X5,X1-obj-X3, X1-be-is-null,X2-which-Which-null,X4-J.C. Calhoun-J.C.-null,X3-nationality-nationality-the,X5-creator-creator-the, X1-subj-X2,X4-has_name-J.C. Calhoun,X3-of-X4,X1-obj-X3,X1-obl_of-X5, X1-be-is-null,X2-which-Which-null,X4-creator-creator-the,X3-nationality-nationality-the,X5-J.C. Calhoun-J.C.-null, X1-subj-X2,X3-of-X4,X1-obj-X3,X5-has_name-J.C. Calhoun,X1-obl_of-X5,","Drs [
 tokens=[],
 dEntities=[
DEntity(X1, be, is, VERB, null, false, Query1, Query), 
DEntity(X2, which, Which, PRON, null, false, Qualifier2, Qualifier), 
DEntity(X5, J.C. Calhoun, J.C., PROPN, null, false, Artefact3, Artefact), 
DEntity(X4, creator, creator, NOUN, the, false, Artist4, Artist), 
DEntity(X3, nationality, nationality, NOUN, the, false, ConceptArtist5, ConceptArtist)],
 dConditions=[
DCondition(X1, subj, X2, propriedades= [qQualifier] --- []), 
DCondition(X5, has_name, J.C. Calhoun, propriedades= [] --- [has_name, has_text, who]), 
DCondition(X4, of, X5, propriedades= [author_of] --- []), 
DCondition(X3, of, X4, propriedades= [conc_of_Artist] --- []), 
DCondition(X1, obj, X3, propriedades= [select] --- []), 
DCondition(X1, has_text, be, propriedades= [] --- [has_name, has_text, who]), 
DCondition(X2, has_text, which, propriedades= [] --- [has_name, has_text, who]), 
DCondition(X5, has_text, J.C. Calhoun, propriedades= [] --- [has_name, has_text, who]), 
DCondition(X4, has_text, creator, propriedades= [] --- [has_name, has_text, who]), 
DCondition(X3, has_text, nationality, propriedades= [] --- [has_name, has_text, who]), 
DCondition(X2, has_name, null list, propriedades= [] --- [has_name, has_text, who]), 
DCondition(X1, obj, X2, propriedades= [qQualifier] --- [])]
 solu��es = []
 numeroFrase = 0
 numHasNames = 2
 numIndividuals = 5
 numEntitiesOk = 10
 numIsClass = 0
 numPropsOk = 5
 numEntitiesNOk = 0
 numClassesOk = 4]"," PREFIX rdf: <http://www.w3.org/1999/02/22-rdf-syntax-ns#> PREFIX xsd: <http://www.w3.org/2001/XMLSchema#> PREFIX rdfs: <http://www.w3.org/2000/01/rdf-schema#> PREFIX cidoc: <http://www.cidoc-crm.org/cidoc-crm/> SELECT  DISTINCT  ?snameConceptArtist5 ?ConceptArtist5 ?snameArtefact3 ?Artefact3 WHERE { {{?Artefact3 cidoc:P131_is_identified_by ?nameArtefact3 . ?nameArtefact3 rdf:value ?snameArtefact3 .}  UNION {?Artefact3 rdfs:label ?snameArtefact3 .}}  filter(regex(?snameArtefact3,""J\\.C\\. Calhoun"",""i"")) . ?prod cidoc:P14_carried_out_by ?Artist4 . ?Artefact3 cidoc:P108i_was_produced_by ?prod . ?Artist4 rdfs:label ?snameArtist4 . ?Artist4 cidoc:P107i_is_current_or_former_member_of ?ConceptArtist5. ?ConceptArtist5 rdfs:label ?snameConceptArtist5. }",true
202,Which is the nationality of the creator of Jackie Wags His Tail?," X1-be-is-null,X2-which-Which-null,X6-Jackie Wag-Jackie-null,X7-his-His-null,X5-Tail-Tail-null,X4-creator-creator-the,X3-nationality-nationality-the, X1-subj-X2,X6-has_name-Jackie Wag,X5-has_name-Tail,X4-of-X5,X3-of-X4,X1-obj-X3, X1-be-is-null,X2-which-Which-null,X3-nationality-nationality-the,X6-Jackie Wag-Jackie-null,X7-his-His-null,X5-Tail-Tail-null,X4-creator-creator-the, X1-subj-X2,X1-obj-X3,X6-has_name-Jackie Wag,X5-has_name-Tail,X4-of-X5,X1-obl_of-X4,X1-obl-X4,X1-obl-X4, X1-be-is-null,X2-which-Which-null,X3-nationality-nationality-the,X4-creator-creator-the,X6-Jackie Wag-Jackie-null,X7-his-His-null,X5-Tail-Tail-null, X1-subj-X2,X1-obj-X3,X1-obl_of-X4,X6-has_name-Jackie Wag,X5-has_name-Tail,X1-obl_of-X5,X1-obl-X5,X1-obl-X5, X1-be-is-null,X2-which-Which-null,X4-creator-creator-the,X6-Jackie Wag-Jackie-null,X7-his-His-null,X5-Tail-Tail-null,X3-nationality-nationality-the, X1-subj-X2,X3-of-X4,X6-has_name-Jackie Wag,X5-has_name-Tail,X3-of-X5,X1-obj-X3, X1-be-is-null,X2-which-Which-null,X5-Jackie Wag-Jackie-null,X6-his-His-null,X4-Tail-Tail-null,X3-nationality-nationality-the,X7-creator-creator-the, X1-subj-X2,X5-has_name-Jackie Wag,X4-has_name-Tail,X3-of-X4,X1-obj-X3,X1-obl_of-X7, X1-be-is-null,X2-which-Which-null,X4-creator-creator-the,X3-nationality-nationality-the,X6-Jackie Wag-Jackie-null,X7-his-His-null,X5-Tail-Tail-null, X1-subj-X2,X3-of-X4,X1-obj-X3,X6-has_name-Jackie Wag,X5-has_name-Tail,X1-obl_of-X5,X1-obl-X5,X1-obl-X5,",Incorrect partial DRS,null,null
203,Which is the nationality of the creator of Jane Stone?," X1-be-is-null,X2-which-Which-null,X5-Jane Stone-Jane-null,X4-creator-creator-the,X3-nationality-nationality-the, X1-subj-X2,X5-has_name-Jane Stone,X4-of-X5,X3-of-X4,X1-obj-X3, X1-be-is-null,X2-which-Which-null,X3-nationality-nationality-the,X5-Jane Stone-Jane-null,X4-creator-creator-the, X1-subj-X2,X1-obj-X3,X5-has_name-Jane Stone,X4-of-X5,X1-obl_of-X4, X1-be-is-null,X2-which-Which-null,X3-nationality-nationality-the,X4-creator-creator-the,X5-Jane Stone-Jane-null, X1-subj-X2,X1-obj-X3,X1-obl_of-X4,X5-has_name-Jane Stone,X1-obl_of-X5, X1-be-is-null,X2-which-Which-null,X4-creator-creator-the,X5-Jane Stone-Jane-null,X3-nationality-nationality-the, X1-subj-X2,X3-of-X4,X5-has_name-Jane Stone,X3-of-X5,X1-obj-X3, X1-be-is-null,X2-which-Which-null,X4-Jane Stone-Jane-null,X3-nationality-nationality-the,X5-creator-creator-the, X1-subj-X2,X4-has_name-Jane Stone,X3-of-X4,X1-obj-X3,X1-obl_of-X5, X1-be-is-null,X2-which-Which-null,X4-creator-creator-the,X3-nationality-nationality-the,X5-Jane Stone-Jane-null, X1-subj-X2,X3-of-X4,X1-obj-X3,X5-has_name-Jane Stone,X1-obl_of-X5,","Drs [
 tokens=[],
 dEntities=[
DEntity(X1, be, is, VERB, null, false, Query1, Query), 
DEntity(X2, which, Which, PRON, null, false, Qualifier2, Qualifier), 
DEntity(X5, Jane Stone, Jane, PROPN, null, false, Artefact3, Artefact), 
DEntity(X4, creator, creator, NOUN, the, false, Artist4, Artist), 
DEntity(X3, nationality, nationality, NOUN, the, false, ConceptArtist5, ConceptArtist)],
 dConditions=[
DCondition(X1, subj, X2, propriedades= [qQualifier] --- []), 
DCondition(X5, has_name, Jane Stone, propriedades= [] --- [has_name, has_text, who]), 
DCondition(X4, of, X5, propriedades= [author_of] --- []), 
DCondition(X3, of, X4, propriedades= [conc_of_Artist] --- []), 
DCondition(X1, obj, X3, propriedades= [select] --- []), 
DCondition(X1, has_text, be, propriedades= [] --- [has_name, has_text, who]), 
DCondition(X2, has_text, which, propriedades= [] --- [has_name, has_text, who]), 
DCondition(X5, has_text, Jane Stone, propriedades= [] --- [has_name, has_text, who]), 
DCondition(X4, has_text, creator, propriedades= [] --- [has_name, has_text, who]), 
DCondition(X3, has_text, nationality, propriedades= [] --- [has_name, has_text, who]), 
DCondition(X2, has_name, null list, propriedades= [] --- [has_name, has_text, who]), 
DCondition(X1, obj, X2, propriedades= [qQualifier] --- [])]
 solu��es = []
 numeroFrase = 0
 numHasNames = 2
 numIndividuals = 5
 numEntitiesOk = 10
 numIsClass = 0
 numPropsOk = 5
 numEntitiesNOk = 0
 numClassesOk = 4]"," PREFIX rdf: <http://www.w3.org/1999/02/22-rdf-syntax-ns#> PREFIX xsd: <http://www.w3.org/2001/XMLSchema#> PREFIX rdfs: <http://www.w3.org/2000/01/rdf-schema#> PREFIX cidoc: <http://www.cidoc-crm.org/cidoc-crm/> SELECT  DISTINCT  ?snameConceptArtist5 ?ConceptArtist5 ?snameArtefact3 ?Artefact3 WHERE { {{?Artefact3 cidoc:P131_is_identified_by ?nameArtefact3 . ?nameArtefact3 rdf:value ?snameArtefact3 .}  UNION {?Artefact3 rdfs:label ?snameArtefact3 .}}  filter(regex(?snameArtefact3,""Jane Stone"",""i"")) . ?prod cidoc:P14_carried_out_by ?Artist4 . ?Artefact3 cidoc:P108i_was_produced_by ?prod . ?Artist4 rdfs:label ?snameArtist4 . ?Artist4 cidoc:P107i_is_current_or_former_member_of ?ConceptArtist5. ?ConceptArtist5 rdfs:label ?snameConceptArtist5. }",true
204,Which is the nationality of the creator of Jazz - the New Possession?," X1-be-is-null,X2-which-Which-null,X6-Possession-Possession-null,X5-Jazz-Jazz-the,X4-creator-creator-the,X3-nationality-nationality-the, X1-subj-X2,X6-New-true,X6-has_name-Possession,X5-rel-X6,X5-has_name-Jazz,X4-of-X5,X3-of-X4,X1-obj-X3, X1-be-is-null,X2-which-Which-null,X6-Possession-Possession-null,X5-Jazz-Jazz-the,X4-creator-creator-the,X3-nationality-nationality-the, X1-subj-X2,X6-has_name-New,X6-has_name-Possession,X5-rel-X6,X5-has_name-Jazz,X4-of-X5,X3-of-X4,X1-obj-X3, X1-be-is-null,X2-which-Which-null,X6-New Possession-New Possession-null,X5-Jazz-Jazz-the,X4-creator-creator-the,X3-nationality-nationality-the, X1-subj-X2,X6-has_name-New Possession,X5-rel-X6,X5-has_name-Jazz,X4-of-X5,X3-of-X4,X1-obj-X3, X1-be-is-null,X2-which-Which-null,X3-nationality-nationality-the,X6-Possession-Possession-null,X5-Jazz-Jazz-the,X4-creator-creator-the, X1-subj-X2,X1-obj-X3,X6-New-true,X6-has_name-Possession,X5-rel-X6,X5-has_name-Jazz,X4-of-X5,X1-obl_of-X4, X1-be-is-null,X2-which-Which-null,X3-nationality-nationality-the,X6-Possession-Possession-null,X5-Jazz-Jazz-the,X4-creator-creator-the, X1-subj-X2,X1-obj-X3,X6-has_name-New,X6-has_name-Possession,X5-rel-X6,X5-has_name-Jazz,X4-of-X5,X1-obl_of-X4, X1-be-is-null,X2-which-Which-null,X3-nationality-nationality-the,X6-New Possession-New Possession-null,X5-Jazz-Jazz-the,X4-creator-creator-the, X1-subj-X2,X1-obj-X3,X6-has_name-New Possession,X5-rel-X6,X5-has_name-Jazz,X4-of-X5,X1-obl_of-X4, X1-be-is-null,X2-which-Which-null,X3-nationality-nationality-the,X4-creator-creator-the,X6-Possession-Possession-null,X5-Jazz-Jazz-the, X1-subj-X2,X1-obj-X3,X1-obl_of-X4,X6-New-true,X6-has_name-Possession,X5-rel-X6,X5-has_name-Jazz,X1-obl_of-X5, X1-be-is-null,X2-which-Which-null,X3-nationality-nationality-the,X4-creator-creator-the,X6-Possession-Possession-null,X5-Jazz-Jazz-the, X1-subj-X2,X1-obj-X3,X1-obl_of-X4,X6-has_name-New,X6-has_name-Possession,X5-rel-X6,X5-has_name-Jazz,X1-obl_of-X5, X1-be-is-null,X2-which-Which-null,X3-nationality-nationality-the,X4-creator-creator-the,X6-New Possession-New Possession-null,X5-Jazz-Jazz-the, X1-subj-X2,X1-obj-X3,X1-obl_of-X4,X6-has_name-New Possession,X5-rel-X6,X5-has_name-Jazz,X1-obl_of-X5, X1-be-is-null,X2-which-Which-null,X4-creator-creator-the,X6-Possession-Possession-null,X5-Jazz-Jazz-the,X3-nationality-nationality-the, X1-subj-X2,X3-of-X4,X6-New-true,X6-has_name-Possession,X5-rel-X6,X5-has_name-Jazz,X3-of-X5,X1-obj-X3, X1-be-is-null,X2-which-Which-null,X4-creator-creator-the,X6-Possession-Possession-null,X5-Jazz-Jazz-the,X3-nationality-nationality-the, X1-subj-X2,X3-of-X4,X6-has_name-New,X6-has_name-Possession,X5-rel-X6,X5-has_name-Jazz,X3-of-X5,X1-obj-X3, X1-be-is-null,X2-which-Which-null,X4-creator-creator-the,X6-New Possession-New Possession-null,X5-Jazz-Jazz-the,X3-nationality-nationality-the, X1-subj-X2,X3-of-X4,X6-has_name-New Possession,X5-rel-X6,X5-has_name-Jazz,X3-of-X5,X1-obj-X3, X1-be-is-null,X2-which-Which-null,X5-Possession-Possession-null,X4-Jazz-Jazz-the,X3-nationality-nationality-the,X6-creator-creator-the, X1-subj-X2,X5-New-true,X5-has_name-Possession,X4-rel-X5,X4-has_name-Jazz,X3-of-X4,X1-obj-X3,X1-obl_of-X6, X1-be-is-null,X2-which-Which-null,X5-Possession-Possession-null,X4-Jazz-Jazz-the,X3-nationality-nationality-the,X6-creator-creator-the, X1-subj-X2,X5-has_name-New,X5-has_name-Possession,X4-rel-X5,X4-has_name-Jazz,X3-of-X4,X1-obj-X3,X1-obl_of-X6, X1-be-is-null,X2-which-Which-null,X5-New Possession-New Possession-null,X4-Jazz-Jazz-the,X3-nationality-nationality-the,X6-creator-creator-the, X1-subj-X2,X5-has_name-New Possession,X4-rel-X5,X4-has_name-Jazz,X3-of-X4,X1-obj-X3,X1-obl_of-X6, X1-be-is-null,X2-which-Which-null,X4-creator-creator-the,X3-nationality-nationality-the,X6-Possession-Possession-null,X5-Jazz-Jazz-the, X1-subj-X2,X3-of-X4,X1-obj-X3,X6-New-true,X6-has_name-Possession,X5-rel-X6,X5-has_name-Jazz,X1-obl_of-X5, X1-be-is-null,X2-which-Which-null,X4-creator-creator-the,X3-nationality-nationality-the,X6-Possession-Possession-null,X5-Jazz-Jazz-the, X1-subj-X2,X3-of-X4,X1-obj-X3,X6-has_name-New,X6-has_name-Possession,X5-rel-X6,X5-has_name-Jazz,X1-obl_of-X5, X1-be-is-null,X2-which-Which-null,X4-creator-creator-the,X3-nationality-nationality-the,X6-New Possession-New Possession-null,X5-Jazz-Jazz-the, X1-subj-X2,X3-of-X4,X1-obj-X3,X6-has_name-New Possession,X5-rel-X6,X5-has_name-Jazz,X1-obl_of-X5,",Incorrect partial DRS,null,null
205,Which is the nationality of the creator of Jean de Nievelles?," X1-be-is-null,X2-which-Which-null,X5-Jean de Nievelle-Jean-null,X4-creator-creator-the,X3-nationality-nationality-the, X1-subj-X2,X5-has_name-Jean de Nievelle,X4-of-X5,X3-of-X4,X1-obj-X3, X1-be-is-null,X2-which-Which-null,X3-nationality-nationality-the,X5-Jean de Nievelle-Jean-null,X4-creator-creator-the, X1-subj-X2,X1-obj-X3,X5-has_name-Jean de Nievelle,X4-of-X5,X1-obl_of-X4, X1-be-is-null,X2-which-Which-null,X3-nationality-nationality-the,X4-creator-creator-the,X5-Jean de Nievelle-Jean-null, X1-subj-X2,X1-obj-X3,X1-obl_of-X4,X5-has_name-Jean de Nievelle,X1-obl_of-X5, X1-be-is-null,X2-which-Which-null,X4-creator-creator-the,X5-Jean de Nievelle-Jean-null,X3-nationality-nationality-the, X1-subj-X2,X3-of-X4,X5-has_name-Jean de Nievelle,X3-of-X5,X1-obj-X3, X1-be-is-null,X2-which-Which-null,X4-Jean de Nievelle-Jean-null,X3-nationality-nationality-the,X5-creator-creator-the, X1-subj-X2,X4-has_name-Jean de Nievelle,X3-of-X4,X1-obj-X3,X1-obl_of-X5, X1-be-is-null,X2-which-Which-null,X4-creator-creator-the,X3-nationality-nationality-the,X5-Jean de Nievelle-Jean-null, X1-subj-X2,X3-of-X4,X1-obj-X3,X5-has_name-Jean de Nievelle,X1-obl_of-X5,","Drs [
 tokens=[],
 dEntities=[
DEntity(X1, be, is, VERB, null, false, Query1, Query), 
DEntity(X2, which, Which, PRON, null, false, Qualifier2, Qualifier), 
DEntity(X5, Jean de Nievelle, Jean, PROPN, null, false, Artefact3, Artefact), 
DEntity(X4, creator, creator, NOUN, the, false, Artist4, Artist), 
DEntity(X3, nationality, nationality, NOUN, the, false, ConceptArtist5, ConceptArtist)],
 dConditions=[
DCondition(X1, subj, X2, propriedades= [qQualifier] --- []), 
DCondition(X5, has_name, Jean de Nievelle, propriedades= [] --- [has_name, has_text, who]), 
DCondition(X4, of, X5, propriedades= [author_of] --- []), 
DCondition(X3, of, X4, propriedades= [conc_of_Artist] --- []), 
DCondition(X1, obj, X3, propriedades= [select] --- []), 
DCondition(X1, has_text, be, propriedades= [] --- [has_name, has_text, who]), 
DCondition(X2, has_text, which, propriedades= [] --- [has_name, has_text, who]), 
DCondition(X5, has_text, Jean de Nievelle, propriedades= [] --- [has_name, has_text, who]), 
DCondition(X4, has_text, creator, propriedades= [] --- [has_name, has_text, who]), 
DCondition(X3, has_text, nationality, propriedades= [] --- [has_name, has_text, who]), 
DCondition(X2, has_name, null list, propriedades= [] --- [has_name, has_text, who]), 
DCondition(X1, obj, X2, propriedades= [qQualifier] --- [])]
 solu��es = []
 numeroFrase = 0
 numHasNames = 2
 numIndividuals = 5
 numEntitiesOk = 10
 numIsClass = 0
 numPropsOk = 5
 numEntitiesNOk = 0
 numClassesOk = 4]"," PREFIX rdf: <http://www.w3.org/1999/02/22-rdf-syntax-ns#> PREFIX xsd: <http://www.w3.org/2001/XMLSchema#> PREFIX rdfs: <http://www.w3.org/2000/01/rdf-schema#> PREFIX cidoc: <http://www.cidoc-crm.org/cidoc-crm/> SELECT  DISTINCT  ?snameConceptArtist5 ?ConceptArtist5 ?snameArtefact3 ?Artefact3 WHERE { {{?Artefact3 cidoc:P131_is_identified_by ?nameArtefact3 . ?nameArtefact3 rdf:value ?snameArtefact3 .}  UNION {?Artefact3 rdfs:label ?snameArtefact3 .}}  filter(regex(?snameArtefact3,""Jean de Nievelle"",""i"")) . ?prod cidoc:P14_carried_out_by ?Artist4 . ?Artefact3 cidoc:P108i_was_produced_by ?prod . ?Artist4 rdfs:label ?snameArtist4 . ?Artist4 cidoc:P107i_is_current_or_former_member_of ?ConceptArtist5. ?ConceptArtist5 rdfs:label ?snameConceptArtist5. }",true
206,Which is the nationality of the creator of Jim and Dodge Power Van?," X1-be-is-null,X2-which-Which-null,X6-Dodge Power-Dodge Power-null,X7-Van-Van-null,X5-Jim-Jim-null,X4-creator-creator-the,X3-nationality-nationality-the, X1-subj-X2,X6-has_name-Dodge Power,X7-has_name-Van,X4-of-X6,X5-has_name-Jim,X4-of-X5,X3-of-X4,X1-obj-X3, X1-be-is-null,X2-which-Which-null,X3-nationality-nationality-the,X6-Dodge Power-Dodge Power-null,X7-Van-Van-null,X5-Jim-Jim-null,X4-creator-creator-the, X1-subj-X2,X1-obj-X3,X6-has_name-Dodge Power,X7-has_name-Van,X4-of-X6,X5-has_name-Jim,X4-of-X5,X1-obl_of-X4, X1-be-is-null,X2-which-Which-null,X3-nationality-nationality-the,X4-creator-creator-the,X6-Dodge Power-Dodge Power-null,X7-Van-Van-null,X5-Jim-Jim-null, X1-subj-X2,X1-obj-X3,X1-obl_of-X4,X6-has_name-Dodge Power,X7-has_name-Van,X1-obl_of-X6,X5-has_name-Jim,X1-obl_of-X5, X1-be-is-null,X2-which-Which-null,X4-creator-creator-the,X6-Dodge Power-Dodge Power-null,X7-Van-Van-null,X5-Jim-Jim-null,X3-nationality-nationality-the, X1-subj-X2,X3-of-X4,X6-has_name-Dodge Power,X7-has_name-Van,X3-of-X6,X5-has_name-Jim,X3-of-X5,X1-obj-X3, X1-be-is-null,X2-which-Which-null,X5-Dodge Power-Dodge Power-null,X6-Van-Van-null,X4-Jim-Jim-null,X3-nationality-nationality-the,X7-creator-creator-the, X1-subj-X2,X5-has_name-Dodge Power,X6-has_name-Van,X3-of-X5,X4-has_name-Jim,X3-of-X4,X1-obj-X3,X1-obl_of-X7, X1-be-is-null,X2-which-Which-null,X4-creator-creator-the,X3-nationality-nationality-the,X6-Dodge Power-Dodge Power-null,X7-Van-Van-null,X5-Jim-Jim-null, X1-subj-X2,X3-of-X4,X1-obj-X3,X6-has_name-Dodge Power,X7-has_name-Van,X1-obl_of-X6,X5-has_name-Jim,X1-obl_of-X5,",Incorrect partial DRS,null,null
207,Which is the nationality of the creator of Joan Miro?," X1-be-is-null,X2-which-Which-null,X5-Joan Miro-Joan-null,X4-creator-creator-the,X3-nationality-nationality-the, X1-subj-X2,X5-has_name-Joan Miro,X4-of-X5,X3-of-X4,X1-obj-X3, X1-be-is-null,X2-which-Which-null,X3-nationality-nationality-the,X5-Joan Miro-Joan-null,X4-creator-creator-the, X1-subj-X2,X1-obj-X3,X5-has_name-Joan Miro,X4-of-X5,X1-obl_of-X4, X1-be-is-null,X2-which-Which-null,X3-nationality-nationality-the,X4-creator-creator-the,X5-Joan Miro-Joan-null, X1-subj-X2,X1-obj-X3,X1-obl_of-X4,X5-has_name-Joan Miro,X1-obl_of-X5, X1-be-is-null,X2-which-Which-null,X4-creator-creator-the,X5-Joan Miro-Joan-null,X3-nationality-nationality-the, X1-subj-X2,X3-of-X4,X5-has_name-Joan Miro,X3-of-X5,X1-obj-X3, X1-be-is-null,X2-which-Which-null,X4-Joan Miro-Joan-null,X3-nationality-nationality-the,X5-creator-creator-the, X1-subj-X2,X4-has_name-Joan Miro,X3-of-X4,X1-obj-X3,X1-obl_of-X5, X1-be-is-null,X2-which-Which-null,X4-creator-creator-the,X3-nationality-nationality-the,X5-Joan Miro-Joan-null, X1-subj-X2,X3-of-X4,X1-obj-X3,X5-has_name-Joan Miro,X1-obl_of-X5,","Drs [
 tokens=[],
 dEntities=[
DEntity(X1, be, is, VERB, null, false, Query1, Query), 
DEntity(X2, which, Which, PRON, null, false, Qualifier2, Qualifier), 
DEntity(X5, Joan Miro, Joan, PROPN, null, false, Artefact3, Artefact), 
DEntity(X4, creator, creator, NOUN, the, false, Artist4, Artist), 
DEntity(X3, nationality, nationality, NOUN, the, false, ConceptArtist5, ConceptArtist)],
 dConditions=[
DCondition(X1, subj, X2, propriedades= [qQualifier] --- []), 
DCondition(X5, has_name, Joan Miro, propriedades= [] --- [has_name, has_text, who]), 
DCondition(X4, of, X5, propriedades= [author_of] --- []), 
DCondition(X3, of, X4, propriedades= [conc_of_Artist] --- []), 
DCondition(X1, obj, X3, propriedades= [select] --- []), 
DCondition(X1, has_text, be, propriedades= [] --- [has_name, has_text, who]), 
DCondition(X2, has_text, which, propriedades= [] --- [has_name, has_text, who]), 
DCondition(X5, has_text, Joan Miro, propriedades= [] --- [has_name, has_text, who]), 
DCondition(X4, has_text, creator, propriedades= [] --- [has_name, has_text, who]), 
DCondition(X3, has_text, nationality, propriedades= [] --- [has_name, has_text, who]), 
DCondition(X2, has_name, null list, propriedades= [] --- [has_name, has_text, who]), 
DCondition(X1, obj, X2, propriedades= [qQualifier] --- [])]
 solu��es = []
 numeroFrase = 0
 numHasNames = 2
 numIndividuals = 5
 numEntitiesOk = 10
 numIsClass = 0
 numPropsOk = 5
 numEntitiesNOk = 0
 numClassesOk = 4]"," PREFIX rdf: <http://www.w3.org/1999/02/22-rdf-syntax-ns#> PREFIX xsd: <http://www.w3.org/2001/XMLSchema#> PREFIX rdfs: <http://www.w3.org/2000/01/rdf-schema#> PREFIX cidoc: <http://www.cidoc-crm.org/cidoc-crm/> SELECT  DISTINCT  ?snameConceptArtist5 ?ConceptArtist5 ?snameArtefact3 ?Artefact3 WHERE { {{?Artefact3 cidoc:P131_is_identified_by ?nameArtefact3 . ?nameArtefact3 rdf:value ?snameArtefact3 .}  UNION {?Artefact3 rdfs:label ?snameArtefact3 .}}  filter(regex(?snameArtefact3,""Joan Miro"",""i"")) . ?prod cidoc:P14_carried_out_by ?Artist4 . ?Artefact3 cidoc:P108i_was_produced_by ?prod . ?Artist4 rdfs:label ?snameArtist4 . ?Artist4 cidoc:P107i_is_current_or_former_member_of ?ConceptArtist5. ?ConceptArtist5 rdfs:label ?snameConceptArtist5. }",true
208,Which is the nationality of the creator of Joe Louis vs. Arturo Goday?," X1-be-is-null,X2-which-Which-null,X6-Arturo Goday-Arturo-null,X5-Joe Louis-Joe-null,X4-creator-creator-the,X3-nationality-nationality-the, X1-subj-X2,X6-has_name-Arturo Goday,X5-vs.-X6,X5-has_name-Joe Louis,X4-of-X5,X3-of-X4,X1-obj-X3, X1-be-is-null,X2-which-Which-null,X3-nationality-nationality-the,X6-Arturo Goday-Arturo-null,X5-Joe Louis-Joe-null,X4-creator-creator-the, X1-subj-X2,X1-obj-X3,X6-has_name-Arturo Goday,X5-vs.-X6,X5-has_name-Joe Louis,X4-of-X5,X1-obl_of-X4, X1-be-is-null,X2-which-Which-null,X3-nationality-nationality-the,X4-creator-creator-the,X6-Arturo Goday-Arturo-null,X5-Joe Louis-Joe-null, X1-subj-X2,X1-obj-X3,X1-obl_of-X4,X6-has_name-Arturo Goday,X5-vs.-X6,X5-has_name-Joe Louis,X1-obl_of-X5, X1-be-is-null,X2-which-Which-null,X3-nationality-nationality-the,X4-creator-creator-the,X5-Joe Louis-Joe-null,X6-Arturo Goday-Arturo-null, X1-subj-X2,X1-obj-X3,X1-obl_of-X4,X5-has_name-Joe Louis,X1-obl_of-X5,X6-has_name-Arturo Goday,X1-obl_vs.-X6, X1-be-is-null,X2-which-Which-null,X3-nationality-nationality-the,X5-Joe Louis-Joe-null,X6-Arturo Goday-Arturo-null,X4-creator-creator-the, X1-subj-X2,X1-obj-X3,X5-has_name-Joe Louis,X4-of-X5,X6-has_name-Arturo Goday,X4-vs.-X6,X1-obl_of-X4, X1-be-is-null,X2-which-Which-null,X4-creator-creator-the,X6-Arturo Goday-Arturo-null,X5-Joe Louis-Joe-null,X3-nationality-nationality-the, X1-subj-X2,X3-of-X4,X6-has_name-Arturo Goday,X5-vs.-X6,X5-has_name-Joe Louis,X3-of-X5,X1-obj-X3, X1-be-is-null,X2-which-Which-null,X5-Arturo Goday-Arturo-null,X4-Joe Louis-Joe-null,X3-nationality-nationality-the,X6-creator-creator-the, X1-subj-X2,X5-has_name-Arturo Goday,X4-vs.-X5,X4-has_name-Joe Louis,X3-of-X4,X1-obj-X3,X1-obl_of-X6, X1-be-is-null,X2-which-Which-null,X4-creator-creator-the,X3-nationality-nationality-the,X6-Arturo Goday-Arturo-null,X5-Joe Louis-Joe-null, X1-subj-X2,X3-of-X4,X1-obj-X3,X6-has_name-Arturo Goday,X5-vs.-X6,X5-has_name-Joe Louis,X1-obl_of-X5, X1-be-is-null,X2-which-Which-null,X4-creator-creator-the,X5-Joe Louis-Joe-null,X6-Arturo Goday-Arturo-null,X3-nationality-nationality-the, X1-subj-X2,X3-of-X4,X5-has_name-Joe Louis,X3-of-X5,X6-has_name-Arturo Goday,X3-vs.-X6,X1-obj-X3, X1-be-is-null,X2-which-Which-null,X5-Joe Louis-Joe-null,X6-Arturo Goday-Arturo-null,X4-creator-creator-the,X3-nationality-nationality-the, X1-subj-X2,X5-has_name-Joe Louis,X4-of-X5,X6-has_name-Arturo Goday,X4-vs.-X6,X3-of-X4,X1-obj-X3,",Incorrect partial DRS,null,null
209,Which is the nationality of the creator of Joe or The Miner's Son?," X1-be-is-null,X2-which-Which-null,X7-Miner-Miner-the,X6-son-Son-null,X5-Joe-Joe-null,X4-creator-creator-the,X3-nationality-nationality-the, X1-subj-X2,X7-has_name-Miner,X6-of-X7,X4-of-X6,X5-has_name-Joe,X4-of-X5,X3-of-X4,X1-obj-X3, X1-be-is-null,X2-which-Which-null,X3-nationality-nationality-the,X7-Miner-Miner-the,X6-son-Son-null,X5-Joe-Joe-null,X4-creator-creator-the, X1-subj-X2,X1-obj-X3,X7-has_name-Miner,X6-of-X7,X4-of-X6,X5-has_name-Joe,X4-of-X5,X1-obl_of-X4,X1-obl-X4, X1-be-is-null,X2-which-Which-null,X3-nationality-nationality-the,X4-creator-creator-the,X7-Miner-Miner-the,X6-son-Son-null,X5-Joe-Joe-null, X1-subj-X2,X1-obj-X3,X1-obl_of-X4,X7-has_name-Miner,X6-of-X7,X1-obl_of-X6,X1-obl-X6,X5-has_name-Joe,X1-obl_of-X5,X1-obl-X5, X1-be-is-null,X2-which-Which-null,X4-creator-creator-the,X7-Miner-Miner-the,X6-son-Son-null,X5-Joe-Joe-null,X3-nationality-nationality-the, X1-subj-X2,X3-of-X4,X7-has_name-Miner,X6-of-X7,X3-of-X6,X5-has_name-Joe,X3-of-X5,X1-obj-X3, X1-be-is-null,X2-which-Which-null,X6-Miner-Miner-the,X5-son-Son-null,X4-Joe-Joe-null,X3-nationality-nationality-the,X7-creator-creator-the, X1-subj-X2,X6-has_name-Miner,X5-of-X6,X3-of-X5,X4-has_name-Joe,X3-of-X4,X1-obj-X3,X1-obl_of-X7, X1-be-is-null,X2-which-Which-null,X4-creator-creator-the,X3-nationality-nationality-the,X7-Miner-Miner-the,X6-son-Son-null,X5-Joe-Joe-null, X1-subj-X2,X3-of-X4,X1-obj-X3,X7-has_name-Miner,X6-of-X7,X1-obl_of-X6,X1-obl-X6,X5-has_name-Joe,X1-obl_of-X5,X1-obl-X5,",Incorrect partial DRS,null,null
210,Which is the nationality of the creator of John Elder?," X1-be-is-null,X2-which-Which-null,X5-John elder-John-null,X4-creator-creator-the,X3-nationality-nationality-the, X1-subj-X2,X5-has_name-John elder,X4-of-X5,X3-of-X4,X1-obj-X3, X1-be-is-null,X2-which-Which-null,X3-nationality-nationality-the,X5-John elder-John-null,X4-creator-creator-the, X1-subj-X2,X1-obj-X3,X5-has_name-John elder,X4-of-X5,X1-obl_of-X4, X1-be-is-null,X2-which-Which-null,X3-nationality-nationality-the,X4-creator-creator-the,X5-John elder-John-null, X1-subj-X2,X1-obj-X3,X1-obl_of-X4,X5-has_name-John elder,X1-obl_of-X5, X1-be-is-null,X2-which-Which-null,X4-creator-creator-the,X5-John elder-John-null,X3-nationality-nationality-the, X1-subj-X2,X3-of-X4,X5-has_name-John elder,X3-of-X5,X1-obj-X3, X1-be-is-null,X2-which-Which-null,X4-John elder-John-null,X3-nationality-nationality-the,X5-creator-creator-the, X1-subj-X2,X4-has_name-John elder,X3-of-X4,X1-obj-X3,X1-obl_of-X5, X1-be-is-null,X2-which-Which-null,X4-creator-creator-the,X3-nationality-nationality-the,X5-John elder-John-null, X1-subj-X2,X3-of-X4,X1-obj-X3,X5-has_name-John elder,X1-obl_of-X5,",Incorrect partial DRS,null,null
211,Which is the nationality of the creator of John Quincy Adams Ward?," X1-be-is-null,X2-which-Which-null,X5-John Quincy Adams Ward-John-null,X4-creator-creator-the,X3-nationality-nationality-the, X1-subj-X2,X5-has_name-John Quincy Adams Ward,X4-of-X5,X3-of-X4,X1-obj-X3, X1-be-is-null,X2-which-Which-null,X3-nationality-nationality-the,X5-John Quincy Adams Ward-John-null,X4-creator-creator-the, X1-subj-X2,X1-obj-X3,X5-has_name-John Quincy Adams Ward,X4-of-X5,X1-obl_of-X4, X1-be-is-null,X2-which-Which-null,X3-nationality-nationality-the,X4-creator-creator-the,X5-John Quincy Adams Ward-John-null, X1-subj-X2,X1-obj-X3,X1-obl_of-X4,X5-has_name-John Quincy Adams Ward,X1-obl_of-X5, X1-be-is-null,X2-which-Which-null,X4-creator-creator-the,X5-John Quincy Adams Ward-John-null,X3-nationality-nationality-the, X1-subj-X2,X3-of-X4,X5-has_name-John Quincy Adams Ward,X3-of-X5,X1-obj-X3, X1-be-is-null,X2-which-Which-null,X4-John Quincy Adams Ward-John-null,X3-nationality-nationality-the,X5-creator-creator-the, X1-subj-X2,X4-has_name-John Quincy Adams Ward,X3-of-X4,X1-obj-X3,X1-obl_of-X5, X1-be-is-null,X2-which-Which-null,X4-creator-creator-the,X3-nationality-nationality-the,X5-John Quincy Adams Ward-John-null, X1-subj-X2,X3-of-X4,X1-obj-X3,X5-has_name-John Quincy Adams Ward,X1-obl_of-X5,","Drs [
 tokens=[],
 dEntities=[
DEntity(X1, be, is, VERB, null, false, Query1, Query), 
DEntity(X2, which, Which, PRON, null, false, Qualifier2, Qualifier), 
DEntity(X5, John Quincy Adams Ward, John, PROPN, null, false, Artefact3, Artefact), 
DEntity(X4, creator, creator, NOUN, the, false, Artist4, Artist), 
DEntity(X3, nationality, nationality, NOUN, the, false, ConceptArtist5, ConceptArtist)],
 dConditions=[
DCondition(X1, subj, X2, propriedades= [qQualifier] --- []), 
DCondition(X5, has_name, John Quincy Adams Ward, propriedades= [] --- [has_name, has_text, who]), 
DCondition(X4, of, X5, propriedades= [author_of] --- []), 
DCondition(X3, of, X4, propriedades= [conc_of_Artist] --- []), 
DCondition(X1, obj, X3, propriedades= [select] --- []), 
DCondition(X1, has_text, be, propriedades= [] --- [has_name, has_text, who]), 
DCondition(X2, has_text, which, propriedades= [] --- [has_name, has_text, who]), 
DCondition(X5, has_text, John Quincy Adams Ward, propriedades= [] --- [has_name, has_text, who]), 
DCondition(X4, has_text, creator, propriedades= [] --- [has_name, has_text, who]), 
DCondition(X3, has_text, nationality, propriedades= [] --- [has_name, has_text, who]), 
DCondition(X2, has_name, null list, propriedades= [] --- [has_name, has_text, who]), 
DCondition(X1, obj, X2, propriedades= [qQualifier] --- [])]
 solu��es = []
 numeroFrase = 0
 numHasNames = 2
 numIndividuals = 5
 numEntitiesOk = 10
 numIsClass = 0
 numPropsOk = 5
 numEntitiesNOk = 0
 numClassesOk = 4]"," PREFIX rdf: <http://www.w3.org/1999/02/22-rdf-syntax-ns#> PREFIX xsd: <http://www.w3.org/2001/XMLSchema#> PREFIX rdfs: <http://www.w3.org/2000/01/rdf-schema#> PREFIX cidoc: <http://www.cidoc-crm.org/cidoc-crm/> SELECT  DISTINCT  ?snameConceptArtist5 ?ConceptArtist5 ?snameArtefact3 ?Artefact3 WHERE { {{?Artefact3 cidoc:P131_is_identified_by ?nameArtefact3 . ?nameArtefact3 rdf:value ?snameArtefact3 .}  UNION {?Artefact3 rdfs:label ?snameArtefact3 .}}  filter(regex(?snameArtefact3,""John Quincy Adams Ward"",""i"")) . ?prod cidoc:P14_carried_out_by ?Artist4 . ?Artefact3 cidoc:P108i_was_produced_by ?prod . ?Artist4 rdfs:label ?snameArtist4 . ?Artist4 cidoc:P107i_is_current_or_former_member_of ?ConceptArtist5. ?ConceptArtist5 rdfs:label ?snameConceptArtist5. }",true
212,Which is the nationality of the creator of John Swanwick?," X1-be-is-null,X2-which-Which-null,X5-John Swanwick-John-null,X4-creator-creator-the,X3-nationality-nationality-the, X1-subj-X2,X5-has_name-John Swanwick,X4-of-X5,X3-of-X4,X1-obj-X3, X1-be-is-null,X2-which-Which-null,X3-nationality-nationality-the,X5-John Swanwick-John-null,X4-creator-creator-the, X1-subj-X2,X1-obj-X3,X5-has_name-John Swanwick,X4-of-X5,X1-obl_of-X4, X1-be-is-null,X2-which-Which-null,X3-nationality-nationality-the,X4-creator-creator-the,X5-John Swanwick-John-null, X1-subj-X2,X1-obj-X3,X1-obl_of-X4,X5-has_name-John Swanwick,X1-obl_of-X5, X1-be-is-null,X2-which-Which-null,X4-creator-creator-the,X5-John Swanwick-John-null,X3-nationality-nationality-the, X1-subj-X2,X3-of-X4,X5-has_name-John Swanwick,X3-of-X5,X1-obj-X3, X1-be-is-null,X2-which-Which-null,X4-John Swanwick-John-null,X3-nationality-nationality-the,X5-creator-creator-the, X1-subj-X2,X4-has_name-John Swanwick,X3-of-X4,X1-obj-X3,X1-obl_of-X5, X1-be-is-null,X2-which-Which-null,X4-creator-creator-the,X3-nationality-nationality-the,X5-John Swanwick-John-null, X1-subj-X2,X3-of-X4,X1-obj-X3,X5-has_name-John Swanwick,X1-obl_of-X5,","Drs [
 tokens=[],
 dEntities=[
DEntity(X1, be, is, VERB, null, false, Query1, Query), 
DEntity(X2, which, Which, PRON, null, false, Qualifier2, Qualifier), 
DEntity(X5, John Swanwick, John, PROPN, null, false, Artefact3, Artefact), 
DEntity(X4, creator, creator, NOUN, the, false, Artist4, Artist), 
DEntity(X3, nationality, nationality, NOUN, the, false, ConceptArtist5, ConceptArtist)],
 dConditions=[
DCondition(X1, subj, X2, propriedades= [qQualifier] --- []), 
DCondition(X5, has_name, John Swanwick, propriedades= [] --- [has_name, has_text, who]), 
DCondition(X4, of, X5, propriedades= [author_of] --- []), 
DCondition(X3, of, X4, propriedades= [conc_of_Artist] --- []), 
DCondition(X1, obj, X3, propriedades= [select] --- []), 
DCondition(X1, has_text, be, propriedades= [] --- [has_name, has_text, who]), 
DCondition(X2, has_text, which, propriedades= [] --- [has_name, has_text, who]), 
DCondition(X5, has_text, John Swanwick, propriedades= [] --- [has_name, has_text, who]), 
DCondition(X4, has_text, creator, propriedades= [] --- [has_name, has_text, who]), 
DCondition(X3, has_text, nationality, propriedades= [] --- [has_name, has_text, who]), 
DCondition(X2, has_name, null list, propriedades= [] --- [has_name, has_text, who]), 
DCondition(X1, obj, X2, propriedades= [qQualifier] --- [])]
 solu��es = []
 numeroFrase = 0
 numHasNames = 2
 numIndividuals = 5
 numEntitiesOk = 10
 numIsClass = 0
 numPropsOk = 5
 numEntitiesNOk = 0
 numClassesOk = 4]"," PREFIX rdf: <http://www.w3.org/1999/02/22-rdf-syntax-ns#> PREFIX xsd: <http://www.w3.org/2001/XMLSchema#> PREFIX rdfs: <http://www.w3.org/2000/01/rdf-schema#> PREFIX cidoc: <http://www.cidoc-crm.org/cidoc-crm/> SELECT  DISTINCT  ?snameConceptArtist5 ?ConceptArtist5 ?snameArtefact3 ?Artefact3 WHERE { {{?Artefact3 cidoc:P131_is_identified_by ?nameArtefact3 . ?nameArtefact3 rdf:value ?snameArtefact3 .}  UNION {?Artefact3 rdfs:label ?snameArtefact3 .}}  filter(regex(?snameArtefact3,""John Swanwick"",""i"")) . ?prod cidoc:P14_carried_out_by ?Artist4 . ?Artefact3 cidoc:P108i_was_produced_by ?prod . ?Artist4 rdfs:label ?snameArtist4 . ?Artist4 cidoc:P107i_is_current_or_former_member_of ?ConceptArtist5. ?ConceptArtist5 rdfs:label ?snameConceptArtist5. }",true
213,Which is the nationality of the creator of Jonathan Jones Wheeler?," X1-be-is-null,X2-which-Which-null,X5-Jonathan Jones Wheeler-Jonathan-null,X4-creator-creator-the,X3-nationality-nationality-the, X1-subj-X2,X5-has_name-Jonathan Jones Wheeler,X4-of-X5,X3-of-X4,X1-obj-X3, X1-be-is-null,X2-which-Which-null,X3-nationality-nationality-the,X5-Jonathan Jones Wheeler-Jonathan-null,X4-creator-creator-the, X1-subj-X2,X1-obj-X3,X5-has_name-Jonathan Jones Wheeler,X4-of-X5,X1-obl_of-X4, X1-be-is-null,X2-which-Which-null,X3-nationality-nationality-the,X4-creator-creator-the,X5-Jonathan Jones Wheeler-Jonathan-null, X1-subj-X2,X1-obj-X3,X1-obl_of-X4,X5-has_name-Jonathan Jones Wheeler,X1-obl_of-X5, X1-be-is-null,X2-which-Which-null,X4-creator-creator-the,X5-Jonathan Jones Wheeler-Jonathan-null,X3-nationality-nationality-the, X1-subj-X2,X3-of-X4,X5-has_name-Jonathan Jones Wheeler,X3-of-X5,X1-obj-X3, X1-be-is-null,X2-which-Which-null,X4-Jonathan Jones Wheeler-Jonathan-null,X3-nationality-nationality-the,X5-creator-creator-the, X1-subj-X2,X4-has_name-Jonathan Jones Wheeler,X3-of-X4,X1-obj-X3,X1-obl_of-X5, X1-be-is-null,X2-which-Which-null,X4-creator-creator-the,X3-nationality-nationality-the,X5-Jonathan Jones Wheeler-Jonathan-null, X1-subj-X2,X3-of-X4,X1-obj-X3,X5-has_name-Jonathan Jones Wheeler,X1-obl_of-X5,","Drs [
 tokens=[],
 dEntities=[
DEntity(X1, be, is, VERB, null, false, Query1, Query), 
DEntity(X2, which, Which, PRON, null, false, Qualifier2, Qualifier), 
DEntity(X5, Jonathan Jones Wheeler, Jonathan, PROPN, null, false, Artefact3, Artefact), 
DEntity(X4, creator, creator, NOUN, the, false, Artist4, Artist), 
DEntity(X3, nationality, nationality, NOUN, the, false, ConceptArtist5, ConceptArtist)],
 dConditions=[
DCondition(X1, subj, X2, propriedades= [qQualifier] --- []), 
DCondition(X5, has_name, Jonathan Jones Wheeler, propriedades= [] --- [has_name, has_text, who]), 
DCondition(X4, of, X5, propriedades= [author_of] --- []), 
DCondition(X3, of, X4, propriedades= [conc_of_Artist] --- []), 
DCondition(X1, obj, X3, propriedades= [select] --- []), 
DCondition(X1, has_text, be, propriedades= [] --- [has_name, has_text, who]), 
DCondition(X2, has_text, which, propriedades= [] --- [has_name, has_text, who]), 
DCondition(X5, has_text, Jonathan Jones Wheeler, propriedades= [] --- [has_name, has_text, who]), 
DCondition(X4, has_text, creator, propriedades= [] --- [has_name, has_text, who]), 
DCondition(X3, has_text, nationality, propriedades= [] --- [has_name, has_text, who]), 
DCondition(X2, has_name, null list, propriedades= [] --- [has_name, has_text, who]), 
DCondition(X1, obj, X2, propriedades= [qQualifier] --- [])]
 solu��es = []
 numeroFrase = 0
 numHasNames = 2
 numIndividuals = 5
 numEntitiesOk = 10
 numIsClass = 0
 numPropsOk = 5
 numEntitiesNOk = 0
 numClassesOk = 4]"," PREFIX rdf: <http://www.w3.org/1999/02/22-rdf-syntax-ns#> PREFIX xsd: <http://www.w3.org/2001/XMLSchema#> PREFIX rdfs: <http://www.w3.org/2000/01/rdf-schema#> PREFIX cidoc: <http://www.cidoc-crm.org/cidoc-crm/> SELECT  DISTINCT  ?snameConceptArtist5 ?ConceptArtist5 ?snameArtefact3 ?Artefact3 WHERE { {{?Artefact3 cidoc:P131_is_identified_by ?nameArtefact3 . ?nameArtefact3 rdf:value ?snameArtefact3 .}  UNION {?Artefact3 rdfs:label ?snameArtefact3 .}}  filter(regex(?snameArtefact3,""Jonathan Jones Wheeler"",""i"")) . ?prod cidoc:P14_carried_out_by ?Artist4 . ?Artefact3 cidoc:P108i_was_produced_by ?prod . ?Artist4 rdfs:label ?snameArtist4 . ?Artist4 cidoc:P107i_is_current_or_former_member_of ?ConceptArtist5. ?ConceptArtist5 rdfs:label ?snameConceptArtist5. }",true
214,Which is the nationality of the creator of Jose De Charmoy?," X1-be-is-null,X2-which-Which-null,X5-Jose De Charmoy-Jose-null,X4-creator-creator-the,X3-nationality-nationality-the, X1-subj-X2,X5-has_name-Jose De Charmoy,X4-of-X5,X3-of-X4,X1-obj-X3, X1-be-is-null,X2-which-Which-null,X3-nationality-nationality-the,X5-Jose De Charmoy-Jose-null,X4-creator-creator-the, X1-subj-X2,X1-obj-X3,X5-has_name-Jose De Charmoy,X4-of-X5,X1-obl_of-X4, X1-be-is-null,X2-which-Which-null,X3-nationality-nationality-the,X4-creator-creator-the,X5-Jose De Charmoy-Jose-null, X1-subj-X2,X1-obj-X3,X1-obl_of-X4,X5-has_name-Jose De Charmoy,X1-obl_of-X5, X1-be-is-null,X2-which-Which-null,X4-creator-creator-the,X5-Jose De Charmoy-Jose-null,X3-nationality-nationality-the, X1-subj-X2,X3-of-X4,X5-has_name-Jose De Charmoy,X3-of-X5,X1-obj-X3, X1-be-is-null,X2-which-Which-null,X4-Jose De Charmoy-Jose-null,X3-nationality-nationality-the,X5-creator-creator-the, X1-subj-X2,X4-has_name-Jose De Charmoy,X3-of-X4,X1-obj-X3,X1-obl_of-X5, X1-be-is-null,X2-which-Which-null,X4-creator-creator-the,X3-nationality-nationality-the,X5-Jose De Charmoy-Jose-null, X1-subj-X2,X3-of-X4,X1-obj-X3,X5-has_name-Jose De Charmoy,X1-obl_of-X5,","Drs [
 tokens=[],
 dEntities=[
DEntity(X1, be, is, VERB, null, false, Query1, Query), 
DEntity(X2, which, Which, PRON, null, false, Qualifier2, Qualifier), 
DEntity(X5, Jose De Charmoy, Jose, PROPN, null, false, Artefact3, Artefact), 
DEntity(X4, creator, creator, NOUN, the, false, Artist4, Artist), 
DEntity(X3, nationality, nationality, NOUN, the, false, ConceptArtist5, ConceptArtist)],
 dConditions=[
DCondition(X1, subj, X2, propriedades= [qQualifier] --- []), 
DCondition(X5, has_name, Jose De Charmoy, propriedades= [] --- [has_name, has_text, who]), 
DCondition(X4, of, X5, propriedades= [author_of] --- []), 
DCondition(X3, of, X4, propriedades= [conc_of_Artist] --- []), 
DCondition(X1, obj, X3, propriedades= [select] --- []), 
DCondition(X1, has_text, be, propriedades= [] --- [has_name, has_text, who]), 
DCondition(X2, has_text, which, propriedades= [] --- [has_name, has_text, who]), 
DCondition(X5, has_text, Jose De Charmoy, propriedades= [] --- [has_name, has_text, who]), 
DCondition(X4, has_text, creator, propriedades= [] --- [has_name, has_text, who]), 
DCondition(X3, has_text, nationality, propriedades= [] --- [has_name, has_text, who]), 
DCondition(X2, has_name, null list, propriedades= [] --- [has_name, has_text, who]), 
DCondition(X1, obj, X2, propriedades= [qQualifier] --- [])]
 solu��es = []
 numeroFrase = 0
 numHasNames = 2
 numIndividuals = 5
 numEntitiesOk = 10
 numIsClass = 0
 numPropsOk = 5
 numEntitiesNOk = 0
 numClassesOk = 4]"," PREFIX rdf: <http://www.w3.org/1999/02/22-rdf-syntax-ns#> PREFIX xsd: <http://www.w3.org/2001/XMLSchema#> PREFIX rdfs: <http://www.w3.org/2000/01/rdf-schema#> PREFIX cidoc: <http://www.cidoc-crm.org/cidoc-crm/> SELECT  DISTINCT  ?snameConceptArtist5 ?ConceptArtist5 ?snameArtefact3 ?Artefact3 WHERE { {{?Artefact3 cidoc:P131_is_identified_by ?nameArtefact3 . ?nameArtefact3 rdf:value ?snameArtefact3 .}  UNION {?Artefact3 rdfs:label ?snameArtefact3 .}}  filter(regex(?snameArtefact3,""Jose De Charmoy"",""i"")) . ?prod cidoc:P14_carried_out_by ?Artist4 . ?Artefact3 cidoc:P108i_was_produced_by ?prod . ?Artist4 rdfs:label ?snameArtist4 . ?Artist4 cidoc:P107i_is_current_or_former_member_of ?ConceptArtist5. ?ConceptArtist5 rdfs:label ?snameConceptArtist5. }",true
215,"Which is the nationality of the creator of Karnak, Vue Prise du Sud?"," X1-be-is-null,X2-which-Which-null,X6-Vue Prise-Vue Prise-null,X5-du Karnak Sud-du Karnak-null,X4-creator-creator-the,X3-nationality-nationality-the, X1-subj-X2,X6-has_name-Vue Prise,X5-rel-X6,X5-has_name-du Karnak Sud,X4-of-X5,X3-of-X4,X1-obj-X3, X1-be-is-null,X2-which-Which-null,X3-nationality-nationality-the,X6-Vue Prise-Vue Prise-null,X5-du Karnak Sud-du Karnak-null,X4-creator-creator-the, X1-subj-X2,X1-obj-X3,X6-has_name-Vue Prise,X5-rel-X6,X5-has_name-du Karnak Sud,X4-of-X5,X1-obl_of-X4, X1-be-is-null,X2-which-Which-null,X3-nationality-nationality-the,X4-creator-creator-the,X6-Vue Prise-Vue Prise-null,X5-du Karnak Sud-du Karnak-null, X1-subj-X2,X1-obj-X3,X1-obl_of-X4,X6-has_name-Vue Prise,X5-rel-X6,X5-has_name-du Karnak Sud,X1-obl_of-X5, X1-be-is-null,X2-which-Which-null,X4-creator-creator-the,X6-Vue Prise-Vue Prise-null,X5-du Karnak Sud-du Karnak-null,X3-nationality-nationality-the, X1-subj-X2,X3-of-X4,X6-has_name-Vue Prise,X5-rel-X6,X5-has_name-du Karnak Sud,X3-of-X5,X1-obj-X3, X1-be-is-null,X2-which-Which-null,X5-Vue Prise-Vue Prise-null,X4-du Karnak Sud-du Karnak-null,X3-nationality-nationality-the,X6-creator-creator-the, X1-subj-X2,X5-has_name-Vue Prise,X4-rel-X5,X4-has_name-du Karnak Sud,X3-of-X4,X1-obj-X3,X1-obl_of-X6, X1-be-is-null,X2-which-Which-null,X4-creator-creator-the,X3-nationality-nationality-the,X6-Vue Prise-Vue Prise-null,X5-du Karnak Sud-du Karnak-null, X1-subj-X2,X3-of-X4,X1-obj-X3,X6-has_name-Vue Prise,X5-rel-X6,X5-has_name-du Karnak Sud,X1-obl_of-X5,",Incorrect partial DRS,null,null
216,Which is the nationality of the creator of Katherine Foote?," X1-be-is-null,X2-which-Which-null,X5-Katherine Foote-Katherine-null,X4-creator-creator-the,X3-nationality-nationality-the, X1-subj-X2,X5-has_name-Katherine Foote,X4-of-X5,X3-of-X4,X1-obj-X3, X1-be-is-null,X2-which-Which-null,X3-nationality-nationality-the,X5-Katherine Foote-Katherine-null,X4-creator-creator-the, X1-subj-X2,X1-obj-X3,X5-has_name-Katherine Foote,X4-of-X5,X1-obl_of-X4, X1-be-is-null,X2-which-Which-null,X3-nationality-nationality-the,X4-creator-creator-the,X5-Katherine Foote-Katherine-null, X1-subj-X2,X1-obj-X3,X1-obl_of-X4,X5-has_name-Katherine Foote,X1-obl_of-X5, X1-be-is-null,X2-which-Which-null,X4-creator-creator-the,X5-Katherine Foote-Katherine-null,X3-nationality-nationality-the, X1-subj-X2,X3-of-X4,X5-has_name-Katherine Foote,X3-of-X5,X1-obj-X3, X1-be-is-null,X2-which-Which-null,X4-Katherine Foote-Katherine-null,X3-nationality-nationality-the,X5-creator-creator-the, X1-subj-X2,X4-has_name-Katherine Foote,X3-of-X4,X1-obj-X3,X1-obl_of-X5, X1-be-is-null,X2-which-Which-null,X4-creator-creator-the,X3-nationality-nationality-the,X5-Katherine Foote-Katherine-null, X1-subj-X2,X3-of-X4,X1-obj-X3,X5-has_name-Katherine Foote,X1-obl_of-X5,","Drs [
 tokens=[],
 dEntities=[
DEntity(X1, be, is, VERB, null, false, Query1, Query), 
DEntity(X2, which, Which, PRON, null, false, Qualifier2, Qualifier), 
DEntity(X5, Katherine Foote, Katherine, PROPN, null, false, Artefact3, Artefact), 
DEntity(X4, creator, creator, NOUN, the, false, Artist4, Artist), 
DEntity(X3, nationality, nationality, NOUN, the, false, ConceptArtist5, ConceptArtist)],
 dConditions=[
DCondition(X1, subj, X2, propriedades= [qQualifier] --- []), 
DCondition(X5, has_name, Katherine Foote, propriedades= [] --- [has_name, has_text, who]), 
DCondition(X4, of, X5, propriedades= [author_of] --- []), 
DCondition(X3, of, X4, propriedades= [conc_of_Artist] --- []), 
DCondition(X1, obj, X3, propriedades= [select] --- []), 
DCondition(X1, has_text, be, propriedades= [] --- [has_name, has_text, who]), 
DCondition(X2, has_text, which, propriedades= [] --- [has_name, has_text, who]), 
DCondition(X5, has_text, Katherine Foote, propriedades= [] --- [has_name, has_text, who]), 
DCondition(X4, has_text, creator, propriedades= [] --- [has_name, has_text, who]), 
DCondition(X3, has_text, nationality, propriedades= [] --- [has_name, has_text, who]), 
DCondition(X2, has_name, null list, propriedades= [] --- [has_name, has_text, who]), 
DCondition(X1, obj, X2, propriedades= [qQualifier] --- [])]
 solu��es = []
 numeroFrase = 0
 numHasNames = 2
 numIndividuals = 5
 numEntitiesOk = 10
 numIsClass = 0
 numPropsOk = 5
 numEntitiesNOk = 0
 numClassesOk = 4]"," PREFIX rdf: <http://www.w3.org/1999/02/22-rdf-syntax-ns#> PREFIX xsd: <http://www.w3.org/2001/XMLSchema#> PREFIX rdfs: <http://www.w3.org/2000/01/rdf-schema#> PREFIX cidoc: <http://www.cidoc-crm.org/cidoc-crm/> SELECT  DISTINCT  ?snameConceptArtist5 ?ConceptArtist5 ?snameArtefact3 ?Artefact3 WHERE { {{?Artefact3 cidoc:P131_is_identified_by ?nameArtefact3 . ?nameArtefact3 rdf:value ?snameArtefact3 .}  UNION {?Artefact3 rdfs:label ?snameArtefact3 .}}  filter(regex(?snameArtefact3,""Katherine Foote"",""i"")) . ?prod cidoc:P14_carried_out_by ?Artist4 . ?Artefact3 cidoc:P108i_was_produced_by ?prod . ?Artist4 rdfs:label ?snameArtist4 . ?Artist4 cidoc:P107i_is_current_or_former_member_of ?ConceptArtist5. ?ConceptArtist5 rdfs:label ?snameConceptArtist5. }",true
217,Which is the nationality of the creator of Kentucky Barnyard?," X1-be-is-null,X2-which-Which-null,X5-Kentucky Barnyard-Kentucky Barnyard-null,X4-creator-creator-the,X3-nationality-nationality-the, X1-subj-X2,X5-has_name-Kentucky Barnyard,X4-of-X5,X3-of-X4,X1-obj-X3, X1-be-is-null,X2-which-Which-null,X3-nationality-nationality-the,X5-Kentucky Barnyard-Kentucky Barnyard-null,X4-creator-creator-the, X1-subj-X2,X1-obj-X3,X5-has_name-Kentucky Barnyard,X4-of-X5,X1-obl_of-X4, X1-be-is-null,X2-which-Which-null,X3-nationality-nationality-the,X4-creator-creator-the,X5-Kentucky Barnyard-Kentucky Barnyard-null, X1-subj-X2,X1-obj-X3,X1-obl_of-X4,X5-has_name-Kentucky Barnyard,X1-obl_of-X5, X1-be-is-null,X2-which-Which-null,X4-creator-creator-the,X5-Kentucky Barnyard-Kentucky Barnyard-null,X3-nationality-nationality-the, X1-subj-X2,X3-of-X4,X5-has_name-Kentucky Barnyard,X3-of-X5,X1-obj-X3, X1-be-is-null,X2-which-Which-null,X4-Kentucky Barnyard-Kentucky Barnyard-null,X3-nationality-nationality-the,X5-creator-creator-the, X1-subj-X2,X4-has_name-Kentucky Barnyard,X3-of-X4,X1-obj-X3,X1-obl_of-X5, X1-be-is-null,X2-which-Which-null,X4-creator-creator-the,X3-nationality-nationality-the,X5-Kentucky Barnyard-Kentucky Barnyard-null, X1-subj-X2,X3-of-X4,X1-obj-X3,X5-has_name-Kentucky Barnyard,X1-obl_of-X5,","Drs [
 tokens=[],
 dEntities=[
DEntity(X1, be, is, VERB, null, false, Query1, Query), 
DEntity(X2, which, Which, PRON, null, false, Qualifier2, Qualifier), 
DEntity(X5, Kentucky Barnyard, Kentucky Barnyard, PROPN, null, false, Artefact3, Artefact), 
DEntity(X4, creator, creator, NOUN, the, false, Artist4, Artist), 
DEntity(X3, nationality, nationality, NOUN, the, false, ConceptArtist5, ConceptArtist)],
 dConditions=[
DCondition(X1, subj, X2, propriedades= [qQualifier] --- []), 
DCondition(X5, has_name, Kentucky Barnyard, propriedades= [] --- [has_name, has_text, who]), 
DCondition(X4, of, X5, propriedades= [author_of] --- []), 
DCondition(X3, of, X4, propriedades= [conc_of_Artist] --- []), 
DCondition(X1, obj, X3, propriedades= [select] --- []), 
DCondition(X1, has_text, be, propriedades= [] --- [has_name, has_text, who]), 
DCondition(X2, has_text, which, propriedades= [] --- [has_name, has_text, who]), 
DCondition(X5, has_text, Kentucky Barnyard, propriedades= [] --- [has_name, has_text, who]), 
DCondition(X4, has_text, creator, propriedades= [] --- [has_name, has_text, who]), 
DCondition(X3, has_text, nationality, propriedades= [] --- [has_name, has_text, who]), 
DCondition(X2, has_name, null list, propriedades= [] --- [has_name, has_text, who]), 
DCondition(X1, obj, X2, propriedades= [qQualifier] --- [])]
 solu��es = []
 numeroFrase = 0
 numHasNames = 2
 numIndividuals = 5
 numEntitiesOk = 10
 numIsClass = 0
 numPropsOk = 5
 numEntitiesNOk = 0
 numClassesOk = 4]"," PREFIX rdf: <http://www.w3.org/1999/02/22-rdf-syntax-ns#> PREFIX xsd: <http://www.w3.org/2001/XMLSchema#> PREFIX rdfs: <http://www.w3.org/2000/01/rdf-schema#> PREFIX cidoc: <http://www.cidoc-crm.org/cidoc-crm/> SELECT  DISTINCT  ?snameConceptArtist5 ?ConceptArtist5 ?snameArtefact3 ?Artefact3 WHERE { {{?Artefact3 cidoc:P131_is_identified_by ?nameArtefact3 . ?nameArtefact3 rdf:value ?snameArtefact3 .}  UNION {?Artefact3 rdfs:label ?snameArtefact3 .}}  filter(regex(?snameArtefact3,""Kentucky Barnyard"",""i"")) . ?prod cidoc:P14_carried_out_by ?Artist4 . ?Artefact3 cidoc:P108i_was_produced_by ?prod . ?Artist4 rdfs:label ?snameArtist4 . ?Artist4 cidoc:P107i_is_current_or_former_member_of ?ConceptArtist5. ?ConceptArtist5 rdfs:label ?snameConceptArtist5. }",true
218,Which is the nationality of the creator of Kermit?," X1-be-is-null,X2-which-Which-null,X5-Kermit-Kermit-null,X4-creator-creator-the,X3-nationality-nationality-the, X1-subj-X2,X5-has_name-Kermit,X4-of-X5,X3-of-X4,X1-obj-X3, X1-be-is-null,X2-which-Which-null,X3-nationality-nationality-the,X5-Kermit-Kermit-null,X4-creator-creator-the, X1-subj-X2,X1-obj-X3,X5-has_name-Kermit,X4-of-X5,X1-obl_of-X4, X1-be-is-null,X2-which-Which-null,X3-nationality-nationality-the,X4-creator-creator-the,X5-Kermit-Kermit-null, X1-subj-X2,X1-obj-X3,X1-obl_of-X4,X5-has_name-Kermit,X1-obl_of-X5, X1-be-is-null,X2-which-Which-null,X4-creator-creator-the,X5-Kermit-Kermit-null,X3-nationality-nationality-the, X1-subj-X2,X3-of-X4,X5-has_name-Kermit,X3-of-X5,X1-obj-X3, X1-be-is-null,X2-which-Which-null,X4-Kermit-Kermit-null,X3-nationality-nationality-the,X5-creator-creator-the, X1-subj-X2,X4-has_name-Kermit,X3-of-X4,X1-obj-X3,X1-obl_of-X5, X1-be-is-null,X2-which-Which-null,X4-creator-creator-the,X3-nationality-nationality-the,X5-Kermit-Kermit-null, X1-subj-X2,X3-of-X4,X1-obj-X3,X5-has_name-Kermit,X1-obl_of-X5,","Drs [
 tokens=[],
 dEntities=[
DEntity(X1, be, is, VERB, null, false, Query1, Query), 
DEntity(X2, which, Which, PRON, null, false, Qualifier2, Qualifier), 
DEntity(X5, Kermit, Kermit, PROPN, null, false, Artefact3, Artefact), 
DEntity(X4, creator, creator, NOUN, the, false, Artist4, Artist), 
DEntity(X3, nationality, nationality, NOUN, the, false, ConceptArtist5, ConceptArtist)],
 dConditions=[
DCondition(X1, subj, X2, propriedades= [qQualifier] --- []), 
DCondition(X5, has_name, Kermit, propriedades= [] --- [has_name, has_text, who]), 
DCondition(X4, of, X5, propriedades= [author_of] --- []), 
DCondition(X3, of, X4, propriedades= [conc_of_Artist] --- []), 
DCondition(X1, obj, X3, propriedades= [select] --- []), 
DCondition(X1, has_text, be, propriedades= [] --- [has_name, has_text, who]), 
DCondition(X2, has_text, which, propriedades= [] --- [has_name, has_text, who]), 
DCondition(X5, has_text, Kermit, propriedades= [] --- [has_name, has_text, who]), 
DCondition(X4, has_text, creator, propriedades= [] --- [has_name, has_text, who]), 
DCondition(X3, has_text, nationality, propriedades= [] --- [has_name, has_text, who]), 
DCondition(X2, has_name, null list, propriedades= [] --- [has_name, has_text, who]), 
DCondition(X1, obj, X2, propriedades= [qQualifier] --- [])]
 solu��es = []
 numeroFrase = 0
 numHasNames = 2
 numIndividuals = 5
 numEntitiesOk = 10
 numIsClass = 0
 numPropsOk = 5
 numEntitiesNOk = 0
 numClassesOk = 4]"," PREFIX rdf: <http://www.w3.org/1999/02/22-rdf-syntax-ns#> PREFIX xsd: <http://www.w3.org/2001/XMLSchema#> PREFIX rdfs: <http://www.w3.org/2000/01/rdf-schema#> PREFIX cidoc: <http://www.cidoc-crm.org/cidoc-crm/> SELECT  DISTINCT  ?snameConceptArtist5 ?ConceptArtist5 ?snameArtefact3 ?Artefact3 WHERE { {{?Artefact3 cidoc:P131_is_identified_by ?nameArtefact3 . ?nameArtefact3 rdf:value ?snameArtefact3 .}  UNION {?Artefact3 rdfs:label ?snameArtefact3 .}}  filter(regex(?snameArtefact3,""Kermit"",""i"")) . ?prod cidoc:P14_carried_out_by ?Artist4 . ?Artefact3 cidoc:P108i_was_produced_by ?prod . ?Artist4 rdfs:label ?snameArtist4 . ?Artist4 cidoc:P107i_is_current_or_former_member_of ?ConceptArtist5. ?ConceptArtist5 rdfs:label ?snameConceptArtist5. }",true
219,Which is the nationality of the creator of King's Folly?,,Incorrect Stanza Parsing,null,null
220,Which is the nationality of the creator of L' Auberge a Rome?," X1-be-is-null,X2-which-Which-null,X5-L' Auberge-L' Auberge-null,X6-Rome-Rome-a,X4-creator-creator-the,X3-nationality-nationality-the, X1-subj-X2,X5-has_name-L' Auberge,X4-of-X5,X6-has_name-Rome,X4-rel-X6,X3-of-X4,X1-obj-X3, X1-be-is-null,X2-which-Which-null,X3-nationality-nationality-the,X5-L' Auberge-L' Auberge-null,X6-Rome-Rome-a,X4-creator-creator-the, X1-subj-X2,X1-obj-X3,X5-has_name-L' Auberge,X4-of-X5,X6-has_name-Rome,X4-rel-X6,X1-obl_of-X4, X1-be-is-null,X2-which-Which-null,X3-nationality-nationality-the,X5-Rome-Rome-a,X4-creator-creator-the,X6-L' Auberge-L' Auberge-null, X1-subj-X2,X1-obj-X3,X5-has_name-Rome,X4-rel-X5,X1-obl_of-X4,X6-has_name-L' Auberge,X1-obl_of-X6, X1-be-is-null,X2-which-Which-null,X5-Rome-Rome-a,X4-creator-creator-the,X6-L' Auberge-L' Auberge-null,X3-nationality-nationality-the, X1-subj-X2,X5-has_name-Rome,X4-rel-X5,X3-of-X4,X6-has_name-L' Auberge,X3-of-X6,X1-obj-X3, X1-be-is-null,X2-which-Which-null,X4-L' Auberge-L' Auberge-null,X3-nationality-nationality-the,X6-Rome-Rome-a,X5-creator-creator-the, X1-subj-X2,X4-has_name-L' Auberge,X3-of-X4,X1-obj-X3,X6-has_name-Rome,X5-rel-X6,X1-obl_of-X5, X1-be-is-null,X2-which-Which-null,X5-Rome-Rome-a,X4-creator-creator-the,X3-nationality-nationality-the,X6-L' Auberge-L' Auberge-null, X1-subj-X2,X5-has_name-Rome,X4-rel-X5,X3-of-X4,X1-obj-X3,X6-has_name-L' Auberge,X1-obl_of-X6,",Incorrect partial DRS,null,null
221,Which is the nationality of the creator of L' Etang?," X1-be-is-null,X2-which-Which-null,X5-L' Etang-L'-null,X4-creator-creator-the,X3-nationality-nationality-the, X1-subj-X2,X5-has_name-L' Etang,X4-of-X5,X3-of-X4,X1-obj-X3, X1-be-is-null,X2-which-Which-null,X3-nationality-nationality-the,X5-L' Etang-L'-null,X4-creator-creator-the, X1-subj-X2,X1-obj-X3,X5-has_name-L' Etang,X4-of-X5,X1-obl_of-X4, X1-be-is-null,X2-which-Which-null,X3-nationality-nationality-the,X4-creator-creator-the,X5-L' Etang-L'-null, X1-subj-X2,X1-obj-X3,X1-obl_of-X4,X5-has_name-L' Etang,X1-obl_of-X5, X1-be-is-null,X2-which-Which-null,X4-creator-creator-the,X5-L' Etang-L'-null,X3-nationality-nationality-the, X1-subj-X2,X3-of-X4,X5-has_name-L' Etang,X3-of-X5,X1-obj-X3, X1-be-is-null,X2-which-Which-null,X4-L' Etang-L'-null,X3-nationality-nationality-the,X5-creator-creator-the, X1-subj-X2,X4-has_name-L' Etang,X3-of-X4,X1-obj-X3,X1-obl_of-X5, X1-be-is-null,X2-which-Which-null,X4-creator-creator-the,X3-nationality-nationality-the,X5-L' Etang-L'-null, X1-subj-X2,X3-of-X4,X1-obj-X3,X5-has_name-L' Etang,X1-obl_of-X5,","Drs [
 tokens=[],
 dEntities=[
DEntity(X1, be, is, VERB, null, false, Query1, Query), 
DEntity(X2, which, Which, PRON, null, false, Qualifier2, Qualifier), 
DEntity(X5, L' Etang, L', PROPN, null, false, Artefact3, Artefact), 
DEntity(X4, creator, creator, NOUN, the, false, Artist4, Artist), 
DEntity(X3, nationality, nationality, NOUN, the, false, ConceptArtist5, ConceptArtist)],
 dConditions=[
DCondition(X1, subj, X2, propriedades= [qQualifier] --- []), 
DCondition(X5, has_name, L' Etang, propriedades= [] --- [has_name, has_text, who]), 
DCondition(X4, of, X5, propriedades= [author_of] --- []), 
DCondition(X3, of, X4, propriedades= [conc_of_Artist] --- []), 
DCondition(X1, obj, X3, propriedades= [select] --- []), 
DCondition(X1, has_text, be, propriedades= [] --- [has_name, has_text, who]), 
DCondition(X2, has_text, which, propriedades= [] --- [has_name, has_text, who]), 
DCondition(X5, has_text, L' Etang, propriedades= [] --- [has_name, has_text, who]), 
DCondition(X4, has_text, creator, propriedades= [] --- [has_name, has_text, who]), 
DCondition(X3, has_text, nationality, propriedades= [] --- [has_name, has_text, who]), 
DCondition(X2, has_name, null list, propriedades= [] --- [has_name, has_text, who]), 
DCondition(X1, obj, X2, propriedades= [qQualifier] --- [])]
 solu��es = []
 numeroFrase = 0
 numHasNames = 2
 numIndividuals = 5
 numEntitiesOk = 10
 numIsClass = 0
 numPropsOk = 5
 numEntitiesNOk = 0
 numClassesOk = 4]"," PREFIX rdf: <http://www.w3.org/1999/02/22-rdf-syntax-ns#> PREFIX xsd: <http://www.w3.org/2001/XMLSchema#> PREFIX rdfs: <http://www.w3.org/2000/01/rdf-schema#> PREFIX cidoc: <http://www.cidoc-crm.org/cidoc-crm/> SELECT  DISTINCT  ?snameConceptArtist5 ?ConceptArtist5 ?snameArtefact3 ?Artefact3 WHERE { {{?Artefact3 cidoc:P131_is_identified_by ?nameArtefact3 . ?nameArtefact3 rdf:value ?snameArtefact3 .}  UNION {?Artefact3 rdfs:label ?snameArtefact3 .}}  filter(regex(?snameArtefact3,""L\\' Etang"",""i"")) . ?prod cidoc:P14_carried_out_by ?Artist4 . ?Artefact3 cidoc:P108i_was_produced_by ?prod . ?Artist4 rdfs:label ?snameArtist4 . ?Artist4 cidoc:P107i_is_current_or_former_member_of ?ConceptArtist5. ?ConceptArtist5 rdfs:label ?snameConceptArtist5. }",true
222,Which is the nationality of the creator of L.I. Landscape?," X1-be-is-null,X2-which-Which-null,X5-L.I. Landscape-L.I. Landscape-null,X4-creator-creator-the,X3-nationality-nationality-the, X1-subj-X2,X5-has_name-L.I. Landscape,X4-of-X5,X3-of-X4,X1-obj-X3, X1-be-is-null,X2-which-Which-null,X3-nationality-nationality-the,X5-L.I. Landscape-L.I. Landscape-null,X4-creator-creator-the, X1-subj-X2,X1-obj-X3,X5-has_name-L.I. Landscape,X4-of-X5,X1-obl_of-X4, X1-be-is-null,X2-which-Which-null,X3-nationality-nationality-the,X4-creator-creator-the,X5-L.I. Landscape-L.I. Landscape-null, X1-subj-X2,X1-obj-X3,X1-obl_of-X4,X5-has_name-L.I. Landscape,X1-obl_of-X5, X1-be-is-null,X2-which-Which-null,X4-creator-creator-the,X5-L.I. Landscape-L.I. Landscape-null,X3-nationality-nationality-the, X1-subj-X2,X3-of-X4,X5-has_name-L.I. Landscape,X3-of-X5,X1-obj-X3, X1-be-is-null,X2-which-Which-null,X4-L.I. Landscape-L.I. Landscape-null,X3-nationality-nationality-the,X5-creator-creator-the, X1-subj-X2,X4-has_name-L.I. Landscape,X3-of-X4,X1-obj-X3,X1-obl_of-X5, X1-be-is-null,X2-which-Which-null,X4-creator-creator-the,X3-nationality-nationality-the,X5-L.I. Landscape-L.I. Landscape-null, X1-subj-X2,X3-of-X4,X1-obj-X3,X5-has_name-L.I. Landscape,X1-obl_of-X5,","Drs [
 tokens=[],
 dEntities=[
DEntity(X1, be, is, VERB, null, false, Query1, Query), 
DEntity(X2, which, Which, PRON, null, false, Qualifier2, Qualifier), 
DEntity(X5, L.I. Landscape, L.I. Landscape, PROPN, null, false, Artefact3, Artefact), 
DEntity(X4, creator, creator, NOUN, the, false, Artist4, Artist), 
DEntity(X3, nationality, nationality, NOUN, the, false, ConceptArtist5, ConceptArtist)],
 dConditions=[
DCondition(X1, subj, X2, propriedades= [qQualifier] --- []), 
DCondition(X5, has_name, L.I. Landscape, propriedades= [] --- [has_name, has_text, who]), 
DCondition(X4, of, X5, propriedades= [author_of] --- []), 
DCondition(X3, of, X4, propriedades= [conc_of_Artist] --- []), 
DCondition(X1, obj, X3, propriedades= [select] --- []), 
DCondition(X1, has_text, be, propriedades= [] --- [has_name, has_text, who]), 
DCondition(X2, has_text, which, propriedades= [] --- [has_name, has_text, who]), 
DCondition(X5, has_text, L.I. Landscape, propriedades= [] --- [has_name, has_text, who]), 
DCondition(X4, has_text, creator, propriedades= [] --- [has_name, has_text, who]), 
DCondition(X3, has_text, nationality, propriedades= [] --- [has_name, has_text, who]), 
DCondition(X2, has_name, null list, propriedades= [] --- [has_name, has_text, who]), 
DCondition(X1, obj, X2, propriedades= [qQualifier] --- [])]
 solu��es = []
 numeroFrase = 0
 numHasNames = 2
 numIndividuals = 5
 numEntitiesOk = 10
 numIsClass = 0
 numPropsOk = 5
 numEntitiesNOk = 0
 numClassesOk = 4]"," PREFIX rdf: <http://www.w3.org/1999/02/22-rdf-syntax-ns#> PREFIX xsd: <http://www.w3.org/2001/XMLSchema#> PREFIX rdfs: <http://www.w3.org/2000/01/rdf-schema#> PREFIX cidoc: <http://www.cidoc-crm.org/cidoc-crm/> SELECT  DISTINCT  ?snameConceptArtist5 ?ConceptArtist5 ?snameArtefact3 ?Artefact3 WHERE { {{?Artefact3 cidoc:P131_is_identified_by ?nameArtefact3 . ?nameArtefact3 rdf:value ?snameArtefact3 .}  UNION {?Artefact3 rdfs:label ?snameArtefact3 .}}  filter(regex(?snameArtefact3,""L\\.I\\. Landscape"",""i"")) . ?prod cidoc:P14_carried_out_by ?Artist4 . ?Artefact3 cidoc:P108i_was_produced_by ?prod . ?Artist4 rdfs:label ?snameArtist4 . ?Artist4 cidoc:P107i_is_current_or_former_member_of ?ConceptArtist5. ?ConceptArtist5 rdfs:label ?snameConceptArtist5. }",true
223,Which is the nationality of the creator of La Gouvernante Fidele?," X1-be-is-null,X2-which-Which-null,X5-La Gouvernante Fidele-La-null,X4-creator-creator-the,X3-nationality-nationality-the, X1-subj-X2,X5-has_name-La Gouvernante Fidele,X4-of-X5,X3-of-X4,X1-obj-X3, X1-be-is-null,X2-which-Which-null,X3-nationality-nationality-the,X5-La Gouvernante Fidele-La-null,X4-creator-creator-the, X1-subj-X2,X1-obj-X3,X5-has_name-La Gouvernante Fidele,X4-of-X5,X1-obl_of-X4, X1-be-is-null,X2-which-Which-null,X3-nationality-nationality-the,X4-creator-creator-the,X5-La Gouvernante Fidele-La-null, X1-subj-X2,X1-obj-X3,X1-obl_of-X4,X5-has_name-La Gouvernante Fidele,X1-obl_of-X5, X1-be-is-null,X2-which-Which-null,X4-creator-creator-the,X5-La Gouvernante Fidele-La-null,X3-nationality-nationality-the, X1-subj-X2,X3-of-X4,X5-has_name-La Gouvernante Fidele,X3-of-X5,X1-obj-X3, X1-be-is-null,X2-which-Which-null,X4-La Gouvernante Fidele-La-null,X3-nationality-nationality-the,X5-creator-creator-the, X1-subj-X2,X4-has_name-La Gouvernante Fidele,X3-of-X4,X1-obj-X3,X1-obl_of-X5, X1-be-is-null,X2-which-Which-null,X4-creator-creator-the,X3-nationality-nationality-the,X5-La Gouvernante Fidele-La-null, X1-subj-X2,X3-of-X4,X1-obj-X3,X5-has_name-La Gouvernante Fidele,X1-obl_of-X5,","Drs [
 tokens=[],
 dEntities=[
DEntity(X1, be, is, VERB, null, false, Query1, Query), 
DEntity(X2, which, Which, PRON, null, false, Qualifier2, Qualifier), 
DEntity(X5, La Gouvernante Fidele, La, PROPN, null, false, Artefact3, Artefact), 
DEntity(X4, creator, creator, NOUN, the, false, Artist4, Artist), 
DEntity(X3, nationality, nationality, NOUN, the, false, ConceptArtist5, ConceptArtist)],
 dConditions=[
DCondition(X1, subj, X2, propriedades= [qQualifier] --- []), 
DCondition(X5, has_name, La Gouvernante Fidele, propriedades= [] --- [has_name, has_text, who]), 
DCondition(X4, of, X5, propriedades= [author_of] --- []), 
DCondition(X3, of, X4, propriedades= [conc_of_Artist] --- []), 
DCondition(X1, obj, X3, propriedades= [select] --- []), 
DCondition(X1, has_text, be, propriedades= [] --- [has_name, has_text, who]), 
DCondition(X2, has_text, which, propriedades= [] --- [has_name, has_text, who]), 
DCondition(X5, has_text, La Gouvernante Fidele, propriedades= [] --- [has_name, has_text, who]), 
DCondition(X4, has_text, creator, propriedades= [] --- [has_name, has_text, who]), 
DCondition(X3, has_text, nationality, propriedades= [] --- [has_name, has_text, who]), 
DCondition(X2, has_name, null list, propriedades= [] --- [has_name, has_text, who]), 
DCondition(X1, obj, X2, propriedades= [qQualifier] --- [])]
 solu��es = []
 numeroFrase = 0
 numHasNames = 2
 numIndividuals = 5
 numEntitiesOk = 10
 numIsClass = 0
 numPropsOk = 5
 numEntitiesNOk = 0
 numClassesOk = 4]"," PREFIX rdf: <http://www.w3.org/1999/02/22-rdf-syntax-ns#> PREFIX xsd: <http://www.w3.org/2001/XMLSchema#> PREFIX rdfs: <http://www.w3.org/2000/01/rdf-schema#> PREFIX cidoc: <http://www.cidoc-crm.org/cidoc-crm/> SELECT  DISTINCT  ?snameConceptArtist5 ?ConceptArtist5 ?snameArtefact3 ?Artefact3 WHERE { {{?Artefact3 cidoc:P131_is_identified_by ?nameArtefact3 . ?nameArtefact3 rdf:value ?snameArtefact3 .}  UNION {?Artefact3 rdfs:label ?snameArtefact3 .}}  filter(regex(?snameArtefact3,""La Gouvernante Fidele"",""i"")) . ?prod cidoc:P14_carried_out_by ?Artist4 . ?Artefact3 cidoc:P108i_was_produced_by ?prod . ?Artist4 rdfs:label ?snameArtist4 . ?Artist4 cidoc:P107i_is_current_or_former_member_of ?ConceptArtist5. ?ConceptArtist5 rdfs:label ?snameConceptArtist5. }",true
224,Which is the nationality of the creator of La Maison?," X1-be-is-null,X2-which-Which-null,X5-La Maison-La-null,X4-creator-creator-the,X3-nationality-nationality-the, X1-subj-X2,X5-has_name-La Maison,X4-of-X5,X3-of-X4,X1-obj-X3, X1-be-is-null,X2-which-Which-null,X3-nationality-nationality-the,X5-La Maison-La-null,X4-creator-creator-the, X1-subj-X2,X1-obj-X3,X5-has_name-La Maison,X4-of-X5,X1-obl_of-X4, X1-be-is-null,X2-which-Which-null,X3-nationality-nationality-the,X4-creator-creator-the,X5-La Maison-La-null, X1-subj-X2,X1-obj-X3,X1-obl_of-X4,X5-has_name-La Maison,X1-obl_of-X5, X1-be-is-null,X2-which-Which-null,X4-creator-creator-the,X5-La Maison-La-null,X3-nationality-nationality-the, X1-subj-X2,X3-of-X4,X5-has_name-La Maison,X3-of-X5,X1-obj-X3, X1-be-is-null,X2-which-Which-null,X4-La Maison-La-null,X3-nationality-nationality-the,X5-creator-creator-the, X1-subj-X2,X4-has_name-La Maison,X3-of-X4,X1-obj-X3,X1-obl_of-X5, X1-be-is-null,X2-which-Which-null,X4-creator-creator-the,X3-nationality-nationality-the,X5-La Maison-La-null, X1-subj-X2,X3-of-X4,X1-obj-X3,X5-has_name-La Maison,X1-obl_of-X5,","Drs [
 tokens=[],
 dEntities=[
DEntity(X1, be, is, VERB, null, false, Query1, Query), 
DEntity(X2, which, Which, PRON, null, false, Qualifier2, Qualifier), 
DEntity(X5, La Maison, La, PROPN, null, false, Artefact3, Artefact), 
DEntity(X4, creator, creator, NOUN, the, false, Artist4, Artist), 
DEntity(X3, nationality, nationality, NOUN, the, false, ConceptArtist5, ConceptArtist)],
 dConditions=[
DCondition(X1, subj, X2, propriedades= [qQualifier] --- []), 
DCondition(X5, has_name, La Maison, propriedades= [] --- [has_name, has_text, who]), 
DCondition(X4, of, X5, propriedades= [author_of] --- []), 
DCondition(X3, of, X4, propriedades= [conc_of_Artist] --- []), 
DCondition(X1, obj, X3, propriedades= [select] --- []), 
DCondition(X1, has_text, be, propriedades= [] --- [has_name, has_text, who]), 
DCondition(X2, has_text, which, propriedades= [] --- [has_name, has_text, who]), 
DCondition(X5, has_text, La Maison, propriedades= [] --- [has_name, has_text, who]), 
DCondition(X4, has_text, creator, propriedades= [] --- [has_name, has_text, who]), 
DCondition(X3, has_text, nationality, propriedades= [] --- [has_name, has_text, who]), 
DCondition(X2, has_name, null list, propriedades= [] --- [has_name, has_text, who]), 
DCondition(X1, obj, X2, propriedades= [qQualifier] --- [])]
 solu��es = []
 numeroFrase = 0
 numHasNames = 2
 numIndividuals = 5
 numEntitiesOk = 10
 numIsClass = 0
 numPropsOk = 5
 numEntitiesNOk = 0
 numClassesOk = 4]"," PREFIX rdf: <http://www.w3.org/1999/02/22-rdf-syntax-ns#> PREFIX xsd: <http://www.w3.org/2001/XMLSchema#> PREFIX rdfs: <http://www.w3.org/2000/01/rdf-schema#> PREFIX cidoc: <http://www.cidoc-crm.org/cidoc-crm/> SELECT  DISTINCT  ?snameConceptArtist5 ?ConceptArtist5 ?snameArtefact3 ?Artefact3 WHERE { {{?Artefact3 cidoc:P131_is_identified_by ?nameArtefact3 . ?nameArtefact3 rdf:value ?snameArtefact3 .}  UNION {?Artefact3 rdfs:label ?snameArtefact3 .}}  filter(regex(?snameArtefact3,""La Maison"",""i"")) . ?prod cidoc:P14_carried_out_by ?Artist4 . ?Artefact3 cidoc:P108i_was_produced_by ?prod . ?Artist4 rdfs:label ?snameArtist4 . ?Artist4 cidoc:P107i_is_current_or_former_member_of ?ConceptArtist5. ?ConceptArtist5 rdfs:label ?snameConceptArtist5. }",true
225,Which is the nationality of the creator of Land's End?,,Incorrect Stanza Parsing,null,null
226,Which is the nationality of the creator of Landscape H?," X1-be-is-null,X2-which-Which-null,X5-Landscape H-Landscape-null,X4-creator-creator-the,X3-nationality-nationality-the, X1-subj-X2,X5-has_name-Landscape H,X4-of-X5,X3-of-X4,X1-obj-X3, X1-be-is-null,X2-which-Which-null,X3-nationality-nationality-the,X5-Landscape H-Landscape-null,X4-creator-creator-the, X1-subj-X2,X1-obj-X3,X5-has_name-Landscape H,X4-of-X5,X1-obl_of-X4, X1-be-is-null,X2-which-Which-null,X3-nationality-nationality-the,X4-creator-creator-the,X5-Landscape H-Landscape-null, X1-subj-X2,X1-obj-X3,X1-obl_of-X4,X5-has_name-Landscape H,X1-obl_of-X5, X1-be-is-null,X2-which-Which-null,X4-creator-creator-the,X5-Landscape H-Landscape-null,X3-nationality-nationality-the, X1-subj-X2,X3-of-X4,X5-has_name-Landscape H,X3-of-X5,X1-obj-X3, X1-be-is-null,X2-which-Which-null,X4-Landscape H-Landscape-null,X3-nationality-nationality-the,X5-creator-creator-the, X1-subj-X2,X4-has_name-Landscape H,X3-of-X4,X1-obj-X3,X1-obl_of-X5, X1-be-is-null,X2-which-Which-null,X4-creator-creator-the,X3-nationality-nationality-the,X5-Landscape H-Landscape-null, X1-subj-X2,X3-of-X4,X1-obj-X3,X5-has_name-Landscape H,X1-obl_of-X5,","Drs [
 tokens=[],
 dEntities=[
DEntity(X1, be, is, VERB, null, false, Query1, Query), 
DEntity(X2, which, Which, PRON, null, false, Qualifier2, Qualifier), 
DEntity(X5, Landscape H, Landscape, PROPN, null, false, Artefact3, Artefact), 
DEntity(X4, creator, creator, NOUN, the, false, Artist4, Artist), 
DEntity(X3, nationality, nationality, NOUN, the, false, ConceptArtist5, ConceptArtist)],
 dConditions=[
DCondition(X1, subj, X2, propriedades= [qQualifier] --- []), 
DCondition(X5, has_name, Landscape H, propriedades= [] --- [has_name, has_text, who]), 
DCondition(X4, of, X5, propriedades= [author_of] --- []), 
DCondition(X3, of, X4, propriedades= [conc_of_Artist] --- []), 
DCondition(X1, obj, X3, propriedades= [select] --- []), 
DCondition(X1, has_text, be, propriedades= [] --- [has_name, has_text, who]), 
DCondition(X2, has_text, which, propriedades= [] --- [has_name, has_text, who]), 
DCondition(X5, has_text, Landscape H, propriedades= [] --- [has_name, has_text, who]), 
DCondition(X4, has_text, creator, propriedades= [] --- [has_name, has_text, who]), 
DCondition(X3, has_text, nationality, propriedades= [] --- [has_name, has_text, who]), 
DCondition(X2, has_name, null list, propriedades= [] --- [has_name, has_text, who]), 
DCondition(X1, obj, X2, propriedades= [qQualifier] --- [])]
 solu��es = []
 numeroFrase = 0
 numHasNames = 2
 numIndividuals = 5
 numEntitiesOk = 10
 numIsClass = 0
 numPropsOk = 5
 numEntitiesNOk = 0
 numClassesOk = 4]"," PREFIX rdf: <http://www.w3.org/1999/02/22-rdf-syntax-ns#> PREFIX xsd: <http://www.w3.org/2001/XMLSchema#> PREFIX rdfs: <http://www.w3.org/2000/01/rdf-schema#> PREFIX cidoc: <http://www.cidoc-crm.org/cidoc-crm/> SELECT  DISTINCT  ?snameConceptArtist5 ?ConceptArtist5 ?snameArtefact3 ?Artefact3 WHERE { {{?Artefact3 cidoc:P131_is_identified_by ?nameArtefact3 . ?nameArtefact3 rdf:value ?snameArtefact3 .}  UNION {?Artefact3 rdfs:label ?snameArtefact3 .}}  filter(regex(?snameArtefact3,""Landscape H"",""i"")) . ?prod cidoc:P14_carried_out_by ?Artist4 . ?Artefact3 cidoc:P108i_was_produced_by ?prod . ?Artist4 rdfs:label ?snameArtist4 . ?Artist4 cidoc:P107i_is_current_or_former_member_of ?ConceptArtist5. ?ConceptArtist5 rdfs:label ?snameConceptArtist5. }",true
227,Which is the nationality of the creator of Landscape with Clouds?," X1-be-is-null,X2-which-Which-null,X5-Landscape-Landscape-null,X6-Cloud-Clouds-null,X4-creator-creator-the,X3-nationality-nationality-the, X1-subj-X2,X5-has_name-Landscape,X4-of-X5,X6-has_name-Cloud,X4-with-X6,X3-of-X4,X1-obj-X3, X1-be-is-null,X2-which-Which-null,X3-nationality-nationality-the,X5-Landscape-Landscape-null,X6-Cloud-Clouds-null,X4-creator-creator-the, X1-subj-X2,X1-obj-X3,X5-has_name-Landscape,X4-of-X5,X6-has_name-Cloud,X4-with-X6,X1-obl_of-X4, X1-be-is-null,X2-which-Which-null,X3-nationality-nationality-the,X5-Cloud-Clouds-null,X4-creator-creator-the,X6-Landscape-Landscape-null, X1-subj-X2,X1-obj-X3,X5-has_name-Cloud,X4-with-X5,X1-obl_of-X4,X6-has_name-Landscape,X1-obl_of-X6, X1-be-is-null,X2-which-Which-null,X3-nationality-nationality-the,X4-creator-creator-the,X5-Landscape-Landscape-null,X6-Cloud-Clouds-null, X1-subj-X2,X1-obj-X3,X1-obl_of-X4,X5-has_name-Landscape,X1-obl_of-X5,X6-has_name-Cloud,X1-obl_with-X6, X1-be-is-null,X2-which-Which-null,X3-nationality-nationality-the,X5-Landscape-Landscape-null,X4-creator-creator-the,X6-Cloud-Clouds-null, X1-subj-X2,X1-obj-X3,X5-has_name-Landscape,X4-of-X5,X1-obl_of-X4,X6-has_name-Cloud,X1-obl_with-X6, X1-be-is-null,X2-which-Which-null,X5-Cloud-Clouds-null,X4-creator-creator-the,X6-Landscape-Landscape-null,X3-nationality-nationality-the, X1-subj-X2,X5-has_name-Cloud,X4-with-X5,X3-of-X4,X6-has_name-Landscape,X3-of-X6,X1-obj-X3, X1-be-is-null,X2-which-Which-null,X4-Landscape-Landscape-null,X3-nationality-nationality-the,X6-Cloud-Clouds-null,X5-creator-creator-the, X1-subj-X2,X4-has_name-Landscape,X3-of-X4,X1-obj-X3,X6-has_name-Cloud,X5-with-X6,X1-obl_of-X5, X1-be-is-null,X2-which-Which-null,X5-Cloud-Clouds-null,X4-creator-creator-the,X3-nationality-nationality-the,X6-Landscape-Landscape-null, X1-subj-X2,X5-has_name-Cloud,X4-with-X5,X3-of-X4,X1-obj-X3,X6-has_name-Landscape,X1-obl_of-X6, X1-be-is-null,X2-which-Which-null,X4-creator-creator-the,X5-Landscape-Landscape-null,X6-Cloud-Clouds-null,X3-nationality-nationality-the, X1-subj-X2,X3-of-X4,X5-has_name-Landscape,X3-of-X5,X6-has_name-Cloud,X3-with-X6,X1-obj-X3, X1-be-is-null,X2-which-Which-null,X5-Landscape-Landscape-null,X4-creator-creator-the,X6-Cloud-Clouds-null,X3-nationality-nationality-the, X1-subj-X2,X5-has_name-Landscape,X4-of-X5,X3-of-X4,X6-has_name-Cloud,X3-with-X6,X1-obj-X3,",Incorrect partial DRS,null,null
228,Which is the nationality of the creator of Large Head in Profile?," X1-be-is-null,X2-which-Which-null,X5-head-Head-null,X6-Profile-Profile-null,X4-creator-creator-the,X3-nationality-nationality-the, X1-subj-X2,X5-large-true,X5-has_name-head,X4-of-X5,X6-has_name-Profile,X4-in-X6,X3-of-X4,X1-obj-X3, X1-be-is-null,X2-which-Which-null,X5-head-Head-null,X6-Profile-Profile-null,X4-creator-creator-the,X3-nationality-nationality-the, X1-subj-X2,X5-has_name-Large,X5-has_name-head,X4-of-X5,X6-has_name-Profile,X4-in-X6,X3-of-X4,X1-obj-X3, X1-be-is-null,X2-which-Which-null,X5-Large Head-Large Head-null,X6-Profile-Profile-null,X4-creator-creator-the,X3-nationality-nationality-the, X1-subj-X2,X5-has_name-Large Head,X4-of-X5,X6-has_name-Profile,X4-in-X6,X3-of-X4,X1-obj-X3, X1-be-is-null,X2-which-Which-null,X3-nationality-nationality-the,X5-head-Head-null,X6-Profile-Profile-null,X4-creator-creator-the, X1-subj-X2,X1-obj-X3,X5-large-true,X5-has_name-head,X4-of-X5,X6-has_name-Profile,X4-in-X6,X1-obl_of-X4, X1-be-is-null,X2-which-Which-null,X3-nationality-nationality-the,X5-head-Head-null,X6-Profile-Profile-null,X4-creator-creator-the, X1-subj-X2,X1-obj-X3,X5-has_name-Large,X5-has_name-head,X4-of-X5,X6-has_name-Profile,X4-in-X6,X1-obl_of-X4, X1-be-is-null,X2-which-Which-null,X3-nationality-nationality-the,X5-Large Head-Large Head-null,X6-Profile-Profile-null,X4-creator-creator-the, X1-subj-X2,X1-obj-X3,X5-has_name-Large Head,X4-of-X5,X6-has_name-Profile,X4-in-X6,X1-obl_of-X4, X1-be-is-null,X2-which-Which-null,X3-nationality-nationality-the,X5-Profile-Profile-null,X4-creator-creator-the,X6-head-Head-null, X1-subj-X2,X1-obj-X3,X5-has_name-Profile,X4-in-X5,X1-obl_of-X4,X6-large-true,X6-has_name-head,X1-obl_of-X6, X1-be-is-null,X2-which-Which-null,X3-nationality-nationality-the,X5-Profile-Profile-null,X4-creator-creator-the,X6-head-Head-null, X1-subj-X2,X1-obj-X3,X5-has_name-Profile,X4-in-X5,X1-obl_of-X4,X6-has_name-Large,X6-has_name-head,X1-obl_of-X6, X1-be-is-null,X2-which-Which-null,X3-nationality-nationality-the,X5-Profile-Profile-null,X4-creator-creator-the,X6-Large Head-Large Head-null, X1-subj-X2,X1-obj-X3,X5-has_name-Profile,X4-in-X5,X1-obl_of-X4,X6-has_name-Large Head,X1-obl_of-X6, X1-be-is-null,X2-which-Which-null,X3-nationality-nationality-the,X4-creator-creator-the,X5-head-Head-null,X6-Profile-Profile-null, X1-subj-X2,X1-obj-X3,X1-obl_of-X4,X5-large-true,X5-has_name-head,X1-obl_of-X5,X6-has_name-Profile,X1-obl_in-X6, X1-be-is-null,X2-which-Which-null,X3-nationality-nationality-the,X4-creator-creator-the,X5-head-Head-null,X6-Profile-Profile-null, X1-subj-X2,X1-obj-X3,X1-obl_of-X4,X5-has_name-Large,X5-has_name-head,X1-obl_of-X5,X6-has_name-Profile,X1-obl_in-X6, X1-be-is-null,X2-which-Which-null,X3-nationality-nationality-the,X4-creator-creator-the,X5-Large Head-Large Head-null,X6-Profile-Profile-null, X1-subj-X2,X1-obj-X3,X1-obl_of-X4,X5-has_name-Large Head,X1-obl_of-X5,X6-has_name-Profile,X1-obl_in-X6, X1-be-is-null,X2-which-Which-null,X3-nationality-nationality-the,X5-head-Head-null,X4-creator-creator-the,X6-Profile-Profile-null, X1-subj-X2,X1-obj-X3,X5-large-true,X5-has_name-head,X4-of-X5,X1-obl_of-X4,X6-has_name-Profile,X1-obl_in-X6, X1-be-is-null,X2-which-Which-null,X3-nationality-nationality-the,X5-head-Head-null,X4-creator-creator-the,X6-Profile-Profile-null, X1-subj-X2,X1-obj-X3,X5-has_name-Large,X5-has_name-head,X4-of-X5,X1-obl_of-X4,X6-has_name-Profile,X1-obl_in-X6, X1-be-is-null,X2-which-Which-null,X3-nationality-nationality-the,X5-Large Head-Large Head-null,X4-creator-creator-the,X6-Profile-Profile-null, X1-subj-X2,X1-obj-X3,X5-has_name-Large Head,X4-of-X5,X1-obl_of-X4,X6-has_name-Profile,X1-obl_in-X6, X1-be-is-null,X2-which-Which-null,X5-Profile-Profile-null,X4-creator-creator-the,X6-head-Head-null,X3-nationality-nationality-the, X1-subj-X2,X5-has_name-Profile,X4-in-X5,X3-of-X4,X6-large-true,X6-has_name-head,X3-of-X6,X1-obj-X3, X1-be-is-null,X2-which-Which-null,X5-Profile-Profile-null,X4-creator-creator-the,X6-head-Head-null,X3-nationality-nationality-the, X1-subj-X2,X5-has_name-Profile,X4-in-X5,X3-of-X4,X6-has_name-Large,X6-has_name-head,X3-of-X6,X1-obj-X3, X1-be-is-null,X2-which-Which-null,X5-Profile-Profile-null,X4-creator-creator-the,X6-Large Head-Large Head-null,X3-nationality-nationality-the, X1-subj-X2,X5-has_name-Profile,X4-in-X5,X3-of-X4,X6-has_name-Large Head,X3-of-X6,X1-obj-X3, X1-be-is-null,X2-which-Which-null,X4-head-Head-null,X3-nationality-nationality-the,X6-Profile-Profile-null,X5-creator-creator-the, X1-subj-X2,X4-large-true,X4-has_name-head,X3-of-X4,X1-obj-X3,X6-has_name-Profile,X5-in-X6,X1-obl_of-X5, X1-be-is-null,X2-which-Which-null,X4-head-Head-null,X3-nationality-nationality-the,X6-Profile-Profile-null,X5-creator-creator-the, X1-subj-X2,X4-has_name-Large,X4-has_name-head,X3-of-X4,X1-obj-X3,X6-has_name-Profile,X5-in-X6,X1-obl_of-X5, X1-be-is-null,X2-which-Which-null,X4-Large Head-Large Head-null,X3-nationality-nationality-the,X6-Profile-Profile-null,X5-creator-creator-the, X1-subj-X2,X4-has_name-Large Head,X3-of-X4,X1-obj-X3,X6-has_name-Profile,X5-in-X6,X1-obl_of-X5, X1-be-is-null,X2-which-Which-null,X5-Profile-Profile-null,X4-creator-creator-the,X3-nationality-nationality-the,X6-head-Head-null, X1-subj-X2,X5-has_name-Profile,X4-in-X5,X3-of-X4,X1-obj-X3,X6-large-true,X6-has_name-head,X1-obl_of-X6, X1-be-is-null,X2-which-Which-null,X5-Profile-Profile-null,X4-creator-creator-the,X3-nationality-nationality-the,X6-head-Head-null, X1-subj-X2,X5-has_name-Profile,X4-in-X5,X3-of-X4,X1-obj-X3,X6-has_name-Large,X6-has_name-head,X1-obl_of-X6, X1-be-is-null,X2-which-Which-null,X5-Profile-Profile-null,X4-creator-creator-the,X3-nationality-nationality-the,X6-Large Head-Large Head-null, X1-subj-X2,X5-has_name-Profile,X4-in-X5,X3-of-X4,X1-obj-X3,X6-has_name-Large Head,X1-obl_of-X6, X1-be-is-null,X2-which-Which-null,X4-creator-creator-the,X5-head-Head-null,X6-Profile-Profile-null,X3-nationality-nationality-the, X1-subj-X2,X3-of-X4,X5-large-true,X5-has_name-head,X3-of-X5,X6-has_name-Profile,X3-in-X6,X1-obj-X3, X1-be-is-null,X2-which-Which-null,X4-creator-creator-the,X5-head-Head-null,X6-Profile-Profile-null,X3-nationality-nationality-the, X1-subj-X2,X3-of-X4,X5-has_name-Large,X5-has_name-head,X3-of-X5,X6-has_name-Profile,X3-in-X6,X1-obj-X3, X1-be-is-null,X2-which-Which-null,X4-creator-creator-the,X5-Large Head-Large Head-null,X6-Profile-Profile-null,X3-nationality-nationality-the, X1-subj-X2,X3-of-X4,X5-has_name-Large Head,X3-of-X5,X6-has_name-Profile,X3-in-X6,X1-obj-X3, X1-be-is-null,X2-which-Which-null,X5-head-Head-null,X4-creator-creator-the,X6-Profile-Profile-null,X3-nationality-nationality-the, X1-subj-X2,X5-large-true,X5-has_name-head,X4-of-X5,X3-of-X4,X6-has_name-Profile,X3-in-X6,X1-obj-X3, X1-be-is-null,X2-which-Which-null,X5-head-Head-null,X4-creator-creator-the,X6-Profile-Profile-null,X3-nationality-nationality-the, X1-subj-X2,X5-has_name-Large,X5-has_name-head,X4-of-X5,X3-of-X4,X6-has_name-Profile,X3-in-X6,X1-obj-X3, X1-be-is-null,X2-which-Which-null,X5-Large Head-Large Head-null,X4-creator-creator-the,X6-Profile-Profile-null,X3-nationality-nationality-the, X1-subj-X2,X5-has_name-Large Head,X4-of-X5,X3-of-X4,X6-has_name-Profile,X3-in-X6,X1-obj-X3,",Incorrect partial DRS,null,null
229,Which is the nationality of the creator of Last Tree?," X1-be-is-null,X2-which-Which-null,X5-Tree-Tree-null,X4-creator-creator-the,X3-nationality-nationality-the, X1-subj-X2,X5-last-true,X5-has_name-Tree,X4-of-X5,X3-of-X4,X1-obj-X3, X1-be-is-null,X2-which-Which-null,X5-Tree-Tree-null,X4-creator-creator-the,X3-nationality-nationality-the, X1-subj-X2,X5-has_name-Last,X5-has_name-Tree,X4-of-X5,X3-of-X4,X1-obj-X3, X1-be-is-null,X2-which-Which-null,X5-Last Tree-Last Tree-null,X4-creator-creator-the,X3-nationality-nationality-the, X1-subj-X2,X5-has_name-Last Tree,X4-of-X5,X3-of-X4,X1-obj-X3, X1-be-is-null,X2-which-Which-null,X3-nationality-nationality-the,X5-Tree-Tree-null,X4-creator-creator-the, X1-subj-X2,X1-obj-X3,X5-last-true,X5-has_name-Tree,X4-of-X5,X1-obl_of-X4, X1-be-is-null,X2-which-Which-null,X3-nationality-nationality-the,X5-Tree-Tree-null,X4-creator-creator-the, X1-subj-X2,X1-obj-X3,X5-has_name-Last,X5-has_name-Tree,X4-of-X5,X1-obl_of-X4, X1-be-is-null,X2-which-Which-null,X3-nationality-nationality-the,X5-Last Tree-Last Tree-null,X4-creator-creator-the, X1-subj-X2,X1-obj-X3,X5-has_name-Last Tree,X4-of-X5,X1-obl_of-X4, X1-be-is-null,X2-which-Which-null,X3-nationality-nationality-the,X4-creator-creator-the,X5-Tree-Tree-null, X1-subj-X2,X1-obj-X3,X1-obl_of-X4,X5-last-true,X5-has_name-Tree,X1-obl_of-X5, X1-be-is-null,X2-which-Which-null,X3-nationality-nationality-the,X4-creator-creator-the,X5-Tree-Tree-null, X1-subj-X2,X1-obj-X3,X1-obl_of-X4,X5-has_name-Last,X5-has_name-Tree,X1-obl_of-X5, X1-be-is-null,X2-which-Which-null,X3-nationality-nationality-the,X4-creator-creator-the,X5-Last Tree-Last Tree-null, X1-subj-X2,X1-obj-X3,X1-obl_of-X4,X5-has_name-Last Tree,X1-obl_of-X5, X1-be-is-null,X2-which-Which-null,X4-creator-creator-the,X5-Tree-Tree-null,X3-nationality-nationality-the, X1-subj-X2,X3-of-X4,X5-last-true,X5-has_name-Tree,X3-of-X5,X1-obj-X3, X1-be-is-null,X2-which-Which-null,X4-creator-creator-the,X5-Tree-Tree-null,X3-nationality-nationality-the, X1-subj-X2,X3-of-X4,X5-has_name-Last,X5-has_name-Tree,X3-of-X5,X1-obj-X3, X1-be-is-null,X2-which-Which-null,X4-creator-creator-the,X5-Last Tree-Last Tree-null,X3-nationality-nationality-the, X1-subj-X2,X3-of-X4,X5-has_name-Last Tree,X3-of-X5,X1-obj-X3, X1-be-is-null,X2-which-Which-null,X4-Tree-Tree-null,X3-nationality-nationality-the,X5-creator-creator-the, X1-subj-X2,X4-last-true,X4-has_name-Tree,X3-of-X4,X1-obj-X3,X1-obl_of-X5, X1-be-is-null,X2-which-Which-null,X4-Tree-Tree-null,X3-nationality-nationality-the,X5-creator-creator-the, X1-subj-X2,X4-has_name-Last,X4-has_name-Tree,X3-of-X4,X1-obj-X3,X1-obl_of-X5, X1-be-is-null,X2-which-Which-null,X4-Last Tree-Last Tree-null,X3-nationality-nationality-the,X5-creator-creator-the, X1-subj-X2,X4-has_name-Last Tree,X3-of-X4,X1-obj-X3,X1-obl_of-X5, X1-be-is-null,X2-which-Which-null,X4-creator-creator-the,X3-nationality-nationality-the,X5-Tree-Tree-null, X1-subj-X2,X3-of-X4,X1-obj-X3,X5-last-true,X5-has_name-Tree,X1-obl_of-X5, X1-be-is-null,X2-which-Which-null,X4-creator-creator-the,X3-nationality-nationality-the,X5-Tree-Tree-null, X1-subj-X2,X3-of-X4,X1-obj-X3,X5-has_name-Last,X5-has_name-Tree,X1-obl_of-X5, X1-be-is-null,X2-which-Which-null,X4-creator-creator-the,X3-nationality-nationality-the,X5-Last Tree-Last Tree-null, X1-subj-X2,X3-of-X4,X1-obj-X3,X5-has_name-Last Tree,X1-obl_of-X5,","Drs [
 tokens=[],
 dEntities=[
DEntity(X1, be, is, VERB, null, false, Query1, Query), 
DEntity(X2, which, Which, PRON, null, false, Qualifier2, Qualifier), 
DEntity(X5, Tree, Tree, PROPN, null, false, Artefact3, Artefact), 
DEntity(X4, creator, creator, NOUN, the, false, Artist4, Artist), 
DEntity(X3, nationality, nationality, NOUN, the, false, ConceptArtist5, ConceptArtist)],
 dConditions=[
DCondition(X1, subj, X2, propriedades= [qQualifier] --- []), 
DCondition(X5, last, true, propriedades= [] --- [has_name, has_text, who]), 
DCondition(X5, has_name, Tree, propriedades= [] --- [has_name, has_text, who]), 
DCondition(X4, of, X5, propriedades= [author_of] --- []), 
DCondition(X3, of, X4, propriedades= [conc_of_Artist] --- []), 
DCondition(X1, obj, X3, propriedades= [select] --- []), 
DCondition(X1, has_text, be, propriedades= [] --- [has_name, has_text, who]), 
DCondition(X2, has_text, which, propriedades= [] --- [has_name, has_text, who]), 
DCondition(X5, has_text, Tree, propriedades= [] --- [has_name, has_text, who]), 
DCondition(X4, has_text, creator, propriedades= [] --- [has_name, has_text, who]), 
DCondition(X3, has_text, nationality, propriedades= [] --- [has_name, has_text, who]), 
DCondition(X2, has_name, null list, propriedades= [] --- [has_name, has_text, who]), 
DCondition(X1, obj, X2, propriedades= [qQualifier] --- [])]
 solu��es = []
 numeroFrase = 0
 numHasNames = 2
 numIndividuals = 5
 numEntitiesOk = 10
 numIsClass = 0
 numPropsOk = 5
 numEntitiesNOk = 0
 numClassesOk = 4]"," PREFIX rdf: <http://www.w3.org/1999/02/22-rdf-syntax-ns#> PREFIX xsd: <http://www.w3.org/2001/XMLSchema#> PREFIX rdfs: <http://www.w3.org/2000/01/rdf-schema#> PREFIX cidoc: <http://www.cidoc-crm.org/cidoc-crm/> SELECT  DISTINCT  ?snameConceptArtist5 ?ConceptArtist5 ?snameArtefact3 ?Artefact3 WHERE { {{?Artefact3 cidoc:P131_is_identified_by ?nameArtefact3 . ?nameArtefact3 rdf:value ?snameArtefact3 .}  UNION {?Artefact3 rdfs:label ?snameArtefact3 .}}  filter(regex(?snameArtefact3,""Tree"",""i"")) . ?prod cidoc:P14_carried_out_by ?Artist4 . ?Artefact3 cidoc:P108i_was_produced_by ?prod . ?Artist4 rdfs:label ?snameArtist4 . ?Artist4 cidoc:P107i_is_current_or_former_member_of ?ConceptArtist5. ?ConceptArtist5 rdfs:label ?snameConceptArtist5. }",true
230,Which is the nationality of the creator of Lawrence Barrett As Cassius?," X1-be-is-null,X2-which-Which-null,X6-Cassius-Cassius-null,X5-Lawrence Barrett-Lawrence-null,X4-creator-creator-the,X3-nationality-nationality-the, X1-subj-X2,X6-has_name-Cassius,X5-as-X6,X5-has_name-Lawrence Barrett,X4-of-X5,X3-of-X4,X1-obj-X3, X1-be-is-null,X2-which-Which-null,X3-nationality-nationality-the,X6-Cassius-Cassius-null,X5-Lawrence Barrett-Lawrence-null,X4-creator-creator-the, X1-subj-X2,X1-obj-X3,X6-has_name-Cassius,X5-as-X6,X5-has_name-Lawrence Barrett,X4-of-X5,X1-obl_of-X4, X1-be-is-null,X2-which-Which-null,X3-nationality-nationality-the,X4-creator-creator-the,X6-Cassius-Cassius-null,X5-Lawrence Barrett-Lawrence-null, X1-subj-X2,X1-obj-X3,X1-obl_of-X4,X6-has_name-Cassius,X5-as-X6,X5-has_name-Lawrence Barrett,X1-obl_of-X5, X1-be-is-null,X2-which-Which-null,X3-nationality-nationality-the,X4-creator-creator-the,X5-Lawrence Barrett-Lawrence-null,X6-Cassius-Cassius-null, X1-subj-X2,X1-obj-X3,X1-obl_of-X4,X5-has_name-Lawrence Barrett,X1-obl_of-X5,X6-has_name-Cassius,X1-obl_as-X6, X1-be-is-null,X2-which-Which-null,X3-nationality-nationality-the,X5-Lawrence Barrett-Lawrence-null,X6-Cassius-Cassius-null,X4-creator-creator-the, X1-subj-X2,X1-obj-X3,X5-has_name-Lawrence Barrett,X4-of-X5,X6-has_name-Cassius,X4-as-X6,X1-obl_of-X4, X1-be-is-null,X2-which-Which-null,X4-creator-creator-the,X6-Cassius-Cassius-null,X5-Lawrence Barrett-Lawrence-null,X3-nationality-nationality-the, X1-subj-X2,X3-of-X4,X6-has_name-Cassius,X5-as-X6,X5-has_name-Lawrence Barrett,X3-of-X5,X1-obj-X3, X1-be-is-null,X2-which-Which-null,X5-Cassius-Cassius-null,X4-Lawrence Barrett-Lawrence-null,X3-nationality-nationality-the,X6-creator-creator-the, X1-subj-X2,X5-has_name-Cassius,X4-as-X5,X4-has_name-Lawrence Barrett,X3-of-X4,X1-obj-X3,X1-obl_of-X6, X1-be-is-null,X2-which-Which-null,X4-creator-creator-the,X3-nationality-nationality-the,X6-Cassius-Cassius-null,X5-Lawrence Barrett-Lawrence-null, X1-subj-X2,X3-of-X4,X1-obj-X3,X6-has_name-Cassius,X5-as-X6,X5-has_name-Lawrence Barrett,X1-obl_of-X5, X1-be-is-null,X2-which-Which-null,X4-creator-creator-the,X5-Lawrence Barrett-Lawrence-null,X6-Cassius-Cassius-null,X3-nationality-nationality-the, X1-subj-X2,X3-of-X4,X5-has_name-Lawrence Barrett,X3-of-X5,X6-has_name-Cassius,X3-as-X6,X1-obj-X3, X1-be-is-null,X2-which-Which-null,X5-Lawrence Barrett-Lawrence-null,X6-Cassius-Cassius-null,X4-creator-creator-the,X3-nationality-nationality-the, X1-subj-X2,X5-has_name-Lawrence Barrett,X4-of-X5,X6-has_name-Cassius,X4-as-X6,X3-of-X4,X1-obj-X3,",Incorrect partial DRS,null,null
231,Which is the nationality of the creator of Le Bonnet a Brides?," X1-be-is-null,X2-which-Which-null,X5-Le Bonnet-Le Bonnet-null,X6-Brides-Brides-a,X4-creator-creator-the,X3-nationality-nationality-the, X1-subj-X2,X5-has_name-Le Bonnet,X4-of-X5,X6-has_name-Brides,X4-rel-X6,X3-of-X4,X1-obj-X3, X1-be-is-null,X2-which-Which-null,X3-nationality-nationality-the,X5-Le Bonnet-Le Bonnet-null,X6-Brides-Brides-a,X4-creator-creator-the, X1-subj-X2,X1-obj-X3,X5-has_name-Le Bonnet,X4-of-X5,X6-has_name-Brides,X4-rel-X6,X1-obl_of-X4, X1-be-is-null,X2-which-Which-null,X3-nationality-nationality-the,X5-Brides-Brides-a,X4-creator-creator-the,X6-Le Bonnet-Le Bonnet-null, X1-subj-X2,X1-obj-X3,X5-has_name-Brides,X4-rel-X5,X1-obl_of-X4,X6-has_name-Le Bonnet,X1-obl_of-X6, X1-be-is-null,X2-which-Which-null,X5-Brides-Brides-a,X4-creator-creator-the,X6-Le Bonnet-Le Bonnet-null,X3-nationality-nationality-the, X1-subj-X2,X5-has_name-Brides,X4-rel-X5,X3-of-X4,X6-has_name-Le Bonnet,X3-of-X6,X1-obj-X3, X1-be-is-null,X2-which-Which-null,X4-Le Bonnet-Le Bonnet-null,X3-nationality-nationality-the,X6-Brides-Brides-a,X5-creator-creator-the, X1-subj-X2,X4-has_name-Le Bonnet,X3-of-X4,X1-obj-X3,X6-has_name-Brides,X5-rel-X6,X1-obl_of-X5, X1-be-is-null,X2-which-Which-null,X5-Brides-Brides-a,X4-creator-creator-the,X3-nationality-nationality-the,X6-Le Bonnet-Le Bonnet-null, X1-subj-X2,X5-has_name-Brides,X4-rel-X5,X3-of-X4,X1-obj-X3,X6-has_name-Le Bonnet,X1-obl_of-X6,",Incorrect partial DRS,null,null
232,Which is the nationality of the creator of Le Duc de Liancourt?," X1-be-is-null,X2-which-Which-null,X5-Le Duc de Liancourt-Le-null,X4-creator-creator-the,X3-nationality-nationality-the, X1-subj-X2,X5-has_name-Le Duc de Liancourt,X4-of-X5,X3-of-X4,X1-obj-X3, X1-be-is-null,X2-which-Which-null,X3-nationality-nationality-the,X5-Le Duc de Liancourt-Le-null,X4-creator-creator-the, X1-subj-X2,X1-obj-X3,X5-has_name-Le Duc de Liancourt,X4-of-X5,X1-obl_of-X4, X1-be-is-null,X2-which-Which-null,X3-nationality-nationality-the,X4-creator-creator-the,X5-Le Duc de Liancourt-Le-null, X1-subj-X2,X1-obj-X3,X1-obl_of-X4,X5-has_name-Le Duc de Liancourt,X1-obl_of-X5, X1-be-is-null,X2-which-Which-null,X4-creator-creator-the,X5-Le Duc de Liancourt-Le-null,X3-nationality-nationality-the, X1-subj-X2,X3-of-X4,X5-has_name-Le Duc de Liancourt,X3-of-X5,X1-obj-X3, X1-be-is-null,X2-which-Which-null,X4-Le Duc de Liancourt-Le-null,X3-nationality-nationality-the,X5-creator-creator-the, X1-subj-X2,X4-has_name-Le Duc de Liancourt,X3-of-X4,X1-obj-X3,X1-obl_of-X5, X1-be-is-null,X2-which-Which-null,X4-creator-creator-the,X3-nationality-nationality-the,X5-Le Duc de Liancourt-Le-null, X1-subj-X2,X3-of-X4,X1-obj-X3,X5-has_name-Le Duc de Liancourt,X1-obl_of-X5,","Drs [
 tokens=[],
 dEntities=[
DEntity(X1, be, is, VERB, null, false, Query1, Query), 
DEntity(X2, which, Which, PRON, null, false, Qualifier2, Qualifier), 
DEntity(X5, Le Duc de Liancourt, Le, PROPN, null, false, Artefact3, Artefact), 
DEntity(X4, creator, creator, NOUN, the, false, Artist4, Artist), 
DEntity(X3, nationality, nationality, NOUN, the, false, ConceptArtist5, ConceptArtist)],
 dConditions=[
DCondition(X1, subj, X2, propriedades= [qQualifier] --- []), 
DCondition(X5, has_name, Le Duc de Liancourt, propriedades= [] --- [has_name, has_text, who]), 
DCondition(X4, of, X5, propriedades= [author_of] --- []), 
DCondition(X3, of, X4, propriedades= [conc_of_Artist] --- []), 
DCondition(X1, obj, X3, propriedades= [select] --- []), 
DCondition(X1, has_text, be, propriedades= [] --- [has_name, has_text, who]), 
DCondition(X2, has_text, which, propriedades= [] --- [has_name, has_text, who]), 
DCondition(X5, has_text, Le Duc de Liancourt, propriedades= [] --- [has_name, has_text, who]), 
DCondition(X4, has_text, creator, propriedades= [] --- [has_name, has_text, who]), 
DCondition(X3, has_text, nationality, propriedades= [] --- [has_name, has_text, who]), 
DCondition(X2, has_name, null list, propriedades= [] --- [has_name, has_text, who]), 
DCondition(X1, obj, X2, propriedades= [qQualifier] --- [])]
 solu��es = []
 numeroFrase = 0
 numHasNames = 2
 numIndividuals = 5
 numEntitiesOk = 10
 numIsClass = 0
 numPropsOk = 5
 numEntitiesNOk = 0
 numClassesOk = 4]"," PREFIX rdf: <http://www.w3.org/1999/02/22-rdf-syntax-ns#> PREFIX xsd: <http://www.w3.org/2001/XMLSchema#> PREFIX rdfs: <http://www.w3.org/2000/01/rdf-schema#> PREFIX cidoc: <http://www.cidoc-crm.org/cidoc-crm/> SELECT  DISTINCT  ?snameConceptArtist5 ?ConceptArtist5 ?snameArtefact3 ?Artefact3 WHERE { {{?Artefact3 cidoc:P131_is_identified_by ?nameArtefact3 . ?nameArtefact3 rdf:value ?snameArtefact3 .}  UNION {?Artefact3 rdfs:label ?snameArtefact3 .}}  filter(regex(?snameArtefact3,""Le Duc de Liancourt"",""i"")) . ?prod cidoc:P14_carried_out_by ?Artist4 . ?Artefact3 cidoc:P108i_was_produced_by ?prod . ?Artist4 rdfs:label ?snameArtist4 . ?Artist4 cidoc:P107i_is_current_or_former_member_of ?ConceptArtist5. ?ConceptArtist5 rdfs:label ?snameConceptArtist5. }",true
233,Which is the nationality of the creator of Leda and the Necrophilic Swan?," X1-be-is-null,X2-which-Which-null,X6-Swan-Swan-the,X5-Leda-Leda-null,X4-creator-creator-the,X3-nationality-nationality-the, X1-subj-X2,X6-Necrophilic-true,X6-has_name-Swan,X4-of-X6,X5-has_name-Leda,X4-of-X5,X3-of-X4,X1-obj-X3, X1-be-is-null,X2-which-Which-null,X6-Swan-Swan-the,X5-Leda-Leda-null,X4-creator-creator-the,X3-nationality-nationality-the, X1-subj-X2,X6-has_name-Necrophilic,X6-has_name-Swan,X4-of-X6,X5-has_name-Leda,X4-of-X5,X3-of-X4,X1-obj-X3, X1-be-is-null,X2-which-Which-null,X3-nationality-nationality-the,X6-Swan-Swan-the,X5-Leda-Leda-null,X4-creator-creator-the, X1-subj-X2,X1-obj-X3,X6-Necrophilic-true,X6-has_name-Swan,X4-of-X6,X5-has_name-Leda,X4-of-X5,X1-obl_of-X4, X1-be-is-null,X2-which-Which-null,X3-nationality-nationality-the,X6-Swan-Swan-the,X5-Leda-Leda-null,X4-creator-creator-the, X1-subj-X2,X1-obj-X3,X6-has_name-Necrophilic,X6-has_name-Swan,X4-of-X6,X5-has_name-Leda,X4-of-X5,X1-obl_of-X4, X1-be-is-null,X2-which-Which-null,X3-nationality-nationality-the,X4-creator-creator-the,X6-Swan-Swan-the,X5-Leda-Leda-null, X1-subj-X2,X1-obj-X3,X1-obl_of-X4,X6-Necrophilic-true,X6-has_name-Swan,X1-obl_of-X6,X5-has_name-Leda,X1-obl_of-X5, X1-be-is-null,X2-which-Which-null,X3-nationality-nationality-the,X4-creator-creator-the,X6-Swan-Swan-the,X5-Leda-Leda-null, X1-subj-X2,X1-obj-X3,X1-obl_of-X4,X6-has_name-Necrophilic,X6-has_name-Swan,X1-obl_of-X6,X5-has_name-Leda,X1-obl_of-X5, X1-be-is-null,X2-which-Which-null,X4-creator-creator-the,X6-Swan-Swan-the,X5-Leda-Leda-null,X3-nationality-nationality-the, X1-subj-X2,X3-of-X4,X6-Necrophilic-true,X6-has_name-Swan,X3-of-X6,X5-has_name-Leda,X3-of-X5,X1-obj-X3, X1-be-is-null,X2-which-Which-null,X4-creator-creator-the,X6-Swan-Swan-the,X5-Leda-Leda-null,X3-nationality-nationality-the, X1-subj-X2,X3-of-X4,X6-has_name-Necrophilic,X6-has_name-Swan,X3-of-X6,X5-has_name-Leda,X3-of-X5,X1-obj-X3, X1-be-is-null,X2-which-Which-null,X5-Swan-Swan-the,X4-Leda-Leda-null,X3-nationality-nationality-the,X6-creator-creator-the, X1-subj-X2,X5-Necrophilic-true,X5-has_name-Swan,X3-of-X5,X4-has_name-Leda,X3-of-X4,X1-obj-X3,X1-obl_of-X6, X1-be-is-null,X2-which-Which-null,X5-Swan-Swan-the,X4-Leda-Leda-null,X3-nationality-nationality-the,X6-creator-creator-the, X1-subj-X2,X5-has_name-Necrophilic,X5-has_name-Swan,X3-of-X5,X4-has_name-Leda,X3-of-X4,X1-obj-X3,X1-obl_of-X6, X1-be-is-null,X2-which-Which-null,X4-creator-creator-the,X3-nationality-nationality-the,X6-Swan-Swan-the,X5-Leda-Leda-null, X1-subj-X2,X3-of-X4,X1-obj-X3,X6-Necrophilic-true,X6-has_name-Swan,X1-obl_of-X6,X5-has_name-Leda,X1-obl_of-X5, X1-be-is-null,X2-which-Which-null,X4-creator-creator-the,X3-nationality-nationality-the,X6-Swan-Swan-the,X5-Leda-Leda-null, X1-subj-X2,X3-of-X4,X1-obj-X3,X6-has_name-Necrophilic,X6-has_name-Swan,X1-obl_of-X6,X5-has_name-Leda,X1-obl_of-X5,",Incorrect partial DRS,null,null
234,Which is the nationality of the creator of Left Bank Arch?,,Incorrect Stanza Parsing,null,null
235,Which is the nationality of the creator of Les Six?," X1-be-is-null,X2-which-Which-null,X5-Les Six-Les Six-null,X4-creator-creator-the,X3-nationality-nationality-the, X1-subj-X2,X5-has_name-Les Six,X4-of-X5,X3-of-X4,X1-obj-X3, X1-be-is-null,X2-which-Which-null,X3-nationality-nationality-the,X5-Les Six-Les Six-null,X4-creator-creator-the, X1-subj-X2,X1-obj-X3,X5-has_name-Les Six,X4-of-X5,X1-obl_of-X4, X1-be-is-null,X2-which-Which-null,X3-nationality-nationality-the,X4-creator-creator-the,X5-Les Six-Les Six-null, X1-subj-X2,X1-obj-X3,X1-obl_of-X4,X5-has_name-Les Six,X1-obl_of-X5, X1-be-is-null,X2-which-Which-null,X4-creator-creator-the,X5-Les Six-Les Six-null,X3-nationality-nationality-the, X1-subj-X2,X3-of-X4,X5-has_name-Les Six,X3-of-X5,X1-obj-X3, X1-be-is-null,X2-which-Which-null,X4-Les Six-Les Six-null,X3-nationality-nationality-the,X5-creator-creator-the, X1-subj-X2,X4-has_name-Les Six,X3-of-X4,X1-obj-X3,X1-obl_of-X5, X1-be-is-null,X2-which-Which-null,X4-creator-creator-the,X3-nationality-nationality-the,X5-Les Six-Les Six-null, X1-subj-X2,X3-of-X4,X1-obj-X3,X5-has_name-Les Six,X1-obl_of-X5,","Drs [
 tokens=[],
 dEntities=[
DEntity(X1, be, is, VERB, null, false, Query1, Query), 
DEntity(X2, which, Which, PRON, null, false, Qualifier2, Qualifier), 
DEntity(X5, Les, Les, PROPN, null, false, Artefact3, Artefact), 
DEntity(X4, creator, creator, NOUN, the, false, Artist4, Artist), 
DEntity(X3, nationality, nationality, NOUN, the, false, ConceptArtist5, ConceptArtist)],
 dConditions=[
DCondition(X1, subj, X2, propriedades= [qQualifier] --- []), 
DCondition(X5, six, true, propriedades= [] --- [has_name, has_text, who]), 
DCondition(X5, has_name, Les, propriedades= [] --- [has_name, has_text, who]), 
DCondition(X4, of, X5, propriedades= [author_of] --- []), 
DCondition(X3, of, X4, propriedades= [conc_of_Artist] --- []), 
DCondition(X1, obj, X3, propriedades= [select] --- []), 
DCondition(X1, has_text, be, propriedades= [] --- [has_name, has_text, who]), 
DCondition(X2, has_text, which, propriedades= [] --- [has_name, has_text, who]), 
DCondition(X5, has_text, Les, propriedades= [] --- [has_name, has_text, who]), 
DCondition(X4, has_text, creator, propriedades= [] --- [has_name, has_text, who]), 
DCondition(X3, has_text, nationality, propriedades= [] --- [has_name, has_text, who]), 
DCondition(X2, has_name, null list, propriedades= [] --- [has_name, has_text, who]), 
DCondition(X1, obj, X2, propriedades= [qQualifier] --- [])]
 solu��es = []
 numeroFrase = 0
 numHasNames = 2
 numIndividuals = 5
 numEntitiesOk = 10
 numIsClass = 0
 numPropsOk = 5
 numEntitiesNOk = 0
 numClassesOk = 4]"," PREFIX rdf: <http://www.w3.org/1999/02/22-rdf-syntax-ns#> PREFIX xsd: <http://www.w3.org/2001/XMLSchema#> PREFIX rdfs: <http://www.w3.org/2000/01/rdf-schema#> PREFIX cidoc: <http://www.cidoc-crm.org/cidoc-crm/> SELECT  DISTINCT  ?snameConceptArtist5 ?ConceptArtist5 ?snameArtefact3 ?Artefact3 WHERE { {{?Artefact3 cidoc:P131_is_identified_by ?nameArtefact3 . ?nameArtefact3 rdf:value ?snameArtefact3 .}  UNION {?Artefact3 rdfs:label ?snameArtefact3 .}}  filter(regex(?snameArtefact3,""Les"",""i"")) . ?prod cidoc:P14_carried_out_by ?Artist4 . ?Artefact3 cidoc:P108i_was_produced_by ?prod . ?Artist4 rdfs:label ?snameArtist4 . ?Artist4 cidoc:P107i_is_current_or_former_member_of ?ConceptArtist5. ?ConceptArtist5 rdfs:label ?snameConceptArtist5. }",false
236,Which is the nationality of the creator of Let's Make a Record?," X1-be-is-null,X2-which-Which-null,X5-make-Make-of,X6-we-'s-null,X7-record-Record-a,X4-creator-creator-the,X3-nationality-nationality-the, X1-subj-X2,X5-obj-X6,X5-obj-X7,X3-of-X4,X1-obj-X3,X5-obl-X4, X1-be-is-null,X2-which-Which-null,X3-nationality-nationality-the,X5-make-Make-of,X6-we-'s-null,X7-record-Record-a,X4-creator-creator-the, X1-subj-X2,X1-obj-X3,X5-obj-X6,X5-obj-X7,X1-obl_of-X4,X5-obl-X4,X1-obl-X4,X1-obl-X4,X1-obl-X4,X1-obl-X4,X1-obl-X4,",Incorrect partial DRS,null,null
237,Which is the nationality of the creator of Light Blue Nursery?," X1-be-is-null,X2-which-Which-null,X5-Nursery-Nursery-null,X4-creator-creator-the,X3-nationality-nationality-the, X1-subj-X2,X5-light-true,X5-Blue-true,X5-has_name-Nursery,X4-of-X5,X3-of-X4,X1-obj-X3, X1-be-is-null,X2-which-Which-null,X5-Nursery-Nursery-null,X4-creator-creator-the,X3-nationality-nationality-the, X1-subj-X2,X5-light-true,X5-has_name-Blue,X5-has_name-Nursery,X4-of-X5,X3-of-X4,X1-obj-X3, X1-be-is-null,X2-which-Which-null,X5-Blue Nursery-Blue Nursery-null,X4-creator-creator-the,X3-nationality-nationality-the, X1-subj-X2,X5-light-true,X5-has_name-Blue Nursery,X4-of-X5,X3-of-X4,X1-obj-X3, X1-be-is-null,X2-which-Which-null,X5-Nursery-Nursery-null,X4-creator-creator-the,X3-nationality-nationality-the, X1-subj-X2,X5-has_name-Light,X5-Blue-true,X5-has_name-Nursery,X4-of-X5,X3-of-X4,X1-obj-X3, X1-be-is-null,X2-which-Which-null,X5-Nursery-Nursery-null,X4-creator-creator-the,X3-nationality-nationality-the, X1-subj-X2,X5-has_name-Light,X5-has_name-Blue,X5-has_name-Nursery,X4-of-X5,X3-of-X4,X1-obj-X3, X1-be-is-null,X2-which-Which-null,X5-Blue Nursery-Blue Nursery-null,X4-creator-creator-the,X3-nationality-nationality-the, X1-subj-X2,X5-has_name-Light,X5-has_name-Blue Nursery,X4-of-X5,X3-of-X4,X1-obj-X3, X1-be-is-null,X2-which-Which-null,X3-nationality-nationality-the,X5-Nursery-Nursery-null,X4-creator-creator-the, X1-subj-X2,X1-obj-X3,X5-light-true,X5-Blue-true,X5-has_name-Nursery,X4-of-X5,X1-obl_of-X4, X1-be-is-null,X2-which-Which-null,X3-nationality-nationality-the,X5-Nursery-Nursery-null,X4-creator-creator-the, X1-subj-X2,X1-obj-X3,X5-light-true,X5-has_name-Blue,X5-has_name-Nursery,X4-of-X5,X1-obl_of-X4, X1-be-is-null,X2-which-Which-null,X3-nationality-nationality-the,X5-Blue Nursery-Blue Nursery-null,X4-creator-creator-the, X1-subj-X2,X1-obj-X3,X5-light-true,X5-has_name-Blue Nursery,X4-of-X5,X1-obl_of-X4, X1-be-is-null,X2-which-Which-null,X3-nationality-nationality-the,X5-Nursery-Nursery-null,X4-creator-creator-the, X1-subj-X2,X1-obj-X3,X5-has_name-Light,X5-Blue-true,X5-has_name-Nursery,X4-of-X5,X1-obl_of-X4, X1-be-is-null,X2-which-Which-null,X3-nationality-nationality-the,X5-Nursery-Nursery-null,X4-creator-creator-the, X1-subj-X2,X1-obj-X3,X5-has_name-Light,X5-has_name-Blue,X5-has_name-Nursery,X4-of-X5,X1-obl_of-X4, X1-be-is-null,X2-which-Which-null,X3-nationality-nationality-the,X5-Blue Nursery-Blue Nursery-null,X4-creator-creator-the, X1-subj-X2,X1-obj-X3,X5-has_name-Light,X5-has_name-Blue Nursery,X4-of-X5,X1-obl_of-X4, X1-be-is-null,X2-which-Which-null,X3-nationality-nationality-the,X4-creator-creator-the,X5-Nursery-Nursery-null, X1-subj-X2,X1-obj-X3,X1-obl_of-X4,X5-light-true,X5-Blue-true,X5-has_name-Nursery,X1-obl_of-X5, X1-be-is-null,X2-which-Which-null,X3-nationality-nationality-the,X4-creator-creator-the,X5-Nursery-Nursery-null, X1-subj-X2,X1-obj-X3,X1-obl_of-X4,X5-light-true,X5-has_name-Blue,X5-has_name-Nursery,X1-obl_of-X5, X1-be-is-null,X2-which-Which-null,X3-nationality-nationality-the,X4-creator-creator-the,X5-Blue Nursery-Blue Nursery-null, X1-subj-X2,X1-obj-X3,X1-obl_of-X4,X5-light-true,X5-has_name-Blue Nursery,X1-obl_of-X5, X1-be-is-null,X2-which-Which-null,X3-nationality-nationality-the,X4-creator-creator-the,X5-Nursery-Nursery-null, X1-subj-X2,X1-obj-X3,X1-obl_of-X4,X5-has_name-Light,X5-Blue-true,X5-has_name-Nursery,X1-obl_of-X5, X1-be-is-null,X2-which-Which-null,X3-nationality-nationality-the,X4-creator-creator-the,X5-Nursery-Nursery-null, X1-subj-X2,X1-obj-X3,X1-obl_of-X4,X5-has_name-Light,X5-has_name-Blue,X5-has_name-Nursery,X1-obl_of-X5, X1-be-is-null,X2-which-Which-null,X3-nationality-nationality-the,X4-creator-creator-the,X5-Blue Nursery-Blue Nursery-null, X1-subj-X2,X1-obj-X3,X1-obl_of-X4,X5-has_name-Light,X5-has_name-Blue Nursery,X1-obl_of-X5, X1-be-is-null,X2-which-Which-null,X4-creator-creator-the,X5-Nursery-Nursery-null,X3-nationality-nationality-the, X1-subj-X2,X3-of-X4,X5-light-true,X5-Blue-true,X5-has_name-Nursery,X3-of-X5,X1-obj-X3, X1-be-is-null,X2-which-Which-null,X4-creator-creator-the,X5-Nursery-Nursery-null,X3-nationality-nationality-the, X1-subj-X2,X3-of-X4,X5-light-true,X5-has_name-Blue,X5-has_name-Nursery,X3-of-X5,X1-obj-X3, X1-be-is-null,X2-which-Which-null,X4-creator-creator-the,X5-Blue Nursery-Blue Nursery-null,X3-nationality-nationality-the, X1-subj-X2,X3-of-X4,X5-light-true,X5-has_name-Blue Nursery,X3-of-X5,X1-obj-X3, X1-be-is-null,X2-which-Which-null,X4-creator-creator-the,X5-Nursery-Nursery-null,X3-nationality-nationality-the, X1-subj-X2,X3-of-X4,X5-has_name-Light,X5-Blue-true,X5-has_name-Nursery,X3-of-X5,X1-obj-X3, X1-be-is-null,X2-which-Which-null,X4-creator-creator-the,X5-Nursery-Nursery-null,X3-nationality-nationality-the, X1-subj-X2,X3-of-X4,X5-has_name-Light,X5-has_name-Blue,X5-has_name-Nursery,X3-of-X5,X1-obj-X3, X1-be-is-null,X2-which-Which-null,X4-creator-creator-the,X5-Blue Nursery-Blue Nursery-null,X3-nationality-nationality-the, X1-subj-X2,X3-of-X4,X5-has_name-Light,X5-has_name-Blue Nursery,X3-of-X5,X1-obj-X3, X1-be-is-null,X2-which-Which-null,X4-Nursery-Nursery-null,X3-nationality-nationality-the,X5-creator-creator-the, X1-subj-X2,X4-light-true,X4-Blue-true,X4-has_name-Nursery,X3-of-X4,X1-obj-X3,X1-obl_of-X5, X1-be-is-null,X2-which-Which-null,X4-Nursery-Nursery-null,X3-nationality-nationality-the,X5-creator-creator-the, X1-subj-X2,X4-light-true,X4-has_name-Blue,X4-has_name-Nursery,X3-of-X4,X1-obj-X3,X1-obl_of-X5, X1-be-is-null,X2-which-Which-null,X4-Blue Nursery-Blue Nursery-null,X3-nationality-nationality-the,X5-creator-creator-the, X1-subj-X2,X4-light-true,X4-has_name-Blue Nursery,X3-of-X4,X1-obj-X3,X1-obl_of-X5, X1-be-is-null,X2-which-Which-null,X4-Nursery-Nursery-null,X3-nationality-nationality-the,X5-creator-creator-the, X1-subj-X2,X4-has_name-Light,X4-Blue-true,X4-has_name-Nursery,X3-of-X4,X1-obj-X3,X1-obl_of-X5, X1-be-is-null,X2-which-Which-null,X4-Nursery-Nursery-null,X3-nationality-nationality-the,X5-creator-creator-the, X1-subj-X2,X4-has_name-Light,X4-has_name-Blue,X4-has_name-Nursery,X3-of-X4,X1-obj-X3,X1-obl_of-X5, X1-be-is-null,X2-which-Which-null,X4-Blue Nursery-Blue Nursery-null,X3-nationality-nationality-the,X5-creator-creator-the, X1-subj-X2,X4-has_name-Light,X4-has_name-Blue Nursery,X3-of-X4,X1-obj-X3,X1-obl_of-X5, X1-be-is-null,X2-which-Which-null,X4-creator-creator-the,X3-nationality-nationality-the,X5-Nursery-Nursery-null, X1-subj-X2,X3-of-X4,X1-obj-X3,X5-light-true,X5-Blue-true,X5-has_name-Nursery,X1-obl_of-X5, X1-be-is-null,X2-which-Which-null,X4-creator-creator-the,X3-nationality-nationality-the,X5-Nursery-Nursery-null, X1-subj-X2,X3-of-X4,X1-obj-X3,X5-light-true,X5-has_name-Blue,X5-has_name-Nursery,X1-obl_of-X5, X1-be-is-null,X2-which-Which-null,X4-creator-creator-the,X3-nationality-nationality-the,X5-Blue Nursery-Blue Nursery-null, X1-subj-X2,X3-of-X4,X1-obj-X3,X5-light-true,X5-has_name-Blue Nursery,X1-obl_of-X5, X1-be-is-null,X2-which-Which-null,X4-creator-creator-the,X3-nationality-nationality-the,X5-Nursery-Nursery-null, X1-subj-X2,X3-of-X4,X1-obj-X3,X5-has_name-Light,X5-Blue-true,X5-has_name-Nursery,X1-obl_of-X5, X1-be-is-null,X2-which-Which-null,X4-creator-creator-the,X3-nationality-nationality-the,X5-Nursery-Nursery-null, X1-subj-X2,X3-of-X4,X1-obj-X3,X5-has_name-Light,X5-has_name-Blue,X5-has_name-Nursery,X1-obl_of-X5, X1-be-is-null,X2-which-Which-null,X4-creator-creator-the,X3-nationality-nationality-the,X5-Blue Nursery-Blue Nursery-null, X1-subj-X2,X3-of-X4,X1-obj-X3,X5-has_name-Light,X5-has_name-Blue Nursery,X1-obl_of-X5,","Drs [
 tokens=[],
 dEntities=[
DEntity(X1, be, is, VERB, null, false, Query1, Query), 
DEntity(X2, which, Which, PRON, null, false, Qualifier2, Qualifier), 
DEntity(X5, Nursery, Nursery, PROPN, null, false, Artefact3, Artefact), 
DEntity(X4, creator, creator, NOUN, the, false, Artist4, Artist), 
DEntity(X3, nationality, nationality, NOUN, the, false, ConceptArtist5, ConceptArtist)],
 dConditions=[
DCondition(X1, subj, X2, propriedades= [qQualifier] --- []), 
DCondition(X5, light, true, propriedades= [] --- [has_name, has_text, who]), 
DCondition(X5, Blue, true, propriedades= [] --- [has_name, has_text, who]), 
DCondition(X5, has_name, Nursery, propriedades= [] --- [has_name, has_text, who]), 
DCondition(X4, of, X5, propriedades= [author_of] --- []), 
DCondition(X3, of, X4, propriedades= [conc_of_Artist] --- []), 
DCondition(X1, obj, X3, propriedades= [select] --- []), 
DCondition(X1, has_text, be, propriedades= [] --- [has_name, has_text, who]), 
DCondition(X2, has_text, which, propriedades= [] --- [has_name, has_text, who]), 
DCondition(X5, has_text, Nursery, propriedades= [] --- [has_name, has_text, who]), 
DCondition(X4, has_text, creator, propriedades= [] --- [has_name, has_text, who]), 
DCondition(X3, has_text, nationality, propriedades= [] --- [has_name, has_text, who]), 
DCondition(X2, has_name, null list, propriedades= [] --- [has_name, has_text, who]), 
DCondition(X1, obj, X2, propriedades= [qQualifier] --- [])]
 solu��es = []
 numeroFrase = 0
 numHasNames = 2
 numIndividuals = 5
 numEntitiesOk = 10
 numIsClass = 0
 numPropsOk = 5
 numEntitiesNOk = 0
 numClassesOk = 4]"," PREFIX rdf: <http://www.w3.org/1999/02/22-rdf-syntax-ns#> PREFIX xsd: <http://www.w3.org/2001/XMLSchema#> PREFIX rdfs: <http://www.w3.org/2000/01/rdf-schema#> PREFIX cidoc: <http://www.cidoc-crm.org/cidoc-crm/> SELECT  DISTINCT  ?snameConceptArtist5 ?ConceptArtist5 ?snameArtefact3 ?Artefact3 WHERE { {{?Artefact3 cidoc:P131_is_identified_by ?nameArtefact3 . ?nameArtefact3 rdf:value ?snameArtefact3 .}  UNION {?Artefact3 rdfs:label ?snameArtefact3 .}}  filter(regex(?snameArtefact3,""Nursery"",""i"")) . ?prod cidoc:P14_carried_out_by ?Artist4 . ?Artefact3 cidoc:P108i_was_produced_by ?prod . ?Artist4 rdfs:label ?snameArtist4 . ?Artist4 cidoc:P107i_is_current_or_former_member_of ?ConceptArtist5. ?ConceptArtist5 rdfs:label ?snameConceptArtist5. }",true
238,Which is the nationality of the creator of Lions in a London Square?," X1-be-is-null,X2-which-Which-null,X5-Lions-Lions-null,X6-London Square-London Square-a,X4-creator-creator-the,X3-nationality-nationality-the, X1-subj-X2,X5-has_name-Lions,X4-of-X5,X6-has_name-London Square,X4-in-X6,X3-of-X4,X1-obj-X3, X1-be-is-null,X2-which-Which-null,X3-nationality-nationality-the,X5-Lions-Lions-null,X6-London Square-London Square-a,X4-creator-creator-the, X1-subj-X2,X1-obj-X3,X5-has_name-Lions,X4-of-X5,X6-has_name-London Square,X4-in-X6,X1-obl_of-X4, X1-be-is-null,X2-which-Which-null,X3-nationality-nationality-the,X5-London Square-London Square-a,X4-creator-creator-the,X6-Lions-Lions-null, X1-subj-X2,X1-obj-X3,X5-has_name-London Square,X4-in-X5,X1-obl_of-X4,X6-has_name-Lions,X1-obl_of-X6, X1-be-is-null,X2-which-Which-null,X3-nationality-nationality-the,X4-creator-creator-the,X5-Lions-Lions-null,X6-London Square-London Square-a, X1-subj-X2,X1-obj-X3,X1-obl_of-X4,X5-has_name-Lions,X1-obl_of-X5,X6-has_name-London Square,X1-obl_in-X6, X1-be-is-null,X2-which-Which-null,X3-nationality-nationality-the,X5-Lions-Lions-null,X4-creator-creator-the,X6-London Square-London Square-a, X1-subj-X2,X1-obj-X3,X5-has_name-Lions,X4-of-X5,X1-obl_of-X4,X6-has_name-London Square,X1-obl_in-X6, X1-be-is-null,X2-which-Which-null,X5-London Square-London Square-a,X4-creator-creator-the,X6-Lions-Lions-null,X3-nationality-nationality-the, X1-subj-X2,X5-has_name-London Square,X4-in-X5,X3-of-X4,X6-has_name-Lions,X3-of-X6,X1-obj-X3, X1-be-is-null,X2-which-Which-null,X4-Lions-Lions-null,X3-nationality-nationality-the,X6-London Square-London Square-a,X5-creator-creator-the, X1-subj-X2,X4-has_name-Lions,X3-of-X4,X1-obj-X3,X6-has_name-London Square,X5-in-X6,X1-obl_of-X5, X1-be-is-null,X2-which-Which-null,X5-London Square-London Square-a,X4-creator-creator-the,X3-nationality-nationality-the,X6-Lions-Lions-null, X1-subj-X2,X5-has_name-London Square,X4-in-X5,X3-of-X4,X1-obj-X3,X6-has_name-Lions,X1-obl_of-X6, X1-be-is-null,X2-which-Which-null,X4-creator-creator-the,X5-Lions-Lions-null,X6-London Square-London Square-a,X3-nationality-nationality-the, X1-subj-X2,X3-of-X4,X5-has_name-Lions,X3-of-X5,X6-has_name-London Square,X3-in-X6,X1-obj-X3, X1-be-is-null,X2-which-Which-null,X5-Lions-Lions-null,X4-creator-creator-the,X6-London Square-London Square-a,X3-nationality-nationality-the, X1-subj-X2,X5-has_name-Lions,X4-of-X5,X3-of-X4,X6-has_name-London Square,X3-in-X6,X1-obj-X3,",Incorrect partial DRS,null,null
239,Which is the nationality of the creator of Little Peasant Girl?," X1-be-is-null,X2-which-Which-null,X5-Girl-Girl-null,X4-creator-creator-the,X3-nationality-nationality-the, X1-subj-X2,X5-Little-true,X5-peasant-true,X5-has_name-Girl,X4-of-X5,X3-of-X4,X1-obj-X3, X1-be-is-null,X2-which-Which-null,X5-Girl-Girl-null,X4-creator-creator-the,X3-nationality-nationality-the, X1-subj-X2,X5-Little-true,X5-has_name-Peasant,X5-has_name-Girl,X4-of-X5,X3-of-X4,X1-obj-X3, X1-be-is-null,X2-which-Which-null,X5-Peasant Girl-Peasant Girl-null,X4-creator-creator-the,X3-nationality-nationality-the, X1-subj-X2,X5-Little-true,X5-has_name-Peasant Girl,X4-of-X5,X3-of-X4,X1-obj-X3, X1-be-is-null,X2-which-Which-null,X5-Girl-Girl-null,X4-creator-creator-the,X3-nationality-nationality-the, X1-subj-X2,X5-has_name-Little,X5-peasant-true,X5-has_name-Girl,X4-of-X5,X3-of-X4,X1-obj-X3, X1-be-is-null,X2-which-Which-null,X5-Girl-Girl-null,X4-creator-creator-the,X3-nationality-nationality-the, X1-subj-X2,X5-has_name-Little,X5-has_name-Peasant,X5-has_name-Girl,X4-of-X5,X3-of-X4,X1-obj-X3, X1-be-is-null,X2-which-Which-null,X5-Peasant Girl-Peasant Girl-null,X4-creator-creator-the,X3-nationality-nationality-the, X1-subj-X2,X5-has_name-Little,X5-has_name-Peasant Girl,X4-of-X5,X3-of-X4,X1-obj-X3, X1-be-is-null,X2-which-Which-null,X3-nationality-nationality-the,X5-Girl-Girl-null,X4-creator-creator-the, X1-subj-X2,X1-obj-X3,X5-Little-true,X5-peasant-true,X5-has_name-Girl,X4-of-X5,X1-obl_of-X4, X1-be-is-null,X2-which-Which-null,X3-nationality-nationality-the,X5-Girl-Girl-null,X4-creator-creator-the, X1-subj-X2,X1-obj-X3,X5-Little-true,X5-has_name-Peasant,X5-has_name-Girl,X4-of-X5,X1-obl_of-X4, X1-be-is-null,X2-which-Which-null,X3-nationality-nationality-the,X5-Peasant Girl-Peasant Girl-null,X4-creator-creator-the, X1-subj-X2,X1-obj-X3,X5-Little-true,X5-has_name-Peasant Girl,X4-of-X5,X1-obl_of-X4, X1-be-is-null,X2-which-Which-null,X3-nationality-nationality-the,X5-Girl-Girl-null,X4-creator-creator-the, X1-subj-X2,X1-obj-X3,X5-has_name-Little,X5-peasant-true,X5-has_name-Girl,X4-of-X5,X1-obl_of-X4, X1-be-is-null,X2-which-Which-null,X3-nationality-nationality-the,X5-Girl-Girl-null,X4-creator-creator-the, X1-subj-X2,X1-obj-X3,X5-has_name-Little,X5-has_name-Peasant,X5-has_name-Girl,X4-of-X5,X1-obl_of-X4, X1-be-is-null,X2-which-Which-null,X3-nationality-nationality-the,X5-Peasant Girl-Peasant Girl-null,X4-creator-creator-the, X1-subj-X2,X1-obj-X3,X5-has_name-Little,X5-has_name-Peasant Girl,X4-of-X5,X1-obl_of-X4, X1-be-is-null,X2-which-Which-null,X3-nationality-nationality-the,X4-creator-creator-the,X5-Girl-Girl-null, X1-subj-X2,X1-obj-X3,X1-obl_of-X4,X5-Little-true,X5-peasant-true,X5-has_name-Girl,X1-obl_of-X5, X1-be-is-null,X2-which-Which-null,X3-nationality-nationality-the,X4-creator-creator-the,X5-Girl-Girl-null, X1-subj-X2,X1-obj-X3,X1-obl_of-X4,X5-Little-true,X5-has_name-Peasant,X5-has_name-Girl,X1-obl_of-X5, X1-be-is-null,X2-which-Which-null,X3-nationality-nationality-the,X4-creator-creator-the,X5-Peasant Girl-Peasant Girl-null, X1-subj-X2,X1-obj-X3,X1-obl_of-X4,X5-Little-true,X5-has_name-Peasant Girl,X1-obl_of-X5, X1-be-is-null,X2-which-Which-null,X3-nationality-nationality-the,X4-creator-creator-the,X5-Girl-Girl-null, X1-subj-X2,X1-obj-X3,X1-obl_of-X4,X5-has_name-Little,X5-peasant-true,X5-has_name-Girl,X1-obl_of-X5, X1-be-is-null,X2-which-Which-null,X3-nationality-nationality-the,X4-creator-creator-the,X5-Girl-Girl-null, X1-subj-X2,X1-obj-X3,X1-obl_of-X4,X5-has_name-Little,X5-has_name-Peasant,X5-has_name-Girl,X1-obl_of-X5, X1-be-is-null,X2-which-Which-null,X3-nationality-nationality-the,X4-creator-creator-the,X5-Peasant Girl-Peasant Girl-null, X1-subj-X2,X1-obj-X3,X1-obl_of-X4,X5-has_name-Little,X5-has_name-Peasant Girl,X1-obl_of-X5, X1-be-is-null,X2-which-Which-null,X4-creator-creator-the,X5-Girl-Girl-null,X3-nationality-nationality-the, X1-subj-X2,X3-of-X4,X5-Little-true,X5-peasant-true,X5-has_name-Girl,X3-of-X5,X1-obj-X3, X1-be-is-null,X2-which-Which-null,X4-creator-creator-the,X5-Girl-Girl-null,X3-nationality-nationality-the, X1-subj-X2,X3-of-X4,X5-Little-true,X5-has_name-Peasant,X5-has_name-Girl,X3-of-X5,X1-obj-X3, X1-be-is-null,X2-which-Which-null,X4-creator-creator-the,X5-Peasant Girl-Peasant Girl-null,X3-nationality-nationality-the, X1-subj-X2,X3-of-X4,X5-Little-true,X5-has_name-Peasant Girl,X3-of-X5,X1-obj-X3, X1-be-is-null,X2-which-Which-null,X4-creator-creator-the,X5-Girl-Girl-null,X3-nationality-nationality-the, X1-subj-X2,X3-of-X4,X5-has_name-Little,X5-peasant-true,X5-has_name-Girl,X3-of-X5,X1-obj-X3, X1-be-is-null,X2-which-Which-null,X4-creator-creator-the,X5-Girl-Girl-null,X3-nationality-nationality-the, X1-subj-X2,X3-of-X4,X5-has_name-Little,X5-has_name-Peasant,X5-has_name-Girl,X3-of-X5,X1-obj-X3, X1-be-is-null,X2-which-Which-null,X4-creator-creator-the,X5-Peasant Girl-Peasant Girl-null,X3-nationality-nationality-the, X1-subj-X2,X3-of-X4,X5-has_name-Little,X5-has_name-Peasant Girl,X3-of-X5,X1-obj-X3, X1-be-is-null,X2-which-Which-null,X4-Girl-Girl-null,X3-nationality-nationality-the,X5-creator-creator-the, X1-subj-X2,X4-Little-true,X4-peasant-true,X4-has_name-Girl,X3-of-X4,X1-obj-X3,X1-obl_of-X5, X1-be-is-null,X2-which-Which-null,X4-Girl-Girl-null,X3-nationality-nationality-the,X5-creator-creator-the, X1-subj-X2,X4-Little-true,X4-has_name-Peasant,X4-has_name-Girl,X3-of-X4,X1-obj-X3,X1-obl_of-X5, X1-be-is-null,X2-which-Which-null,X4-Peasant Girl-Peasant Girl-null,X3-nationality-nationality-the,X5-creator-creator-the, X1-subj-X2,X4-Little-true,X4-has_name-Peasant Girl,X3-of-X4,X1-obj-X3,X1-obl_of-X5, X1-be-is-null,X2-which-Which-null,X4-Girl-Girl-null,X3-nationality-nationality-the,X5-creator-creator-the, X1-subj-X2,X4-has_name-Little,X4-peasant-true,X4-has_name-Girl,X3-of-X4,X1-obj-X3,X1-obl_of-X5, X1-be-is-null,X2-which-Which-null,X4-Girl-Girl-null,X3-nationality-nationality-the,X5-creator-creator-the, X1-subj-X2,X4-has_name-Little,X4-has_name-Peasant,X4-has_name-Girl,X3-of-X4,X1-obj-X3,X1-obl_of-X5, X1-be-is-null,X2-which-Which-null,X4-Peasant Girl-Peasant Girl-null,X3-nationality-nationality-the,X5-creator-creator-the, X1-subj-X2,X4-has_name-Little,X4-has_name-Peasant Girl,X3-of-X4,X1-obj-X3,X1-obl_of-X5, X1-be-is-null,X2-which-Which-null,X4-creator-creator-the,X3-nationality-nationality-the,X5-Girl-Girl-null, X1-subj-X2,X3-of-X4,X1-obj-X3,X5-Little-true,X5-peasant-true,X5-has_name-Girl,X1-obl_of-X5, X1-be-is-null,X2-which-Which-null,X4-creator-creator-the,X3-nationality-nationality-the,X5-Girl-Girl-null, X1-subj-X2,X3-of-X4,X1-obj-X3,X5-Little-true,X5-has_name-Peasant,X5-has_name-Girl,X1-obl_of-X5, X1-be-is-null,X2-which-Which-null,X4-creator-creator-the,X3-nationality-nationality-the,X5-Peasant Girl-Peasant Girl-null, X1-subj-X2,X3-of-X4,X1-obj-X3,X5-Little-true,X5-has_name-Peasant Girl,X1-obl_of-X5, X1-be-is-null,X2-which-Which-null,X4-creator-creator-the,X3-nationality-nationality-the,X5-Girl-Girl-null, X1-subj-X2,X3-of-X4,X1-obj-X3,X5-has_name-Little,X5-peasant-true,X5-has_name-Girl,X1-obl_of-X5, X1-be-is-null,X2-which-Which-null,X4-creator-creator-the,X3-nationality-nationality-the,X5-Girl-Girl-null, X1-subj-X2,X3-of-X4,X1-obj-X3,X5-has_name-Little,X5-has_name-Peasant,X5-has_name-Girl,X1-obl_of-X5, X1-be-is-null,X2-which-Which-null,X4-creator-creator-the,X3-nationality-nationality-the,X5-Peasant Girl-Peasant Girl-null, X1-subj-X2,X3-of-X4,X1-obj-X3,X5-has_name-Little,X5-has_name-Peasant Girl,X1-obl_of-X5,","Drs [
 tokens=[],
 dEntities=[
DEntity(X1, be, is, VERB, null, false, Query1, Query), 
DEntity(X2, which, Which, PRON, null, false, Qualifier2, Qualifier), 
DEntity(X5, Girl, Girl, PROPN, null, false, Artefact3, Artefact), 
DEntity(X4, creator, creator, NOUN, the, false, Artist4, Artist), 
DEntity(X3, nationality, nationality, NOUN, the, false, ConceptArtist5, ConceptArtist)],
 dConditions=[
DCondition(X1, subj, X2, propriedades= [qQualifier] --- []), 
DCondition(X5, Little, true, propriedades= [] --- [has_name, has_text, who]), 
DCondition(X5, peasant, true, propriedades= [] --- [has_name, has_text, who]), 
DCondition(X5, has_name, Girl, propriedades= [] --- [has_name, has_text, who]), 
DCondition(X4, of, X5, propriedades= [author_of] --- []), 
DCondition(X3, of, X4, propriedades= [conc_of_Artist] --- []), 
DCondition(X1, obj, X3, propriedades= [select] --- []), 
DCondition(X1, has_text, be, propriedades= [] --- [has_name, has_text, who]), 
DCondition(X2, has_text, which, propriedades= [] --- [has_name, has_text, who]), 
DCondition(X5, has_text, Girl, propriedades= [] --- [has_name, has_text, who]), 
DCondition(X4, has_text, creator, propriedades= [] --- [has_name, has_text, who]), 
DCondition(X3, has_text, nationality, propriedades= [] --- [has_name, has_text, who]), 
DCondition(X2, has_name, null list, propriedades= [] --- [has_name, has_text, who]), 
DCondition(X1, obj, X2, propriedades= [qQualifier] --- [])]
 solu��es = []
 numeroFrase = 0
 numHasNames = 2
 numIndividuals = 5
 numEntitiesOk = 10
 numIsClass = 0
 numPropsOk = 5
 numEntitiesNOk = 0
 numClassesOk = 4]"," PREFIX rdf: <http://www.w3.org/1999/02/22-rdf-syntax-ns#> PREFIX xsd: <http://www.w3.org/2001/XMLSchema#> PREFIX rdfs: <http://www.w3.org/2000/01/rdf-schema#> PREFIX cidoc: <http://www.cidoc-crm.org/cidoc-crm/> SELECT  DISTINCT  ?snameConceptArtist5 ?ConceptArtist5 ?snameArtefact3 ?Artefact3 WHERE { {{?Artefact3 cidoc:P131_is_identified_by ?nameArtefact3 . ?nameArtefact3 rdf:value ?snameArtefact3 .}  UNION {?Artefact3 rdfs:label ?snameArtefact3 .}}  filter(regex(?snameArtefact3,""Girl"",""i"")) . ?prod cidoc:P14_carried_out_by ?Artist4 . ?Artefact3 cidoc:P108i_was_produced_by ?prod . ?Artist4 rdfs:label ?snameArtist4 . ?Artist4 cidoc:P107i_is_current_or_former_member_of ?ConceptArtist5. ?ConceptArtist5 rdfs:label ?snameConceptArtist5. }",true
240,Which is the nationality of the creator of Long Island?," X1-be-is-null,X2-which-Which-null,X5-Long Island-Long Island-null,X4-creator-creator-the,X3-nationality-nationality-the, X1-subj-X2,X5-has_name-Long Island,X4-of-X5,X3-of-X4,X1-obj-X3, X1-be-is-null,X2-which-Which-null,X3-nationality-nationality-the,X5-Long Island-Long Island-null,X4-creator-creator-the, X1-subj-X2,X1-obj-X3,X5-has_name-Long Island,X4-of-X5,X1-obl_of-X4, X1-be-is-null,X2-which-Which-null,X3-nationality-nationality-the,X4-creator-creator-the,X5-Long Island-Long Island-null, X1-subj-X2,X1-obj-X3,X1-obl_of-X4,X5-has_name-Long Island,X1-obl_of-X5, X1-be-is-null,X2-which-Which-null,X4-creator-creator-the,X5-Long Island-Long Island-null,X3-nationality-nationality-the, X1-subj-X2,X3-of-X4,X5-has_name-Long Island,X3-of-X5,X1-obj-X3, X1-be-is-null,X2-which-Which-null,X4-Long Island-Long Island-null,X3-nationality-nationality-the,X5-creator-creator-the, X1-subj-X2,X4-has_name-Long Island,X3-of-X4,X1-obj-X3,X1-obl_of-X5, X1-be-is-null,X2-which-Which-null,X4-creator-creator-the,X3-nationality-nationality-the,X5-Long Island-Long Island-null, X1-subj-X2,X3-of-X4,X1-obj-X3,X5-has_name-Long Island,X1-obl_of-X5,","Drs [
 tokens=[],
 dEntities=[
DEntity(X1, be, is, VERB, null, false, Query1, Query), 
DEntity(X2, which, Which, PRON, null, false, Qualifier2, Qualifier), 
DEntity(X5, Island, Island, PROPN, null, false, Artefact3, Artefact), 
DEntity(X4, creator, creator, NOUN, the, false, Artist4, Artist), 
DEntity(X3, nationality, nationality, NOUN, the, false, ConceptArtist5, ConceptArtist)],
 dConditions=[
DCondition(X1, subj, X2, propriedades= [qQualifier] --- []), 
DCondition(X5, Long, true, propriedades= [] --- [has_name, has_text, who]), 
DCondition(X5, has_name, Island, propriedades= [] --- [has_name, has_text, who]), 
DCondition(X4, of, X5, propriedades= [author_of] --- []), 
DCondition(X3, of, X4, propriedades= [conc_of_Artist] --- []), 
DCondition(X1, obj, X3, propriedades= [select] --- []), 
DCondition(X1, has_text, be, propriedades= [] --- [has_name, has_text, who]), 
DCondition(X2, has_text, which, propriedades= [] --- [has_name, has_text, who]), 
DCondition(X5, has_text, Island, propriedades= [] --- [has_name, has_text, who]), 
DCondition(X4, has_text, creator, propriedades= [] --- [has_name, has_text, who]), 
DCondition(X3, has_text, nationality, propriedades= [] --- [has_name, has_text, who]), 
DCondition(X2, has_name, null list, propriedades= [] --- [has_name, has_text, who]), 
DCondition(X1, obj, X2, propriedades= [qQualifier] --- [])]
 solu��es = []
 numeroFrase = 0
 numHasNames = 2
 numIndividuals = 5
 numEntitiesOk = 10
 numIsClass = 0
 numPropsOk = 5
 numEntitiesNOk = 0
 numClassesOk = 4]"," PREFIX rdf: <http://www.w3.org/1999/02/22-rdf-syntax-ns#> PREFIX xsd: <http://www.w3.org/2001/XMLSchema#> PREFIX rdfs: <http://www.w3.org/2000/01/rdf-schema#> PREFIX cidoc: <http://www.cidoc-crm.org/cidoc-crm/> SELECT  DISTINCT  ?snameConceptArtist5 ?ConceptArtist5 ?snameArtefact3 ?Artefact3 WHERE { {{?Artefact3 cidoc:P131_is_identified_by ?nameArtefact3 . ?nameArtefact3 rdf:value ?snameArtefact3 .}  UNION {?Artefact3 rdfs:label ?snameArtefact3 .}}  filter(regex(?snameArtefact3,""Island"",""i"")) . ?prod cidoc:P14_carried_out_by ?Artist4 . ?Artefact3 cidoc:P108i_was_produced_by ?prod . ?Artist4 rdfs:label ?snameArtist4 . ?Artist4 cidoc:P107i_is_current_or_former_member_of ?ConceptArtist5. ?ConceptArtist5 rdfs:label ?snameConceptArtist5. }",true
241,Which is the nationality of the creator of Lou (Salve Tu Donnine)?," X1-be-is-null,X2-which-Which-null,X5-Lou-Lou-null,X4-creator-creator-the,X3-nationality-nationality-the, X1-subj-X2,X5-has_name-Salve Tu Donnine,X5-has_name-Lou,X4-of-X5,X3-of-X4,X1-obj-X3, X1-be-is-null,X2-which-Which-null,X3-nationality-nationality-the,X5-Lou-Lou-null,X4-creator-creator-the, X1-subj-X2,X1-obj-X3,X5-has_name-Salve Tu Donnine,X5-has_name-Lou,X4-of-X5,X1-obl_of-X4, X1-be-is-null,X2-which-Which-null,X3-nationality-nationality-the,X4-creator-creator-the,X5-Lou-Lou-null, X1-subj-X2,X1-obj-X3,X1-obl_of-X4,X5-has_name-Salve Tu Donnine,X5-has_name-Lou,X1-obl_of-X5, X1-be-is-null,X2-which-Which-null,X4-creator-creator-the,X5-Lou-Lou-null,X3-nationality-nationality-the, X1-subj-X2,X3-of-X4,X5-has_name-Salve Tu Donnine,X5-has_name-Lou,X3-of-X5,X1-obj-X3, X1-be-is-null,X2-which-Which-null,X4-Lou-Lou-null,X3-nationality-nationality-the,X5-creator-creator-the, X1-subj-X2,X4-has_name-Salve Tu Donnine,X4-has_name-Lou,X3-of-X4,X1-obj-X3,X1-obl_of-X5, X1-be-is-null,X2-which-Which-null,X4-creator-creator-the,X3-nationality-nationality-the,X5-Lou-Lou-null, X1-subj-X2,X3-of-X4,X1-obj-X3,X5-has_name-Salve Tu Donnine,X5-has_name-Lou,X1-obl_of-X5, X1-be-is-null,X2-which-Which-null,X6-Salve Tu Donnine-Salve-null,X5-Lou-Lou-null,X4-creator-creator-the,X3-nationality-nationality-the, X1-subj-X2,X6-has_name-Salve Tu Donnine,X5-rel-X6,X5-has_name-Lou,X4-of-X5,X3-of-X4,X1-obj-X3, X1-be-is-null,X2-which-Which-null,X3-nationality-nationality-the,X6-Salve Tu Donnine-Salve-null,X5-Lou-Lou-null,X4-creator-creator-the, X1-subj-X2,X1-obj-X3,X6-has_name-Salve Tu Donnine,X5-rel-X6,X5-has_name-Lou,X4-of-X5,X1-obl_of-X4, X1-be-is-null,X2-which-Which-null,X3-nationality-nationality-the,X4-creator-creator-the,X6-Salve Tu Donnine-Salve-null,X5-Lou-Lou-null, X1-subj-X2,X1-obj-X3,X1-obl_of-X4,X6-has_name-Salve Tu Donnine,X5-rel-X6,X5-has_name-Lou,X1-obl_of-X5, X1-be-is-null,X2-which-Which-null,X4-creator-creator-the,X6-Salve Tu Donnine-Salve-null,X5-Lou-Lou-null,X3-nationality-nationality-the, X1-subj-X2,X3-of-X4,X6-has_name-Salve Tu Donnine,X5-rel-X6,X5-has_name-Lou,X3-of-X5,X1-obj-X3, X1-be-is-null,X2-which-Which-null,X5-Salve Tu Donnine-Salve-null,X4-Lou-Lou-null,X3-nationality-nationality-the,X6-creator-creator-the, X1-subj-X2,X5-has_name-Salve Tu Donnine,X4-rel-X5,X4-has_name-Lou,X3-of-X4,X1-obj-X3,X1-obl_of-X6, X1-be-is-null,X2-which-Which-null,X4-creator-creator-the,X3-nationality-nationality-the,X6-Salve Tu Donnine-Salve-null,X5-Lou-Lou-null, X1-subj-X2,X3-of-X4,X1-obj-X3,X6-has_name-Salve Tu Donnine,X5-rel-X6,X5-has_name-Lou,X1-obl_of-X5,",Incorrect partial DRS,null,null
242,Which is the nationality of the creator of Louis Siebert?," X1-be-is-null,X2-which-Which-null,X5-Louis Siebert-Louis-null,X4-creator-creator-the,X3-nationality-nationality-the, X1-subj-X2,X5-has_name-Louis Siebert,X4-of-X5,X3-of-X4,X1-obj-X3, X1-be-is-null,X2-which-Which-null,X3-nationality-nationality-the,X5-Louis Siebert-Louis-null,X4-creator-creator-the, X1-subj-X2,X1-obj-X3,X5-has_name-Louis Siebert,X4-of-X5,X1-obl_of-X4, X1-be-is-null,X2-which-Which-null,X3-nationality-nationality-the,X4-creator-creator-the,X5-Louis Siebert-Louis-null, X1-subj-X2,X1-obj-X3,X1-obl_of-X4,X5-has_name-Louis Siebert,X1-obl_of-X5, X1-be-is-null,X2-which-Which-null,X4-creator-creator-the,X5-Louis Siebert-Louis-null,X3-nationality-nationality-the, X1-subj-X2,X3-of-X4,X5-has_name-Louis Siebert,X3-of-X5,X1-obj-X3, X1-be-is-null,X2-which-Which-null,X4-Louis Siebert-Louis-null,X3-nationality-nationality-the,X5-creator-creator-the, X1-subj-X2,X4-has_name-Louis Siebert,X3-of-X4,X1-obj-X3,X1-obl_of-X5, X1-be-is-null,X2-which-Which-null,X4-creator-creator-the,X3-nationality-nationality-the,X5-Louis Siebert-Louis-null, X1-subj-X2,X3-of-X4,X1-obj-X3,X5-has_name-Louis Siebert,X1-obl_of-X5,","Drs [
 tokens=[],
 dEntities=[
DEntity(X1, be, is, VERB, null, false, Query1, Query), 
DEntity(X2, which, Which, PRON, null, false, Qualifier2, Qualifier), 
DEntity(X5, Louis Siebert, Louis, PROPN, null, false, Artefact3, Artefact), 
DEntity(X4, creator, creator, NOUN, the, false, Artist4, Artist), 
DEntity(X3, nationality, nationality, NOUN, the, false, ConceptArtist5, ConceptArtist)],
 dConditions=[
DCondition(X1, subj, X2, propriedades= [qQualifier] --- []), 
DCondition(X5, has_name, Louis Siebert, propriedades= [] --- [has_name, has_text, who]), 
DCondition(X4, of, X5, propriedades= [author_of] --- []), 
DCondition(X3, of, X4, propriedades= [conc_of_Artist] --- []), 
DCondition(X1, obj, X3, propriedades= [select] --- []), 
DCondition(X1, has_text, be, propriedades= [] --- [has_name, has_text, who]), 
DCondition(X2, has_text, which, propriedades= [] --- [has_name, has_text, who]), 
DCondition(X5, has_text, Louis Siebert, propriedades= [] --- [has_name, has_text, who]), 
DCondition(X4, has_text, creator, propriedades= [] --- [has_name, has_text, who]), 
DCondition(X3, has_text, nationality, propriedades= [] --- [has_name, has_text, who]), 
DCondition(X2, has_name, null list, propriedades= [] --- [has_name, has_text, who]), 
DCondition(X1, obj, X2, propriedades= [qQualifier] --- [])]
 solu��es = []
 numeroFrase = 0
 numHasNames = 2
 numIndividuals = 5
 numEntitiesOk = 10
 numIsClass = 0
 numPropsOk = 5
 numEntitiesNOk = 0
 numClassesOk = 4]"," PREFIX rdf: <http://www.w3.org/1999/02/22-rdf-syntax-ns#> PREFIX xsd: <http://www.w3.org/2001/XMLSchema#> PREFIX rdfs: <http://www.w3.org/2000/01/rdf-schema#> PREFIX cidoc: <http://www.cidoc-crm.org/cidoc-crm/> SELECT  DISTINCT  ?snameConceptArtist5 ?ConceptArtist5 ?snameArtefact3 ?Artefact3 WHERE { {{?Artefact3 cidoc:P131_is_identified_by ?nameArtefact3 . ?nameArtefact3 rdf:value ?snameArtefact3 .}  UNION {?Artefact3 rdfs:label ?snameArtefact3 .}}  filter(regex(?snameArtefact3,""Louis Siebert"",""i"")) . ?prod cidoc:P14_carried_out_by ?Artist4 . ?Artefact3 cidoc:P108i_was_produced_by ?prod . ?Artist4 rdfs:label ?snameArtist4 . ?Artist4 cidoc:P107i_is_current_or_former_member_of ?ConceptArtist5. ?ConceptArtist5 rdfs:label ?snameConceptArtist5. }",true
243,Which is the nationality of the creator of Louisa Powers' Hand?,,Incorrect Stanza Parsing,null,null
244,Which is the nationality of the creator of Love (study for)?," X1-be-is-null,X2-which-Which-null,X5-Love-Love-null,X7-for-for-null,X6-study-study-null,X4-creator-creator-the,X3-nationality-nationality-the, X1-subj-X2,X5-has_name-Love,X4-of-X5,X6-rel-X7,X4-rel-X6,X3-of-X4,X1-obj-X3, X1-be-is-null,X2-which-Which-null,X3-nationality-nationality-the,X5-Love-Love-null,X7-for-for-null,X6-study-study-null,X4-creator-creator-the, X1-subj-X2,X1-obj-X3,X5-has_name-Love,X4-of-X5,X6-rel-X7,X4-rel-X6,X1-obl_of-X4, X1-be-is-null,X2-which-Which-null,X3-nationality-nationality-the,X6-for-for-null,X5-study-study-null,X4-creator-creator-the,X7-Love-Love-null, X1-subj-X2,X1-obj-X3,X5-rel-X6,X4-rel-X5,X1-obl_of-X4,X7-has_name-Love,X1-obl_of-X7, X1-be-is-null,X2-which-Which-null,X6-for-for-null,X5-study-study-null,X4-creator-creator-the,X7-Love-Love-null,X3-nationality-nationality-the, X1-subj-X2,X5-rel-X6,X4-rel-X5,X3-of-X4,X7-has_name-Love,X3-of-X7,X1-obj-X3, X1-be-is-null,X2-which-Which-null,X4-Love-Love-null,X3-nationality-nationality-the,X7-for-for-null,X6-study-study-null,X5-creator-creator-the, X1-subj-X2,X4-has_name-Love,X3-of-X4,X1-obj-X3,X6-rel-X7,X5-rel-X6,X1-obl_of-X5, X1-be-is-null,X2-which-Which-null,X6-for-for-null,X5-study-study-null,X4-creator-creator-the,X3-nationality-nationality-the,X7-Love-Love-null, X1-subj-X2,X5-rel-X6,X4-rel-X5,X3-of-X4,X1-obj-X3,X7-has_name-Love,X1-obl_of-X7,",Incorrect partial DRS,null,null
245,Which is the nationality of the creator of Love Poem?," X1-be-is-null,X2-which-Which-null,X5-Love Poem-Love Poem-null,X4-creator-creator-the,X3-nationality-nationality-the, X1-subj-X2,X5-has_name-Love Poem,X4-of-X5,X3-of-X4,X1-obj-X3, X1-be-is-null,X2-which-Which-null,X3-nationality-nationality-the,X5-Love Poem-Love Poem-null,X4-creator-creator-the, X1-subj-X2,X1-obj-X3,X5-has_name-Love Poem,X4-of-X5,X1-obl_of-X4, X1-be-is-null,X2-which-Which-null,X3-nationality-nationality-the,X4-creator-creator-the,X5-Love Poem-Love Poem-null, X1-subj-X2,X1-obj-X3,X1-obl_of-X4,X5-has_name-Love Poem,X1-obl_of-X5, X1-be-is-null,X2-which-Which-null,X4-creator-creator-the,X5-Love Poem-Love Poem-null,X3-nationality-nationality-the, X1-subj-X2,X3-of-X4,X5-has_name-Love Poem,X3-of-X5,X1-obj-X3, X1-be-is-null,X2-which-Which-null,X4-Love Poem-Love Poem-null,X3-nationality-nationality-the,X5-creator-creator-the, X1-subj-X2,X4-has_name-Love Poem,X3-of-X4,X1-obj-X3,X1-obl_of-X5, X1-be-is-null,X2-which-Which-null,X4-creator-creator-the,X3-nationality-nationality-the,X5-Love Poem-Love Poem-null, X1-subj-X2,X3-of-X4,X1-obj-X3,X5-has_name-Love Poem,X1-obl_of-X5,","Drs [
 tokens=[],
 dEntities=[
DEntity(X1, be, is, VERB, null, false, Query1, Query), 
DEntity(X2, which, Which, PRON, null, false, Qualifier2, Qualifier), 
DEntity(X5, Love Poem, Love Poem, PROPN, null, false, Artefact3, Artefact), 
DEntity(X4, creator, creator, NOUN, the, false, Artist4, Artist), 
DEntity(X3, nationality, nationality, NOUN, the, false, ConceptArtist5, ConceptArtist)],
 dConditions=[
DCondition(X1, subj, X2, propriedades= [qQualifier] --- []), 
DCondition(X5, has_name, Love Poem, propriedades= [] --- [has_name, has_text, who]), 
DCondition(X4, of, X5, propriedades= [author_of] --- []), 
DCondition(X3, of, X4, propriedades= [conc_of_Artist] --- []), 
DCondition(X1, obj, X3, propriedades= [select] --- []), 
DCondition(X1, has_text, be, propriedades= [] --- [has_name, has_text, who]), 
DCondition(X2, has_text, which, propriedades= [] --- [has_name, has_text, who]), 
DCondition(X5, has_text, Love Poem, propriedades= [] --- [has_name, has_text, who]), 
DCondition(X4, has_text, creator, propriedades= [] --- [has_name, has_text, who]), 
DCondition(X3, has_text, nationality, propriedades= [] --- [has_name, has_text, who]), 
DCondition(X2, has_name, null list, propriedades= [] --- [has_name, has_text, who]), 
DCondition(X1, obj, X2, propriedades= [qQualifier] --- [])]
 solu��es = []
 numeroFrase = 0
 numHasNames = 2
 numIndividuals = 5
 numEntitiesOk = 10
 numIsClass = 0
 numPropsOk = 5
 numEntitiesNOk = 0
 numClassesOk = 4]"," PREFIX rdf: <http://www.w3.org/1999/02/22-rdf-syntax-ns#> PREFIX xsd: <http://www.w3.org/2001/XMLSchema#> PREFIX rdfs: <http://www.w3.org/2000/01/rdf-schema#> PREFIX cidoc: <http://www.cidoc-crm.org/cidoc-crm/> SELECT  DISTINCT  ?snameConceptArtist5 ?ConceptArtist5 ?snameArtefact3 ?Artefact3 WHERE { {{?Artefact3 cidoc:P131_is_identified_by ?nameArtefact3 . ?nameArtefact3 rdf:value ?snameArtefact3 .}  UNION {?Artefact3 rdfs:label ?snameArtefact3 .}}  filter(regex(?snameArtefact3,""Love Poem"",""i"")) . ?prod cidoc:P14_carried_out_by ?Artist4 . ?Artefact3 cidoc:P108i_was_produced_by ?prod . ?Artist4 rdfs:label ?snameArtist4 . ?Artist4 cidoc:P107i_is_current_or_former_member_of ?ConceptArtist5. ?ConceptArtist5 rdfs:label ?snameConceptArtist5. }",true
246,Which is the nationality of the creator of Low Bowl?," X1-be-is-null,X2-which-Which-null,X5-Bowl-Bowl-null,X4-creator-creator-the,X3-nationality-nationality-the, X1-subj-X2,X5-low-true,X5-has_name-Bowl,X4-of-X5,X3-of-X4,X1-obj-X3, X1-be-is-null,X2-which-Which-null,X5-Bowl-Bowl-null,X4-creator-creator-the,X3-nationality-nationality-the, X1-subj-X2,X5-has_name-Low,X5-has_name-Bowl,X4-of-X5,X3-of-X4,X1-obj-X3, X1-be-is-null,X2-which-Which-null,X5-Low Bowl-Low Bowl-null,X4-creator-creator-the,X3-nationality-nationality-the, X1-subj-X2,X5-has_name-Low Bowl,X4-of-X5,X3-of-X4,X1-obj-X3, X1-be-is-null,X2-which-Which-null,X3-nationality-nationality-the,X5-Bowl-Bowl-null,X4-creator-creator-the, X1-subj-X2,X1-obj-X3,X5-low-true,X5-has_name-Bowl,X4-of-X5,X1-obl_of-X4, X1-be-is-null,X2-which-Which-null,X3-nationality-nationality-the,X5-Bowl-Bowl-null,X4-creator-creator-the, X1-subj-X2,X1-obj-X3,X5-has_name-Low,X5-has_name-Bowl,X4-of-X5,X1-obl_of-X4, X1-be-is-null,X2-which-Which-null,X3-nationality-nationality-the,X5-Low Bowl-Low Bowl-null,X4-creator-creator-the, X1-subj-X2,X1-obj-X3,X5-has_name-Low Bowl,X4-of-X5,X1-obl_of-X4, X1-be-is-null,X2-which-Which-null,X3-nationality-nationality-the,X4-creator-creator-the,X5-Bowl-Bowl-null, X1-subj-X2,X1-obj-X3,X1-obl_of-X4,X5-low-true,X5-has_name-Bowl,X1-obl_of-X5, X1-be-is-null,X2-which-Which-null,X3-nationality-nationality-the,X4-creator-creator-the,X5-Bowl-Bowl-null, X1-subj-X2,X1-obj-X3,X1-obl_of-X4,X5-has_name-Low,X5-has_name-Bowl,X1-obl_of-X5, X1-be-is-null,X2-which-Which-null,X3-nationality-nationality-the,X4-creator-creator-the,X5-Low Bowl-Low Bowl-null, X1-subj-X2,X1-obj-X3,X1-obl_of-X4,X5-has_name-Low Bowl,X1-obl_of-X5, X1-be-is-null,X2-which-Which-null,X4-creator-creator-the,X5-Bowl-Bowl-null,X3-nationality-nationality-the, X1-subj-X2,X3-of-X4,X5-low-true,X5-has_name-Bowl,X3-of-X5,X1-obj-X3, X1-be-is-null,X2-which-Which-null,X4-creator-creator-the,X5-Bowl-Bowl-null,X3-nationality-nationality-the, X1-subj-X2,X3-of-X4,X5-has_name-Low,X5-has_name-Bowl,X3-of-X5,X1-obj-X3, X1-be-is-null,X2-which-Which-null,X4-creator-creator-the,X5-Low Bowl-Low Bowl-null,X3-nationality-nationality-the, X1-subj-X2,X3-of-X4,X5-has_name-Low Bowl,X3-of-X5,X1-obj-X3, X1-be-is-null,X2-which-Which-null,X4-Bowl-Bowl-null,X3-nationality-nationality-the,X5-creator-creator-the, X1-subj-X2,X4-low-true,X4-has_name-Bowl,X3-of-X4,X1-obj-X3,X1-obl_of-X5, X1-be-is-null,X2-which-Which-null,X4-Bowl-Bowl-null,X3-nationality-nationality-the,X5-creator-creator-the, X1-subj-X2,X4-has_name-Low,X4-has_name-Bowl,X3-of-X4,X1-obj-X3,X1-obl_of-X5, X1-be-is-null,X2-which-Which-null,X4-Low Bowl-Low Bowl-null,X3-nationality-nationality-the,X5-creator-creator-the, X1-subj-X2,X4-has_name-Low Bowl,X3-of-X4,X1-obj-X3,X1-obl_of-X5, X1-be-is-null,X2-which-Which-null,X4-creator-creator-the,X3-nationality-nationality-the,X5-Bowl-Bowl-null, X1-subj-X2,X3-of-X4,X1-obj-X3,X5-low-true,X5-has_name-Bowl,X1-obl_of-X5, X1-be-is-null,X2-which-Which-null,X4-creator-creator-the,X3-nationality-nationality-the,X5-Bowl-Bowl-null, X1-subj-X2,X3-of-X4,X1-obj-X3,X5-has_name-Low,X5-has_name-Bowl,X1-obl_of-X5, X1-be-is-null,X2-which-Which-null,X4-creator-creator-the,X3-nationality-nationality-the,X5-Low Bowl-Low Bowl-null, X1-subj-X2,X3-of-X4,X1-obj-X3,X5-has_name-Low Bowl,X1-obl_of-X5,","Drs [
 tokens=[],
 dEntities=[
DEntity(X1, be, is, VERB, null, false, Query1, Query), 
DEntity(X2, which, Which, PRON, null, false, Qualifier2, Qualifier), 
DEntity(X5, Bowl, Bowl, PROPN, null, false, Artefact3, Artefact), 
DEntity(X4, creator, creator, NOUN, the, false, Artist4, Artist), 
DEntity(X3, nationality, nationality, NOUN, the, false, ConceptArtist5, ConceptArtist)],
 dConditions=[
DCondition(X1, subj, X2, propriedades= [qQualifier] --- []), 
DCondition(X5, low, true, propriedades= [] --- [has_name, has_text, who]), 
DCondition(X5, has_name, Bowl, propriedades= [] --- [has_name, has_text, who]), 
DCondition(X4, of, X5, propriedades= [author_of] --- []), 
DCondition(X3, of, X4, propriedades= [conc_of_Artist] --- []), 
DCondition(X1, obj, X3, propriedades= [select] --- []), 
DCondition(X1, has_text, be, propriedades= [] --- [has_name, has_text, who]), 
DCondition(X2, has_text, which, propriedades= [] --- [has_name, has_text, who]), 
DCondition(X5, has_text, Bowl, propriedades= [] --- [has_name, has_text, who]), 
DCondition(X4, has_text, creator, propriedades= [] --- [has_name, has_text, who]), 
DCondition(X3, has_text, nationality, propriedades= [] --- [has_name, has_text, who]), 
DCondition(X2, has_name, null list, propriedades= [] --- [has_name, has_text, who]), 
DCondition(X1, obj, X2, propriedades= [qQualifier] --- [])]
 solu��es = []
 numeroFrase = 0
 numHasNames = 2
 numIndividuals = 5
 numEntitiesOk = 10
 numIsClass = 0
 numPropsOk = 5
 numEntitiesNOk = 0
 numClassesOk = 4]"," PREFIX rdf: <http://www.w3.org/1999/02/22-rdf-syntax-ns#> PREFIX xsd: <http://www.w3.org/2001/XMLSchema#> PREFIX rdfs: <http://www.w3.org/2000/01/rdf-schema#> PREFIX cidoc: <http://www.cidoc-crm.org/cidoc-crm/> SELECT  DISTINCT  ?snameConceptArtist5 ?ConceptArtist5 ?snameArtefact3 ?Artefact3 WHERE { {{?Artefact3 cidoc:P131_is_identified_by ?nameArtefact3 . ?nameArtefact3 rdf:value ?snameArtefact3 .}  UNION {?Artefact3 rdfs:label ?snameArtefact3 .}}  filter(regex(?snameArtefact3,""Bowl"",""i"")) . ?prod cidoc:P14_carried_out_by ?Artist4 . ?Artefact3 cidoc:P108i_was_produced_by ?prod . ?Artist4 rdfs:label ?snameArtist4 . ?Artist4 cidoc:P107i_is_current_or_former_member_of ?ConceptArtist5. ?ConceptArtist5 rdfs:label ?snameConceptArtist5. }",true
247,Which is the nationality of the creator of Lumbering by Indians?," X1-be-is-null,X2-which-Which-null,X6-Indian-Indians-null,X5-Lumbering-Lumbering-null,X4-creator-creator-the,X3-nationality-nationality-the, X1-subj-X2,X6-has_name-Indian,X5-by-X6,X5-has_name-Lumbering,X4-of-X5,X3-of-X4,X1-obj-X3, X1-be-is-null,X2-which-Which-null,X3-nationality-nationality-the,X6-Indian-Indians-null,X5-Lumbering-Lumbering-null,X4-creator-creator-the, X1-subj-X2,X1-obj-X3,X6-has_name-Indian,X5-by-X6,X5-has_name-Lumbering,X4-of-X5,X1-obl_of-X4, X1-be-is-null,X2-which-Which-null,X3-nationality-nationality-the,X4-creator-creator-the,X6-Indian-Indians-null,X5-Lumbering-Lumbering-null, X1-subj-X2,X1-obj-X3,X1-obl_of-X4,X6-has_name-Indian,X5-by-X6,X5-has_name-Lumbering,X1-obl_of-X5, X1-be-is-null,X2-which-Which-null,X3-nationality-nationality-the,X4-creator-creator-the,X5-Lumbering-Lumbering-null,X6-Indian-Indians-null, X1-subj-X2,X1-obj-X3,X1-obl_of-X4,X5-has_name-Lumbering,X1-obl_of-X5,X6-has_name-Indian,X1-obl_by-X6, X1-be-is-null,X2-which-Which-null,X3-nationality-nationality-the,X5-Lumbering-Lumbering-null,X6-Indian-Indians-null,X4-creator-creator-the, X1-subj-X2,X1-obj-X3,X5-has_name-Lumbering,X4-of-X5,X6-has_name-Indian,X4-by-X6,X1-obl_of-X4, X1-be-is-null,X2-which-Which-null,X4-creator-creator-the,X6-Indian-Indians-null,X5-Lumbering-Lumbering-null,X3-nationality-nationality-the, X1-subj-X2,X3-of-X4,X6-has_name-Indian,X5-by-X6,X5-has_name-Lumbering,X3-of-X5,X1-obj-X3, X1-be-is-null,X2-which-Which-null,X5-Indian-Indians-null,X4-Lumbering-Lumbering-null,X3-nationality-nationality-the,X6-creator-creator-the, X1-subj-X2,X5-has_name-Indian,X4-by-X5,X4-has_name-Lumbering,X3-of-X4,X1-obj-X3,X1-obl_of-X6, X1-be-is-null,X2-which-Which-null,X4-creator-creator-the,X3-nationality-nationality-the,X6-Indian-Indians-null,X5-Lumbering-Lumbering-null, X1-subj-X2,X3-of-X4,X1-obj-X3,X6-has_name-Indian,X5-by-X6,X5-has_name-Lumbering,X1-obl_of-X5, X1-be-is-null,X2-which-Which-null,X4-creator-creator-the,X5-Lumbering-Lumbering-null,X6-Indian-Indians-null,X3-nationality-nationality-the, X1-subj-X2,X3-of-X4,X5-has_name-Lumbering,X3-of-X5,X6-has_name-Indian,X3-by-X6,X1-obj-X3, X1-be-is-null,X2-which-Which-null,X5-Lumbering-Lumbering-null,X6-Indian-Indians-null,X4-creator-creator-the,X3-nationality-nationality-the, X1-subj-X2,X5-has_name-Lumbering,X4-of-X5,X6-has_name-Indian,X4-by-X6,X3-of-X4,X1-obj-X3,",Incorrect partial DRS,null,null
248,Which is the nationality of the creator of Lumbermen's Camp?,,Incorrect Stanza Parsing,null,null
249,Which is the nationality of the creator of Lunar?," X1-be-is-null,X2-which-Which-null,X5-Lunar-Lunar-null,X4-creator-creator-the,X3-nationality-nationality-the, X1-subj-X2,X5-has_name-Lunar,X4-of-X5,X3-of-X4,X1-obj-X3, X1-be-is-null,X2-which-Which-null,X3-nationality-nationality-the,X5-Lunar-Lunar-null,X4-creator-creator-the, X1-subj-X2,X1-obj-X3,X5-has_name-Lunar,X4-of-X5,X1-obl_of-X4, X1-be-is-null,X2-which-Which-null,X3-nationality-nationality-the,X4-creator-creator-the,X5-Lunar-Lunar-null, X1-subj-X2,X1-obj-X3,X1-obl_of-X4,X5-has_name-Lunar,X1-obl_of-X5, X1-be-is-null,X2-which-Which-null,X4-creator-creator-the,X5-Lunar-Lunar-null,X3-nationality-nationality-the, X1-subj-X2,X3-of-X4,X5-has_name-Lunar,X3-of-X5,X1-obj-X3, X1-be-is-null,X2-which-Which-null,X4-Lunar-Lunar-null,X3-nationality-nationality-the,X5-creator-creator-the, X1-subj-X2,X4-has_name-Lunar,X3-of-X4,X1-obj-X3,X1-obl_of-X5, X1-be-is-null,X2-which-Which-null,X4-creator-creator-the,X3-nationality-nationality-the,X5-Lunar-Lunar-null, X1-subj-X2,X3-of-X4,X1-obj-X3,X5-has_name-Lunar,X1-obl_of-X5,","Drs [
 tokens=[],
 dEntities=[
DEntity(X1, be, is, VERB, null, false, Query1, Query), 
DEntity(X2, which, Which, PRON, null, false, Qualifier2, Qualifier), 
DEntity(X5, Lunar, Lunar, PROPN, null, false, Artefact3, Artefact), 
DEntity(X4, creator, creator, NOUN, the, false, Artist4, Artist), 
DEntity(X3, nationality, nationality, NOUN, the, false, ConceptArtist5, ConceptArtist)],
 dConditions=[
DCondition(X1, subj, X2, propriedades= [qQualifier] --- []), 
DCondition(X5, has_name, Lunar, propriedades= [] --- [has_name, has_text, who]), 
DCondition(X4, of, X5, propriedades= [author_of] --- []), 
DCondition(X3, of, X4, propriedades= [conc_of_Artist] --- []), 
DCondition(X1, obj, X3, propriedades= [select] --- []), 
DCondition(X1, has_text, be, propriedades= [] --- [has_name, has_text, who]), 
DCondition(X2, has_text, which, propriedades= [] --- [has_name, has_text, who]), 
DCondition(X5, has_text, Lunar, propriedades= [] --- [has_name, has_text, who]), 
DCondition(X4, has_text, creator, propriedades= [] --- [has_name, has_text, who]), 
DCondition(X3, has_text, nationality, propriedades= [] --- [has_name, has_text, who]), 
DCondition(X2, has_name, null list, propriedades= [] --- [has_name, has_text, who]), 
DCondition(X1, obj, X2, propriedades= [qQualifier] --- [])]
 solu��es = []
 numeroFrase = 0
 numHasNames = 2
 numIndividuals = 5
 numEntitiesOk = 10
 numIsClass = 0
 numPropsOk = 5
 numEntitiesNOk = 0
 numClassesOk = 4]"," PREFIX rdf: <http://www.w3.org/1999/02/22-rdf-syntax-ns#> PREFIX xsd: <http://www.w3.org/2001/XMLSchema#> PREFIX rdfs: <http://www.w3.org/2000/01/rdf-schema#> PREFIX cidoc: <http://www.cidoc-crm.org/cidoc-crm/> SELECT  DISTINCT  ?snameConceptArtist5 ?ConceptArtist5 ?snameArtefact3 ?Artefact3 WHERE { {{?Artefact3 cidoc:P131_is_identified_by ?nameArtefact3 . ?nameArtefact3 rdf:value ?snameArtefact3 .}  UNION {?Artefact3 rdfs:label ?snameArtefact3 .}}  filter(regex(?snameArtefact3,""Lunar"",""i"")) . ?prod cidoc:P14_carried_out_by ?Artist4 . ?Artefact3 cidoc:P108i_was_produced_by ?prod . ?Artist4 rdfs:label ?snameArtist4 . ?Artist4 cidoc:P107i_is_current_or_former_member_of ?ConceptArtist5. ?ConceptArtist5 rdfs:label ?snameConceptArtist5. }",true
250,Which is the nationality of the creator of Magnolia Grandiflora?," X1-be-is-null,X2-which-Which-null,X5-Magnolia Grandiflora-Magnolia Grandiflora-null,X4-creator-creator-the,X3-nationality-nationality-the, X1-subj-X2,X5-has_name-Magnolia Grandiflora,X4-of-X5,X3-of-X4,X1-obj-X3, X1-be-is-null,X2-which-Which-null,X3-nationality-nationality-the,X5-Magnolia Grandiflora-Magnolia Grandiflora-null,X4-creator-creator-the, X1-subj-X2,X1-obj-X3,X5-has_name-Magnolia Grandiflora,X4-of-X5,X1-obl_of-X4, X1-be-is-null,X2-which-Which-null,X3-nationality-nationality-the,X4-creator-creator-the,X5-Magnolia Grandiflora-Magnolia Grandiflora-null, X1-subj-X2,X1-obj-X3,X1-obl_of-X4,X5-has_name-Magnolia Grandiflora,X1-obl_of-X5, X1-be-is-null,X2-which-Which-null,X4-creator-creator-the,X5-Magnolia Grandiflora-Magnolia Grandiflora-null,X3-nationality-nationality-the, X1-subj-X2,X3-of-X4,X5-has_name-Magnolia Grandiflora,X3-of-X5,X1-obj-X3, X1-be-is-null,X2-which-Which-null,X4-Magnolia Grandiflora-Magnolia Grandiflora-null,X3-nationality-nationality-the,X5-creator-creator-the, X1-subj-X2,X4-has_name-Magnolia Grandiflora,X3-of-X4,X1-obj-X3,X1-obl_of-X5, X1-be-is-null,X2-which-Which-null,X4-creator-creator-the,X3-nationality-nationality-the,X5-Magnolia Grandiflora-Magnolia Grandiflora-null, X1-subj-X2,X3-of-X4,X1-obj-X3,X5-has_name-Magnolia Grandiflora,X1-obl_of-X5,","Drs [
 tokens=[],
 dEntities=[
DEntity(X1, be, is, VERB, null, false, Query1, Query), 
DEntity(X2, which, Which, PRON, null, false, Qualifier2, Qualifier), 
DEntity(X5, Magnolia Grandiflora, Magnolia Grandiflora, PROPN, null, false, Artefact3, Artefact), 
DEntity(X4, creator, creator, NOUN, the, false, Artist4, Artist), 
DEntity(X3, nationality, nationality, NOUN, the, false, ConceptArtist5, ConceptArtist)],
 dConditions=[
DCondition(X1, subj, X2, propriedades= [qQualifier] --- []), 
DCondition(X5, has_name, Magnolia Grandiflora, propriedades= [] --- [has_name, has_text, who]), 
DCondition(X4, of, X5, propriedades= [author_of] --- []), 
DCondition(X3, of, X4, propriedades= [conc_of_Artist] --- []), 
DCondition(X1, obj, X3, propriedades= [select] --- []), 
DCondition(X1, has_text, be, propriedades= [] --- [has_name, has_text, who]), 
DCondition(X2, has_text, which, propriedades= [] --- [has_name, has_text, who]), 
DCondition(X5, has_text, Magnolia Grandiflora, propriedades= [] --- [has_name, has_text, who]), 
DCondition(X4, has_text, creator, propriedades= [] --- [has_name, has_text, who]), 
DCondition(X3, has_text, nationality, propriedades= [] --- [has_name, has_text, who]), 
DCondition(X2, has_name, null list, propriedades= [] --- [has_name, has_text, who]), 
DCondition(X1, obj, X2, propriedades= [qQualifier] --- [])]
 solu��es = []
 numeroFrase = 0
 numHasNames = 2
 numIndividuals = 5
 numEntitiesOk = 10
 numIsClass = 0
 numPropsOk = 5
 numEntitiesNOk = 0
 numClassesOk = 4]"," PREFIX rdf: <http://www.w3.org/1999/02/22-rdf-syntax-ns#> PREFIX xsd: <http://www.w3.org/2001/XMLSchema#> PREFIX rdfs: <http://www.w3.org/2000/01/rdf-schema#> PREFIX cidoc: <http://www.cidoc-crm.org/cidoc-crm/> SELECT  DISTINCT  ?snameConceptArtist5 ?ConceptArtist5 ?snameArtefact3 ?Artefact3 WHERE { {{?Artefact3 cidoc:P131_is_identified_by ?nameArtefact3 . ?nameArtefact3 rdf:value ?snameArtefact3 .}  UNION {?Artefact3 rdfs:label ?snameArtefact3 .}}  filter(regex(?snameArtefact3,""Magnolia Grandiflora"",""i"")) . ?prod cidoc:P14_carried_out_by ?Artist4 . ?Artefact3 cidoc:P108i_was_produced_by ?prod . ?Artist4 rdfs:label ?snameArtist4 . ?Artist4 cidoc:P107i_is_current_or_former_member_of ?ConceptArtist5. ?ConceptArtist5 rdfs:label ?snameConceptArtist5. }",true
251,Which is the nationality of the creator of Malibu Landscape?," X1-be-is-null,X2-which-Which-null,X5-Malibu Landscape-Malibu Landscape-null,X4-creator-creator-the,X3-nationality-nationality-the, X1-subj-X2,X5-has_name-Malibu Landscape,X4-of-X5,X3-of-X4,X1-obj-X3, X1-be-is-null,X2-which-Which-null,X3-nationality-nationality-the,X5-Malibu Landscape-Malibu Landscape-null,X4-creator-creator-the, X1-subj-X2,X1-obj-X3,X5-has_name-Malibu Landscape,X4-of-X5,X1-obl_of-X4, X1-be-is-null,X2-which-Which-null,X3-nationality-nationality-the,X4-creator-creator-the,X5-Malibu Landscape-Malibu Landscape-null, X1-subj-X2,X1-obj-X3,X1-obl_of-X4,X5-has_name-Malibu Landscape,X1-obl_of-X5, X1-be-is-null,X2-which-Which-null,X4-creator-creator-the,X5-Malibu Landscape-Malibu Landscape-null,X3-nationality-nationality-the, X1-subj-X2,X3-of-X4,X5-has_name-Malibu Landscape,X3-of-X5,X1-obj-X3, X1-be-is-null,X2-which-Which-null,X4-Malibu Landscape-Malibu Landscape-null,X3-nationality-nationality-the,X5-creator-creator-the, X1-subj-X2,X4-has_name-Malibu Landscape,X3-of-X4,X1-obj-X3,X1-obl_of-X5, X1-be-is-null,X2-which-Which-null,X4-creator-creator-the,X3-nationality-nationality-the,X5-Malibu Landscape-Malibu Landscape-null, X1-subj-X2,X3-of-X4,X1-obj-X3,X5-has_name-Malibu Landscape,X1-obl_of-X5,","Drs [
 tokens=[],
 dEntities=[
DEntity(X1, be, is, VERB, null, false, Query1, Query), 
DEntity(X2, which, Which, PRON, null, false, Qualifier2, Qualifier), 
DEntity(X5, Malibu Landscape, Malibu Landscape, PROPN, null, false, Artefact3, Artefact), 
DEntity(X4, creator, creator, NOUN, the, false, Artist4, Artist), 
DEntity(X3, nationality, nationality, NOUN, the, false, ConceptArtist5, ConceptArtist)],
 dConditions=[
DCondition(X1, subj, X2, propriedades= [qQualifier] --- []), 
DCondition(X5, has_name, Malibu Landscape, propriedades= [] --- [has_name, has_text, who]), 
DCondition(X4, of, X5, propriedades= [author_of] --- []), 
DCondition(X3, of, X4, propriedades= [conc_of_Artist] --- []), 
DCondition(X1, obj, X3, propriedades= [select] --- []), 
DCondition(X1, has_text, be, propriedades= [] --- [has_name, has_text, who]), 
DCondition(X2, has_text, which, propriedades= [] --- [has_name, has_text, who]), 
DCondition(X5, has_text, Malibu Landscape, propriedades= [] --- [has_name, has_text, who]), 
DCondition(X4, has_text, creator, propriedades= [] --- [has_name, has_text, who]), 
DCondition(X3, has_text, nationality, propriedades= [] --- [has_name, has_text, who]), 
DCondition(X2, has_name, null list, propriedades= [] --- [has_name, has_text, who]), 
DCondition(X1, obj, X2, propriedades= [qQualifier] --- [])]
 solu��es = []
 numeroFrase = 0
 numHasNames = 2
 numIndividuals = 5
 numEntitiesOk = 10
 numIsClass = 0
 numPropsOk = 5
 numEntitiesNOk = 0
 numClassesOk = 4]"," PREFIX rdf: <http://www.w3.org/1999/02/22-rdf-syntax-ns#> PREFIX xsd: <http://www.w3.org/2001/XMLSchema#> PREFIX rdfs: <http://www.w3.org/2000/01/rdf-schema#> PREFIX cidoc: <http://www.cidoc-crm.org/cidoc-crm/> SELECT  DISTINCT  ?snameConceptArtist5 ?ConceptArtist5 ?snameArtefact3 ?Artefact3 WHERE { {{?Artefact3 cidoc:P131_is_identified_by ?nameArtefact3 . ?nameArtefact3 rdf:value ?snameArtefact3 .}  UNION {?Artefact3 rdfs:label ?snameArtefact3 .}}  filter(regex(?snameArtefact3,""Malibu Landscape"",""i"")) . ?prod cidoc:P14_carried_out_by ?Artist4 . ?Artefact3 cidoc:P108i_was_produced_by ?prod . ?Artist4 rdfs:label ?snameArtist4 . ?Artist4 cidoc:P107i_is_current_or_former_member_of ?ConceptArtist5. ?ConceptArtist5 rdfs:label ?snameConceptArtist5. }",true
252,Which is the nationality of the creator of Man in Glasses?," X1-be-is-null,X2-which-Which-null,X5-Man-Man-null,X6-Glasses-Glasses-null,X4-creator-creator-the,X3-nationality-nationality-the, X1-subj-X2,X5-has_name-Man,X4-of-X5,X6-has_name-Glasses,X4-in-X6,X3-of-X4,X1-obj-X3, X1-be-is-null,X2-which-Which-null,X3-nationality-nationality-the,X5-Man-Man-null,X6-Glasses-Glasses-null,X4-creator-creator-the, X1-subj-X2,X1-obj-X3,X5-has_name-Man,X4-of-X5,X6-has_name-Glasses,X4-in-X6,X1-obl_of-X4, X1-be-is-null,X2-which-Which-null,X3-nationality-nationality-the,X5-Glasses-Glasses-null,X4-creator-creator-the,X6-Man-Man-null, X1-subj-X2,X1-obj-X3,X5-has_name-Glasses,X4-in-X5,X1-obl_of-X4,X6-has_name-Man,X1-obl_of-X6, X1-be-is-null,X2-which-Which-null,X3-nationality-nationality-the,X4-creator-creator-the,X5-Man-Man-null,X6-Glasses-Glasses-null, X1-subj-X2,X1-obj-X3,X1-obl_of-X4,X5-has_name-Man,X1-obl_of-X5,X6-has_name-Glasses,X1-obl_in-X6, X1-be-is-null,X2-which-Which-null,X3-nationality-nationality-the,X5-Man-Man-null,X4-creator-creator-the,X6-Glasses-Glasses-null, X1-subj-X2,X1-obj-X3,X5-has_name-Man,X4-of-X5,X1-obl_of-X4,X6-has_name-Glasses,X1-obl_in-X6, X1-be-is-null,X2-which-Which-null,X5-Glasses-Glasses-null,X4-creator-creator-the,X6-Man-Man-null,X3-nationality-nationality-the, X1-subj-X2,X5-has_name-Glasses,X4-in-X5,X3-of-X4,X6-has_name-Man,X3-of-X6,X1-obj-X3, X1-be-is-null,X2-which-Which-null,X4-Man-Man-null,X3-nationality-nationality-the,X6-Glasses-Glasses-null,X5-creator-creator-the, X1-subj-X2,X4-has_name-Man,X3-of-X4,X1-obj-X3,X6-has_name-Glasses,X5-in-X6,X1-obl_of-X5, X1-be-is-null,X2-which-Which-null,X5-Glasses-Glasses-null,X4-creator-creator-the,X3-nationality-nationality-the,X6-Man-Man-null, X1-subj-X2,X5-has_name-Glasses,X4-in-X5,X3-of-X4,X1-obj-X3,X6-has_name-Man,X1-obl_of-X6, X1-be-is-null,X2-which-Which-null,X4-creator-creator-the,X5-Man-Man-null,X6-Glasses-Glasses-null,X3-nationality-nationality-the, X1-subj-X2,X3-of-X4,X5-has_name-Man,X3-of-X5,X6-has_name-Glasses,X3-in-X6,X1-obj-X3, X1-be-is-null,X2-which-Which-null,X5-Man-Man-null,X4-creator-creator-the,X6-Glasses-Glasses-null,X3-nationality-nationality-the, X1-subj-X2,X5-has_name-Man,X4-of-X5,X3-of-X4,X6-has_name-Glasses,X3-in-X6,X1-obj-X3,",Incorrect partial DRS,null,null
253,Which is the nationality of the creator of Man in a Blue Suit?," X1-be-is-null,X2-which-Which-null,X5-Man-Man-null,X6-Suit-Suit-a,X4-creator-creator-the,X3-nationality-nationality-the, X1-subj-X2,X5-has_name-Man,X4-of-X5,X6-Blue-true,X6-has_name-Suit,X4-in-X6,X3-of-X4,X1-obj-X3, X1-be-is-null,X2-which-Which-null,X5-Man-Man-null,X6-Suit-Suit-a,X4-creator-creator-the,X3-nationality-nationality-the, X1-subj-X2,X5-has_name-Man,X4-of-X5,X6-has_name-Blue,X6-has_name-Suit,X4-in-X6,X3-of-X4,X1-obj-X3, X1-be-is-null,X2-which-Which-null,X3-nationality-nationality-the,X5-Man-Man-null,X6-Suit-Suit-a,X4-creator-creator-the, X1-subj-X2,X1-obj-X3,X5-has_name-Man,X4-of-X5,X6-Blue-true,X6-has_name-Suit,X4-in-X6,X1-obl_of-X4, X1-be-is-null,X2-which-Which-null,X3-nationality-nationality-the,X5-Man-Man-null,X6-Suit-Suit-a,X4-creator-creator-the, X1-subj-X2,X1-obj-X3,X5-has_name-Man,X4-of-X5,X6-has_name-Blue,X6-has_name-Suit,X4-in-X6,X1-obl_of-X4, X1-be-is-null,X2-which-Which-null,X3-nationality-nationality-the,X5-Suit-Suit-a,X4-creator-creator-the,X6-Man-Man-null, X1-subj-X2,X1-obj-X3,X5-Blue-true,X5-has_name-Suit,X4-in-X5,X1-obl_of-X4,X6-has_name-Man,X1-obl_of-X6, X1-be-is-null,X2-which-Which-null,X3-nationality-nationality-the,X5-Suit-Suit-a,X4-creator-creator-the,X6-Man-Man-null, X1-subj-X2,X1-obj-X3,X5-has_name-Blue,X5-has_name-Suit,X4-in-X5,X1-obl_of-X4,X6-has_name-Man,X1-obl_of-X6, X1-be-is-null,X2-which-Which-null,X3-nationality-nationality-the,X4-creator-creator-the,X5-Man-Man-null,X6-Suit-Suit-a, X1-subj-X2,X1-obj-X3,X1-obl_of-X4,X5-has_name-Man,X1-obl_of-X5,X6-Blue-true,X6-has_name-Suit,X1-obl_in-X6, X1-be-is-null,X2-which-Which-null,X3-nationality-nationality-the,X4-creator-creator-the,X5-Man-Man-null,X6-Suit-Suit-a, X1-subj-X2,X1-obj-X3,X1-obl_of-X4,X5-has_name-Man,X1-obl_of-X5,X6-has_name-Blue,X6-has_name-Suit,X1-obl_in-X6, X1-be-is-null,X2-which-Which-null,X3-nationality-nationality-the,X5-Man-Man-null,X4-creator-creator-the,X6-Suit-Suit-a, X1-subj-X2,X1-obj-X3,X5-has_name-Man,X4-of-X5,X1-obl_of-X4,X6-Blue-true,X6-has_name-Suit,X1-obl_in-X6, X1-be-is-null,X2-which-Which-null,X3-nationality-nationality-the,X5-Man-Man-null,X4-creator-creator-the,X6-Suit-Suit-a, X1-subj-X2,X1-obj-X3,X5-has_name-Man,X4-of-X5,X1-obl_of-X4,X6-has_name-Blue,X6-has_name-Suit,X1-obl_in-X6, X1-be-is-null,X2-which-Which-null,X5-Suit-Suit-a,X4-creator-creator-the,X6-Man-Man-null,X3-nationality-nationality-the, X1-subj-X2,X5-Blue-true,X5-has_name-Suit,X4-in-X5,X3-of-X4,X6-has_name-Man,X3-of-X6,X1-obj-X3, X1-be-is-null,X2-which-Which-null,X5-Suit-Suit-a,X4-creator-creator-the,X6-Man-Man-null,X3-nationality-nationality-the, X1-subj-X2,X5-has_name-Blue,X5-has_name-Suit,X4-in-X5,X3-of-X4,X6-has_name-Man,X3-of-X6,X1-obj-X3, X1-be-is-null,X2-which-Which-null,X4-Man-Man-null,X3-nationality-nationality-the,X6-Suit-Suit-a,X5-creator-creator-the, X1-subj-X2,X4-has_name-Man,X3-of-X4,X1-obj-X3,X6-Blue-true,X6-has_name-Suit,X5-in-X6,X1-obl_of-X5, X1-be-is-null,X2-which-Which-null,X4-Man-Man-null,X3-nationality-nationality-the,X6-Suit-Suit-a,X5-creator-creator-the, X1-subj-X2,X4-has_name-Man,X3-of-X4,X1-obj-X3,X6-has_name-Blue,X6-has_name-Suit,X5-in-X6,X1-obl_of-X5, X1-be-is-null,X2-which-Which-null,X5-Suit-Suit-a,X4-creator-creator-the,X3-nationality-nationality-the,X6-Man-Man-null, X1-subj-X2,X5-Blue-true,X5-has_name-Suit,X4-in-X5,X3-of-X4,X1-obj-X3,X6-has_name-Man,X1-obl_of-X6, X1-be-is-null,X2-which-Which-null,X5-Suit-Suit-a,X4-creator-creator-the,X3-nationality-nationality-the,X6-Man-Man-null, X1-subj-X2,X5-has_name-Blue,X5-has_name-Suit,X4-in-X5,X3-of-X4,X1-obj-X3,X6-has_name-Man,X1-obl_of-X6, X1-be-is-null,X2-which-Which-null,X4-creator-creator-the,X5-Man-Man-null,X6-Suit-Suit-a,X3-nationality-nationality-the, X1-subj-X2,X3-of-X4,X5-has_name-Man,X3-of-X5,X6-Blue-true,X6-has_name-Suit,X3-in-X6,X1-obj-X3, X1-be-is-null,X2-which-Which-null,X4-creator-creator-the,X5-Man-Man-null,X6-Suit-Suit-a,X3-nationality-nationality-the, X1-subj-X2,X3-of-X4,X5-has_name-Man,X3-of-X5,X6-has_name-Blue,X6-has_name-Suit,X3-in-X6,X1-obj-X3, X1-be-is-null,X2-which-Which-null,X5-Man-Man-null,X4-creator-creator-the,X6-Suit-Suit-a,X3-nationality-nationality-the, X1-subj-X2,X5-has_name-Man,X4-of-X5,X3-of-X4,X6-Blue-true,X6-has_name-Suit,X3-in-X6,X1-obj-X3, X1-be-is-null,X2-which-Which-null,X5-Man-Man-null,X4-creator-creator-the,X6-Suit-Suit-a,X3-nationality-nationality-the, X1-subj-X2,X5-has_name-Man,X4-of-X5,X3-of-X4,X6-has_name-Blue,X6-has_name-Suit,X3-in-X6,X1-obj-X3,",Incorrect partial DRS,null,null
254,Which is the nationality of the creator of Man on Bench in Town?," X1-be-is-null,X2-which-Which-null,X6-Bench-Bench-null,X5-Man-Man-null,X7-Town-Town-null,X4-creator-creator-the,X3-nationality-nationality-the, X1-subj-X2,X6-has_name-Bench,X5-on-X6,X5-has_name-Man,X4-of-X5,X7-has_name-Town,X4-in-X7,X3-of-X4,X1-obj-X3, X1-be-is-null,X2-which-Which-null,X3-nationality-nationality-the,X6-Bench-Bench-null,X5-Man-Man-null,X7-Town-Town-null,X4-creator-creator-the, X1-subj-X2,X1-obj-X3,X6-has_name-Bench,X5-on-X6,X5-has_name-Man,X4-of-X5,X7-has_name-Town,X4-in-X7,X1-obl_of-X4, X1-be-is-null,X2-which-Which-null,X3-nationality-nationality-the,X5-Town-Town-null,X4-creator-creator-the,X7-Bench-Bench-null,X6-Man-Man-null, X1-subj-X2,X1-obj-X3,X5-has_name-Town,X4-in-X5,X1-obl_of-X4,X7-has_name-Bench,X6-on-X7,X6-has_name-Man,X1-obl_of-X6, X1-be-is-null,X2-which-Which-null,X3-nationality-nationality-the,X5-Town-Town-null,X4-creator-creator-the,X6-Man-Man-null,X7-Bench-Bench-null, X1-subj-X2,X1-obj-X3,X5-has_name-Town,X4-in-X5,X1-obl_of-X4,X6-has_name-Man,X1-obl_of-X6,X7-has_name-Bench,X1-obl_on-X7, X1-be-is-null,X2-which-Which-null,X3-nationality-nationality-the,X4-creator-creator-the,X6-Bench-Bench-null,X5-Man-Man-null,X7-Town-Town-null, X1-subj-X2,X1-obj-X3,X1-obl_of-X4,X6-has_name-Bench,X5-on-X6,X5-has_name-Man,X1-obl_of-X5,X7-has_name-Town,X1-obl_in-X7, X1-be-is-null,X2-which-Which-null,X3-nationality-nationality-the,X5-Man-Man-null,X6-Bench-Bench-null,X7-Town-Town-null,X4-creator-creator-the, X1-subj-X2,X1-obj-X3,X5-has_name-Man,X4-of-X5,X6-has_name-Bench,X4-on-X6,X7-has_name-Town,X4-in-X7,X1-obl_of-X4, X1-be-is-null,X2-which-Which-null,X3-nationality-nationality-the,X6-Bench-Bench-null,X5-Man-Man-null,X4-creator-creator-the,X7-Town-Town-null, X1-subj-X2,X1-obj-X3,X6-has_name-Bench,X5-on-X6,X5-has_name-Man,X4-of-X5,X1-obl_of-X4,X7-has_name-Town,X1-obl_in-X7, X1-be-is-null,X2-which-Which-null,X5-Town-Town-null,X4-creator-creator-the,X7-Bench-Bench-null,X6-Man-Man-null,X3-nationality-nationality-the, X1-subj-X2,X5-has_name-Town,X4-in-X5,X3-of-X4,X7-has_name-Bench,X6-on-X7,X6-has_name-Man,X3-of-X6,X1-obj-X3, X1-be-is-null,X2-which-Which-null,X5-Bench-Bench-null,X4-Man-Man-null,X3-nationality-nationality-the,X7-Town-Town-null,X6-creator-creator-the, X1-subj-X2,X5-has_name-Bench,X4-on-X5,X4-has_name-Man,X3-of-X4,X1-obj-X3,X7-has_name-Town,X6-in-X7,X1-obl_of-X6, X1-be-is-null,X2-which-Which-null,X5-Town-Town-null,X4-creator-creator-the,X3-nationality-nationality-the,X7-Bench-Bench-null,X6-Man-Man-null, X1-subj-X2,X5-has_name-Town,X4-in-X5,X3-of-X4,X1-obj-X3,X7-has_name-Bench,X6-on-X7,X6-has_name-Man,X1-obl_of-X6, X1-be-is-null,X2-which-Which-null,X5-Town-Town-null,X4-creator-creator-the,X6-Man-Man-null,X7-Bench-Bench-null,X3-nationality-nationality-the, X1-subj-X2,X5-has_name-Town,X4-in-X5,X3-of-X4,X6-has_name-Man,X3-of-X6,X7-has_name-Bench,X3-on-X7,X1-obj-X3, X1-be-is-null,X2-which-Which-null,X4-creator-creator-the,X6-Bench-Bench-null,X5-Man-Man-null,X7-Town-Town-null,X3-nationality-nationality-the, X1-subj-X2,X3-of-X4,X6-has_name-Bench,X5-on-X6,X5-has_name-Man,X3-of-X5,X7-has_name-Town,X3-in-X7,X1-obj-X3, X1-be-is-null,X2-which-Which-null,X5-Man-Man-null,X6-Bench-Bench-null,X7-Town-Town-null,X4-creator-creator-the,X3-nationality-nationality-the, X1-subj-X2,X5-has_name-Man,X4-of-X5,X6-has_name-Bench,X4-on-X6,X7-has_name-Town,X4-in-X7,X3-of-X4,X1-obj-X3, X1-be-is-null,X2-which-Which-null,X6-Bench-Bench-null,X5-Man-Man-null,X4-creator-creator-the,X7-Town-Town-null,X3-nationality-nationality-the, X1-subj-X2,X6-has_name-Bench,X5-on-X6,X5-has_name-Man,X4-of-X5,X3-of-X4,X7-has_name-Town,X3-in-X7,X1-obj-X3,",Incorrect partial DRS,null,null
255,Which is the nationality of the creator of Man with Plow?," X1-be-is-null,X2-which-Which-null,X5-man-Man-null,X6-Plow-Plow-null,X4-creator-creator-the,X3-nationality-nationality-the, X1-subj-X2,X4-of-X5,X6-has_name-Plow,X4-with-X6,X3-of-X4,X1-obj-X3, X1-be-is-null,X2-which-Which-null,X3-nationality-nationality-the,X5-man-Man-null,X6-Plow-Plow-null,X4-creator-creator-the, X1-subj-X2,X1-obj-X3,X4-of-X5,X6-has_name-Plow,X4-with-X6,X1-obl_of-X4, X1-be-is-null,X2-which-Which-null,X3-nationality-nationality-the,X5-Plow-Plow-null,X4-creator-creator-the,X6-man-Man-null, X1-subj-X2,X1-obj-X3,X5-has_name-Plow,X4-with-X5,X1-obl_of-X4,X1-obl_of-X6, X1-be-is-null,X2-which-Which-null,X3-nationality-nationality-the,X4-creator-creator-the,X5-man-Man-null,X6-Plow-Plow-null, X1-subj-X2,X1-obj-X3,X1-obl_of-X4,X1-obl_of-X5,X6-has_name-Plow,X1-obl_with-X6, X1-be-is-null,X2-which-Which-null,X3-nationality-nationality-the,X5-man-Man-null,X4-creator-creator-the,X6-Plow-Plow-null, X1-subj-X2,X1-obj-X3,X4-of-X5,X1-obl_of-X4,X6-has_name-Plow,X1-obl_with-X6, X1-be-is-null,X2-which-Which-null,X5-Plow-Plow-null,X4-creator-creator-the,X6-man-Man-null,X3-nationality-nationality-the, X1-subj-X2,X5-has_name-Plow,X4-with-X5,X3-of-X4,X3-of-X6,X1-obj-X3, X1-be-is-null,X2-which-Which-null,X4-man-Man-null,X3-nationality-nationality-the,X6-Plow-Plow-null,X5-creator-creator-the, X1-subj-X2,X3-of-X4,X1-obj-X3,X6-has_name-Plow,X5-with-X6,X1-obl_of-X5, X1-be-is-null,X2-which-Which-null,X5-Plow-Plow-null,X4-creator-creator-the,X3-nationality-nationality-the,X6-man-Man-null, X1-subj-X2,X5-has_name-Plow,X4-with-X5,X3-of-X4,X1-obj-X3,X1-obl_of-X6, X1-be-is-null,X2-which-Which-null,X4-creator-creator-the,X5-man-Man-null,X6-Plow-Plow-null,X3-nationality-nationality-the, X1-subj-X2,X3-of-X4,X3-of-X5,X6-has_name-Plow,X3-with-X6,X1-obj-X3, X1-be-is-null,X2-which-Which-null,X5-man-Man-null,X4-creator-creator-the,X6-Plow-Plow-null,X3-nationality-nationality-the, X1-subj-X2,X4-of-X5,X3-of-X4,X6-has_name-Plow,X3-with-X6,X1-obj-X3,",Incorrect partial DRS,null,null
256,Which is the nationality of the creator of Man with Wheelbarrow?," X1-be-is-null,X2-which-Which-null,X5-man-Man-null,X6-Wheelbarrow-Wheelbarrow-null,X4-creator-creator-the,X3-nationality-nationality-the, X1-subj-X2,X4-of-X5,X6-has_name-Wheelbarrow,X4-with-X6,X3-of-X4,X1-obj-X3, X1-be-is-null,X2-which-Which-null,X3-nationality-nationality-the,X5-man-Man-null,X6-Wheelbarrow-Wheelbarrow-null,X4-creator-creator-the, X1-subj-X2,X1-obj-X3,X4-of-X5,X6-has_name-Wheelbarrow,X4-with-X6,X1-obl_of-X4, X1-be-is-null,X2-which-Which-null,X3-nationality-nationality-the,X5-Wheelbarrow-Wheelbarrow-null,X4-creator-creator-the,X6-man-Man-null, X1-subj-X2,X1-obj-X3,X5-has_name-Wheelbarrow,X4-with-X5,X1-obl_of-X4,X1-obl_of-X6, X1-be-is-null,X2-which-Which-null,X3-nationality-nationality-the,X4-creator-creator-the,X5-man-Man-null,X6-Wheelbarrow-Wheelbarrow-null, X1-subj-X2,X1-obj-X3,X1-obl_of-X4,X1-obl_of-X5,X6-has_name-Wheelbarrow,X1-obl_with-X6, X1-be-is-null,X2-which-Which-null,X3-nationality-nationality-the,X5-man-Man-null,X4-creator-creator-the,X6-Wheelbarrow-Wheelbarrow-null, X1-subj-X2,X1-obj-X3,X4-of-X5,X1-obl_of-X4,X6-has_name-Wheelbarrow,X1-obl_with-X6, X1-be-is-null,X2-which-Which-null,X5-Wheelbarrow-Wheelbarrow-null,X4-creator-creator-the,X6-man-Man-null,X3-nationality-nationality-the, X1-subj-X2,X5-has_name-Wheelbarrow,X4-with-X5,X3-of-X4,X3-of-X6,X1-obj-X3, X1-be-is-null,X2-which-Which-null,X4-man-Man-null,X3-nationality-nationality-the,X6-Wheelbarrow-Wheelbarrow-null,X5-creator-creator-the, X1-subj-X2,X3-of-X4,X1-obj-X3,X6-has_name-Wheelbarrow,X5-with-X6,X1-obl_of-X5, X1-be-is-null,X2-which-Which-null,X5-Wheelbarrow-Wheelbarrow-null,X4-creator-creator-the,X3-nationality-nationality-the,X6-man-Man-null, X1-subj-X2,X5-has_name-Wheelbarrow,X4-with-X5,X3-of-X4,X1-obj-X3,X1-obl_of-X6, X1-be-is-null,X2-which-Which-null,X4-creator-creator-the,X5-man-Man-null,X6-Wheelbarrow-Wheelbarrow-null,X3-nationality-nationality-the, X1-subj-X2,X3-of-X4,X3-of-X5,X6-has_name-Wheelbarrow,X3-with-X6,X1-obj-X3, X1-be-is-null,X2-which-Which-null,X5-man-Man-null,X4-creator-creator-the,X6-Wheelbarrow-Wheelbarrow-null,X3-nationality-nationality-the, X1-subj-X2,X4-of-X5,X3-of-X4,X6-has_name-Wheelbarrow,X3-with-X6,X1-obj-X3,",Incorrect partial DRS,null,null
257,Which is the nationality of the creator of Maquette for Nalia?," X1-be-is-null,X2-which-Which-null,X5-Maquette-Maquette-null,X6-Nalia-Nalia-null,X4-creator-creator-the,X3-nationality-nationality-the, X1-subj-X2,X5-has_name-Maquette,X4-of-X5,X6-has_name-Nalia,X4-for-X6,X3-of-X4,X1-obj-X3, X1-be-is-null,X2-which-Which-null,X3-nationality-nationality-the,X5-Maquette-Maquette-null,X6-Nalia-Nalia-null,X4-creator-creator-the, X1-subj-X2,X1-obj-X3,X5-has_name-Maquette,X4-of-X5,X6-has_name-Nalia,X4-for-X6,X1-obl_of-X4, X1-be-is-null,X2-which-Which-null,X3-nationality-nationality-the,X5-Nalia-Nalia-null,X4-creator-creator-the,X6-Maquette-Maquette-null, X1-subj-X2,X1-obj-X3,X5-has_name-Nalia,X4-for-X5,X1-obl_of-X4,X6-has_name-Maquette,X1-obl_of-X6, X1-be-is-null,X2-which-Which-null,X3-nationality-nationality-the,X4-creator-creator-the,X5-Maquette-Maquette-null,X6-Nalia-Nalia-null, X1-subj-X2,X1-obj-X3,X1-obl_of-X4,X5-has_name-Maquette,X1-obl_of-X5,X6-has_name-Nalia,X1-obl_for-X6, X1-be-is-null,X2-which-Which-null,X3-nationality-nationality-the,X5-Maquette-Maquette-null,X4-creator-creator-the,X6-Nalia-Nalia-null, X1-subj-X2,X1-obj-X3,X5-has_name-Maquette,X4-of-X5,X1-obl_of-X4,X6-has_name-Nalia,X1-obl_for-X6, X1-be-is-null,X2-which-Which-null,X5-Nalia-Nalia-null,X4-creator-creator-the,X6-Maquette-Maquette-null,X3-nationality-nationality-the, X1-subj-X2,X5-has_name-Nalia,X4-for-X5,X3-of-X4,X6-has_name-Maquette,X3-of-X6,X1-obj-X3, X1-be-is-null,X2-which-Which-null,X4-Maquette-Maquette-null,X3-nationality-nationality-the,X6-Nalia-Nalia-null,X5-creator-creator-the, X1-subj-X2,X4-has_name-Maquette,X3-of-X4,X1-obj-X3,X6-has_name-Nalia,X5-for-X6,X1-obl_of-X5, X1-be-is-null,X2-which-Which-null,X5-Nalia-Nalia-null,X4-creator-creator-the,X3-nationality-nationality-the,X6-Maquette-Maquette-null, X1-subj-X2,X5-has_name-Nalia,X4-for-X5,X3-of-X4,X1-obj-X3,X6-has_name-Maquette,X1-obl_of-X6, X1-be-is-null,X2-which-Which-null,X4-creator-creator-the,X5-Maquette-Maquette-null,X6-Nalia-Nalia-null,X3-nationality-nationality-the, X1-subj-X2,X3-of-X4,X5-has_name-Maquette,X3-of-X5,X6-has_name-Nalia,X3-for-X6,X1-obj-X3, X1-be-is-null,X2-which-Which-null,X5-Maquette-Maquette-null,X4-creator-creator-the,X6-Nalia-Nalia-null,X3-nationality-nationality-the, X1-subj-X2,X5-has_name-Maquette,X4-of-X5,X3-of-X4,X6-has_name-Nalia,X3-for-X6,X1-obj-X3,",Incorrect partial DRS,null,null
258,Which is the nationality of the creator of Maquette for White Tornado?," X1-be-is-null,X2-which-Which-null,X6-Tornado-Tornado-null,X5-Maquette-Maquette-null,X4-creator-creator-the,X3-nationality-nationality-the, X1-subj-X2,X6-White-true,X6-has_name-Tornado,X5-for-X6,X5-has_name-Maquette,X4-of-X5,X3-of-X4,X1-obj-X3, X1-be-is-null,X2-which-Which-null,X6-Tornado-Tornado-null,X5-Maquette-Maquette-null,X4-creator-creator-the,X3-nationality-nationality-the, X1-subj-X2,X6-has_name-White,X6-has_name-Tornado,X5-for-X6,X5-has_name-Maquette,X4-of-X5,X3-of-X4,X1-obj-X3, X1-be-is-null,X2-which-Which-null,X6-White Tornado-White Tornado-null,X5-Maquette-Maquette-null,X4-creator-creator-the,X3-nationality-nationality-the, X1-subj-X2,X6-has_name-White Tornado,X5-for-X6,X5-has_name-Maquette,X4-of-X5,X3-of-X4,X1-obj-X3, X1-be-is-null,X2-which-Which-null,X3-nationality-nationality-the,X6-Tornado-Tornado-null,X5-Maquette-Maquette-null,X4-creator-creator-the, X1-subj-X2,X1-obj-X3,X6-White-true,X6-has_name-Tornado,X5-for-X6,X5-has_name-Maquette,X4-of-X5,X1-obl_of-X4, X1-be-is-null,X2-which-Which-null,X3-nationality-nationality-the,X6-Tornado-Tornado-null,X5-Maquette-Maquette-null,X4-creator-creator-the, X1-subj-X2,X1-obj-X3,X6-has_name-White,X6-has_name-Tornado,X5-for-X6,X5-has_name-Maquette,X4-of-X5,X1-obl_of-X4, X1-be-is-null,X2-which-Which-null,X3-nationality-nationality-the,X6-White Tornado-White Tornado-null,X5-Maquette-Maquette-null,X4-creator-creator-the, X1-subj-X2,X1-obj-X3,X6-has_name-White Tornado,X5-for-X6,X5-has_name-Maquette,X4-of-X5,X1-obl_of-X4, X1-be-is-null,X2-which-Which-null,X3-nationality-nationality-the,X4-creator-creator-the,X6-Tornado-Tornado-null,X5-Maquette-Maquette-null, X1-subj-X2,X1-obj-X3,X1-obl_of-X4,X6-White-true,X6-has_name-Tornado,X5-for-X6,X5-has_name-Maquette,X1-obl_of-X5, X1-be-is-null,X2-which-Which-null,X3-nationality-nationality-the,X4-creator-creator-the,X6-Tornado-Tornado-null,X5-Maquette-Maquette-null, X1-subj-X2,X1-obj-X3,X1-obl_of-X4,X6-has_name-White,X6-has_name-Tornado,X5-for-X6,X5-has_name-Maquette,X1-obl_of-X5, X1-be-is-null,X2-which-Which-null,X3-nationality-nationality-the,X4-creator-creator-the,X6-White Tornado-White Tornado-null,X5-Maquette-Maquette-null, X1-subj-X2,X1-obj-X3,X1-obl_of-X4,X6-has_name-White Tornado,X5-for-X6,X5-has_name-Maquette,X1-obl_of-X5, X1-be-is-null,X2-which-Which-null,X3-nationality-nationality-the,X4-creator-creator-the,X5-Maquette-Maquette-null,X6-Tornado-Tornado-null, X1-subj-X2,X1-obj-X3,X1-obl_of-X4,X5-has_name-Maquette,X1-obl_of-X5,X6-White-true,X6-has_name-Tornado,X1-obl_for-X6, X1-be-is-null,X2-which-Which-null,X3-nationality-nationality-the,X4-creator-creator-the,X5-Maquette-Maquette-null,X6-Tornado-Tornado-null, X1-subj-X2,X1-obj-X3,X1-obl_of-X4,X5-has_name-Maquette,X1-obl_of-X5,X6-has_name-White,X6-has_name-Tornado,X1-obl_for-X6, X1-be-is-null,X2-which-Which-null,X3-nationality-nationality-the,X4-creator-creator-the,X5-Maquette-Maquette-null,X6-White Tornado-White Tornado-null, X1-subj-X2,X1-obj-X3,X1-obl_of-X4,X5-has_name-Maquette,X1-obl_of-X5,X6-has_name-White Tornado,X1-obl_for-X6, X1-be-is-null,X2-which-Which-null,X3-nationality-nationality-the,X5-Maquette-Maquette-null,X6-Tornado-Tornado-null,X4-creator-creator-the, X1-subj-X2,X1-obj-X3,X5-has_name-Maquette,X4-of-X5,X6-White-true,X6-has_name-Tornado,X4-for-X6,X1-obl_of-X4, X1-be-is-null,X2-which-Which-null,X3-nationality-nationality-the,X5-Maquette-Maquette-null,X6-Tornado-Tornado-null,X4-creator-creator-the, X1-subj-X2,X1-obj-X3,X5-has_name-Maquette,X4-of-X5,X6-has_name-White,X6-has_name-Tornado,X4-for-X6,X1-obl_of-X4, X1-be-is-null,X2-which-Which-null,X3-nationality-nationality-the,X5-Maquette-Maquette-null,X6-White Tornado-White Tornado-null,X4-creator-creator-the, X1-subj-X2,X1-obj-X3,X5-has_name-Maquette,X4-of-X5,X6-has_name-White Tornado,X4-for-X6,X1-obl_of-X4, X1-be-is-null,X2-which-Which-null,X4-creator-creator-the,X6-Tornado-Tornado-null,X5-Maquette-Maquette-null,X3-nationality-nationality-the, X1-subj-X2,X3-of-X4,X6-White-true,X6-has_name-Tornado,X5-for-X6,X5-has_name-Maquette,X3-of-X5,X1-obj-X3, X1-be-is-null,X2-which-Which-null,X4-creator-creator-the,X6-Tornado-Tornado-null,X5-Maquette-Maquette-null,X3-nationality-nationality-the, X1-subj-X2,X3-of-X4,X6-has_name-White,X6-has_name-Tornado,X5-for-X6,X5-has_name-Maquette,X3-of-X5,X1-obj-X3, X1-be-is-null,X2-which-Which-null,X4-creator-creator-the,X6-White Tornado-White Tornado-null,X5-Maquette-Maquette-null,X3-nationality-nationality-the, X1-subj-X2,X3-of-X4,X6-has_name-White Tornado,X5-for-X6,X5-has_name-Maquette,X3-of-X5,X1-obj-X3, X1-be-is-null,X2-which-Which-null,X5-Tornado-Tornado-null,X4-Maquette-Maquette-null,X3-nationality-nationality-the,X6-creator-creator-the, X1-subj-X2,X5-White-true,X5-has_name-Tornado,X4-for-X5,X4-has_name-Maquette,X3-of-X4,X1-obj-X3,X1-obl_of-X6, X1-be-is-null,X2-which-Which-null,X5-Tornado-Tornado-null,X4-Maquette-Maquette-null,X3-nationality-nationality-the,X6-creator-creator-the, X1-subj-X2,X5-has_name-White,X5-has_name-Tornado,X4-for-X5,X4-has_name-Maquette,X3-of-X4,X1-obj-X3,X1-obl_of-X6, X1-be-is-null,X2-which-Which-null,X5-White Tornado-White Tornado-null,X4-Maquette-Maquette-null,X3-nationality-nationality-the,X6-creator-creator-the, X1-subj-X2,X5-has_name-White Tornado,X4-for-X5,X4-has_name-Maquette,X3-of-X4,X1-obj-X3,X1-obl_of-X6, X1-be-is-null,X2-which-Which-null,X4-creator-creator-the,X3-nationality-nationality-the,X6-Tornado-Tornado-null,X5-Maquette-Maquette-null, X1-subj-X2,X3-of-X4,X1-obj-X3,X6-White-true,X6-has_name-Tornado,X5-for-X6,X5-has_name-Maquette,X1-obl_of-X5, X1-be-is-null,X2-which-Which-null,X4-creator-creator-the,X3-nationality-nationality-the,X6-Tornado-Tornado-null,X5-Maquette-Maquette-null, X1-subj-X2,X3-of-X4,X1-obj-X3,X6-has_name-White,X6-has_name-Tornado,X5-for-X6,X5-has_name-Maquette,X1-obl_of-X5, X1-be-is-null,X2-which-Which-null,X4-creator-creator-the,X3-nationality-nationality-the,X6-White Tornado-White Tornado-null,X5-Maquette-Maquette-null, X1-subj-X2,X3-of-X4,X1-obj-X3,X6-has_name-White Tornado,X5-for-X6,X5-has_name-Maquette,X1-obl_of-X5, X1-be-is-null,X2-which-Which-null,X4-creator-creator-the,X5-Maquette-Maquette-null,X6-Tornado-Tornado-null,X3-nationality-nationality-the, X1-subj-X2,X3-of-X4,X5-has_name-Maquette,X3-of-X5,X6-White-true,X6-has_name-Tornado,X3-for-X6,X1-obj-X3, X1-be-is-null,X2-which-Which-null,X4-creator-creator-the,X5-Maquette-Maquette-null,X6-Tornado-Tornado-null,X3-nationality-nationality-the, X1-subj-X2,X3-of-X4,X5-has_name-Maquette,X3-of-X5,X6-has_name-White,X6-has_name-Tornado,X3-for-X6,X1-obj-X3, X1-be-is-null,X2-which-Which-null,X4-creator-creator-the,X5-Maquette-Maquette-null,X6-White Tornado-White Tornado-null,X3-nationality-nationality-the, X1-subj-X2,X3-of-X4,X5-has_name-Maquette,X3-of-X5,X6-has_name-White Tornado,X3-for-X6,X1-obj-X3, X1-be-is-null,X2-which-Which-null,X5-Maquette-Maquette-null,X6-Tornado-Tornado-null,X4-creator-creator-the,X3-nationality-nationality-the, X1-subj-X2,X5-has_name-Maquette,X4-of-X5,X6-White-true,X6-has_name-Tornado,X4-for-X6,X3-of-X4,X1-obj-X3, X1-be-is-null,X2-which-Which-null,X5-Maquette-Maquette-null,X6-Tornado-Tornado-null,X4-creator-creator-the,X3-nationality-nationality-the, X1-subj-X2,X5-has_name-Maquette,X4-of-X5,X6-has_name-White,X6-has_name-Tornado,X4-for-X6,X3-of-X4,X1-obj-X3, X1-be-is-null,X2-which-Which-null,X5-Maquette-Maquette-null,X6-White Tornado-White Tornado-null,X4-creator-creator-the,X3-nationality-nationality-the, X1-subj-X2,X5-has_name-Maquette,X4-of-X5,X6-has_name-White Tornado,X4-for-X6,X3-of-X4,X1-obj-X3,",Incorrect partial DRS,null,null
259,Which is the nationality of the creator of Mary Hopkinson?," X1-be-is-null,X2-which-Which-null,X5-Mary Hopkinson-Mary-null,X4-creator-creator-the,X3-nationality-nationality-the, X1-subj-X2,X5-has_name-Mary Hopkinson,X4-of-X5,X3-of-X4,X1-obj-X3, X1-be-is-null,X2-which-Which-null,X3-nationality-nationality-the,X5-Mary Hopkinson-Mary-null,X4-creator-creator-the, X1-subj-X2,X1-obj-X3,X5-has_name-Mary Hopkinson,X4-of-X5,X1-obl_of-X4, X1-be-is-null,X2-which-Which-null,X3-nationality-nationality-the,X4-creator-creator-the,X5-Mary Hopkinson-Mary-null, X1-subj-X2,X1-obj-X3,X1-obl_of-X4,X5-has_name-Mary Hopkinson,X1-obl_of-X5, X1-be-is-null,X2-which-Which-null,X4-creator-creator-the,X5-Mary Hopkinson-Mary-null,X3-nationality-nationality-the, X1-subj-X2,X3-of-X4,X5-has_name-Mary Hopkinson,X3-of-X5,X1-obj-X3, X1-be-is-null,X2-which-Which-null,X4-Mary Hopkinson-Mary-null,X3-nationality-nationality-the,X5-creator-creator-the, X1-subj-X2,X4-has_name-Mary Hopkinson,X3-of-X4,X1-obj-X3,X1-obl_of-X5, X1-be-is-null,X2-which-Which-null,X4-creator-creator-the,X3-nationality-nationality-the,X5-Mary Hopkinson-Mary-null, X1-subj-X2,X3-of-X4,X1-obj-X3,X5-has_name-Mary Hopkinson,X1-obl_of-X5,","Drs [
 tokens=[],
 dEntities=[
DEntity(X1, be, is, VERB, null, false, Query1, Query), 
DEntity(X2, which, Which, PRON, null, false, Qualifier2, Qualifier), 
DEntity(X5, Mary Hopkinson, Mary, PROPN, null, false, Artefact3, Artefact), 
DEntity(X4, creator, creator, NOUN, the, false, Artist4, Artist), 
DEntity(X3, nationality, nationality, NOUN, the, false, ConceptArtist5, ConceptArtist)],
 dConditions=[
DCondition(X1, subj, X2, propriedades= [qQualifier] --- []), 
DCondition(X5, has_name, Mary Hopkinson, propriedades= [] --- [has_name, has_text, who]), 
DCondition(X4, of, X5, propriedades= [author_of] --- []), 
DCondition(X3, of, X4, propriedades= [conc_of_Artist] --- []), 
DCondition(X1, obj, X3, propriedades= [select] --- []), 
DCondition(X1, has_text, be, propriedades= [] --- [has_name, has_text, who]), 
DCondition(X2, has_text, which, propriedades= [] --- [has_name, has_text, who]), 
DCondition(X5, has_text, Mary Hopkinson, propriedades= [] --- [has_name, has_text, who]), 
DCondition(X4, has_text, creator, propriedades= [] --- [has_name, has_text, who]), 
DCondition(X3, has_text, nationality, propriedades= [] --- [has_name, has_text, who]), 
DCondition(X2, has_name, null list, propriedades= [] --- [has_name, has_text, who]), 
DCondition(X1, obj, X2, propriedades= [qQualifier] --- [])]
 solu��es = []
 numeroFrase = 0
 numHasNames = 2
 numIndividuals = 5
 numEntitiesOk = 10
 numIsClass = 0
 numPropsOk = 5
 numEntitiesNOk = 0
 numClassesOk = 4]"," PREFIX rdf: <http://www.w3.org/1999/02/22-rdf-syntax-ns#> PREFIX xsd: <http://www.w3.org/2001/XMLSchema#> PREFIX rdfs: <http://www.w3.org/2000/01/rdf-schema#> PREFIX cidoc: <http://www.cidoc-crm.org/cidoc-crm/> SELECT  DISTINCT  ?snameConceptArtist5 ?ConceptArtist5 ?snameArtefact3 ?Artefact3 WHERE { {{?Artefact3 cidoc:P131_is_identified_by ?nameArtefact3 . ?nameArtefact3 rdf:value ?snameArtefact3 .}  UNION {?Artefact3 rdfs:label ?snameArtefact3 .}}  filter(regex(?snameArtefact3,""Mary Hopkinson"",""i"")) . ?prod cidoc:P14_carried_out_by ?Artist4 . ?Artefact3 cidoc:P108i_was_produced_by ?prod . ?Artist4 rdfs:label ?snameArtist4 . ?Artist4 cidoc:P107i_is_current_or_former_member_of ?ConceptArtist5. ?ConceptArtist5 rdfs:label ?snameConceptArtist5. }",true
260,Which is the nationality of the creator of Mary Jemison?," X1-be-is-null,X2-which-Which-null,X5-Mary Jemison-Mary-null,X4-creator-creator-the,X3-nationality-nationality-the, X1-subj-X2,X5-has_name-Mary Jemison,X4-of-X5,X3-of-X4,X1-obj-X3, X1-be-is-null,X2-which-Which-null,X3-nationality-nationality-the,X5-Mary Jemison-Mary-null,X4-creator-creator-the, X1-subj-X2,X1-obj-X3,X5-has_name-Mary Jemison,X4-of-X5,X1-obl_of-X4, X1-be-is-null,X2-which-Which-null,X3-nationality-nationality-the,X4-creator-creator-the,X5-Mary Jemison-Mary-null, X1-subj-X2,X1-obj-X3,X1-obl_of-X4,X5-has_name-Mary Jemison,X1-obl_of-X5, X1-be-is-null,X2-which-Which-null,X4-creator-creator-the,X5-Mary Jemison-Mary-null,X3-nationality-nationality-the, X1-subj-X2,X3-of-X4,X5-has_name-Mary Jemison,X3-of-X5,X1-obj-X3, X1-be-is-null,X2-which-Which-null,X4-Mary Jemison-Mary-null,X3-nationality-nationality-the,X5-creator-creator-the, X1-subj-X2,X4-has_name-Mary Jemison,X3-of-X4,X1-obj-X3,X1-obl_of-X5, X1-be-is-null,X2-which-Which-null,X4-creator-creator-the,X3-nationality-nationality-the,X5-Mary Jemison-Mary-null, X1-subj-X2,X3-of-X4,X1-obj-X3,X5-has_name-Mary Jemison,X1-obl_of-X5,","Drs [
 tokens=[],
 dEntities=[
DEntity(X1, be, is, VERB, null, false, Query1, Query), 
DEntity(X2, which, Which, PRON, null, false, Qualifier2, Qualifier), 
DEntity(X5, Mary Jemison, Mary, PROPN, null, false, Artefact3, Artefact), 
DEntity(X4, creator, creator, NOUN, the, false, Artist4, Artist), 
DEntity(X3, nationality, nationality, NOUN, the, false, ConceptArtist5, ConceptArtist)],
 dConditions=[
DCondition(X1, subj, X2, propriedades= [qQualifier] --- []), 
DCondition(X5, has_name, Mary Jemison, propriedades= [] --- [has_name, has_text, who]), 
DCondition(X4, of, X5, propriedades= [author_of] --- []), 
DCondition(X3, of, X4, propriedades= [conc_of_Artist] --- []), 
DCondition(X1, obj, X3, propriedades= [select] --- []), 
DCondition(X1, has_text, be, propriedades= [] --- [has_name, has_text, who]), 
DCondition(X2, has_text, which, propriedades= [] --- [has_name, has_text, who]), 
DCondition(X5, has_text, Mary Jemison, propriedades= [] --- [has_name, has_text, who]), 
DCondition(X4, has_text, creator, propriedades= [] --- [has_name, has_text, who]), 
DCondition(X3, has_text, nationality, propriedades= [] --- [has_name, has_text, who]), 
DCondition(X2, has_name, null list, propriedades= [] --- [has_name, has_text, who]), 
DCondition(X1, obj, X2, propriedades= [qQualifier] --- [])]
 solu��es = []
 numeroFrase = 0
 numHasNames = 2
 numIndividuals = 5
 numEntitiesOk = 10
 numIsClass = 0
 numPropsOk = 5
 numEntitiesNOk = 0
 numClassesOk = 4]"," PREFIX rdf: <http://www.w3.org/1999/02/22-rdf-syntax-ns#> PREFIX xsd: <http://www.w3.org/2001/XMLSchema#> PREFIX rdfs: <http://www.w3.org/2000/01/rdf-schema#> PREFIX cidoc: <http://www.cidoc-crm.org/cidoc-crm/> SELECT  DISTINCT  ?snameConceptArtist5 ?ConceptArtist5 ?snameArtefact3 ?Artefact3 WHERE { {{?Artefact3 cidoc:P131_is_identified_by ?nameArtefact3 . ?nameArtefact3 rdf:value ?snameArtefact3 .}  UNION {?Artefact3 rdfs:label ?snameArtefact3 .}}  filter(regex(?snameArtefact3,""Mary Jemison"",""i"")) . ?prod cidoc:P14_carried_out_by ?Artist4 . ?Artefact3 cidoc:P108i_was_produced_by ?prod . ?Artist4 rdfs:label ?snameArtist4 . ?Artist4 cidoc:P107i_is_current_or_former_member_of ?ConceptArtist5. ?ConceptArtist5 rdfs:label ?snameConceptArtist5. }",true
261,Which is the nationality of the creator of Masochist (from Aberrations)?," X1-be-is-null,X2-which-Which-null,X6-Aberration-Aberrations-null,X5-Masochist-Masochist-null,X4-creator-creator-the,X3-nationality-nationality-the, X1-subj-X2,X6-has_name-Aberration,X5-from-X6,X5-has_name-Masochist,X4-of-X5,X3-of-X4,X1-obj-X3, X1-be-is-null,X2-which-Which-null,X3-nationality-nationality-the,X6-Aberration-Aberrations-null,X5-Masochist-Masochist-null,X4-creator-creator-the, X1-subj-X2,X1-obj-X3,X6-has_name-Aberration,X5-from-X6,X5-has_name-Masochist,X4-of-X5,X1-obl_of-X4, X1-be-is-null,X2-which-Which-null,X3-nationality-nationality-the,X4-creator-creator-the,X6-Aberration-Aberrations-null,X5-Masochist-Masochist-null, X1-subj-X2,X1-obj-X3,X1-obl_of-X4,X6-has_name-Aberration,X5-from-X6,X5-has_name-Masochist,X1-obl_of-X5, X1-be-is-null,X2-which-Which-null,X3-nationality-nationality-the,X4-creator-creator-the,X5-Masochist-Masochist-null,X6-Aberration-Aberrations-null, X1-subj-X2,X1-obj-X3,X1-obl_of-X4,X5-has_name-Masochist,X1-obl_of-X5,X6-has_name-Aberration,X1-obl_from-X6, X1-be-is-null,X2-which-Which-null,X3-nationality-nationality-the,X5-Masochist-Masochist-null,X6-Aberration-Aberrations-null,X4-creator-creator-the, X1-subj-X2,X1-obj-X3,X5-has_name-Masochist,X4-of-X5,X6-has_name-Aberration,X4-from-X6,X1-obl_of-X4, X1-be-is-null,X2-which-Which-null,X4-creator-creator-the,X6-Aberration-Aberrations-null,X5-Masochist-Masochist-null,X3-nationality-nationality-the, X1-subj-X2,X3-of-X4,X6-has_name-Aberration,X5-from-X6,X5-has_name-Masochist,X3-of-X5,X1-obj-X3, X1-be-is-null,X2-which-Which-null,X5-Aberration-Aberrations-null,X4-Masochist-Masochist-null,X3-nationality-nationality-the,X6-creator-creator-the, X1-subj-X2,X5-has_name-Aberration,X4-from-X5,X4-has_name-Masochist,X3-of-X4,X1-obj-X3,X1-obl_of-X6, X1-be-is-null,X2-which-Which-null,X4-creator-creator-the,X3-nationality-nationality-the,X6-Aberration-Aberrations-null,X5-Masochist-Masochist-null, X1-subj-X2,X3-of-X4,X1-obj-X3,X6-has_name-Aberration,X5-from-X6,X5-has_name-Masochist,X1-obl_of-X5, X1-be-is-null,X2-which-Which-null,X4-creator-creator-the,X5-Masochist-Masochist-null,X6-Aberration-Aberrations-null,X3-nationality-nationality-the, X1-subj-X2,X3-of-X4,X5-has_name-Masochist,X3-of-X5,X6-has_name-Aberration,X3-from-X6,X1-obj-X3, X1-be-is-null,X2-which-Which-null,X5-Masochist-Masochist-null,X6-Aberration-Aberrations-null,X4-creator-creator-the,X3-nationality-nationality-the, X1-subj-X2,X5-has_name-Masochist,X4-of-X5,X6-has_name-Aberration,X4-from-X6,X3-of-X4,X1-obj-X3,",Incorrect partial DRS,null,null
262,Which is the nationality of the creator of Merfrog and her Pet Fish?," X1-be-is-null,X2-which-Which-null,X7-she-her-null,X6-Pet Fish-Pet Fish-null,X5-Merfrog-Merfrog-null,X4-creator-creator-the,X3-nationality-nationality-the, X1-subj-X2,X6-has_name-Pet Fish,X4-of-X6,X5-has_name-Merfrog,X4-of-X5,X3-of-X4,X1-obj-X3, X1-be-is-null,X2-which-Which-null,X3-nationality-nationality-the,X7-she-her-null,X6-Pet Fish-Pet Fish-null,X5-Merfrog-Merfrog-null,X4-creator-creator-the, X1-subj-X2,X1-obj-X3,X6-has_name-Pet Fish,X4-of-X6,X5-has_name-Merfrog,X4-of-X5,X1-obl_of-X4,X1-obl-X4, X1-be-is-null,X2-which-Which-null,X3-nationality-nationality-the,X4-creator-creator-the,X7-she-her-null,X6-Pet Fish-Pet Fish-null,X5-Merfrog-Merfrog-null, X1-subj-X2,X1-obj-X3,X1-obl_of-X4,X6-has_name-Pet Fish,X1-obl_of-X6,X1-obl-X6,X5-has_name-Merfrog,X1-obl_of-X5,X1-obl-X5, X1-be-is-null,X2-which-Which-null,X4-creator-creator-the,X7-she-her-null,X6-Pet Fish-Pet Fish-null,X5-Merfrog-Merfrog-null,X3-nationality-nationality-the, X1-subj-X2,X3-of-X4,X6-has_name-Pet Fish,X3-of-X6,X5-has_name-Merfrog,X3-of-X5,X1-obj-X3, X1-be-is-null,X2-which-Which-null,X6-she-her-null,X5-Pet Fish-Pet Fish-null,X4-Merfrog-Merfrog-null,X3-nationality-nationality-the,X7-creator-creator-the, X1-subj-X2,X5-has_name-Pet Fish,X3-of-X5,X4-has_name-Merfrog,X3-of-X4,X1-obj-X3,X1-obl_of-X7, X1-be-is-null,X2-which-Which-null,X4-creator-creator-the,X3-nationality-nationality-the,X7-she-her-null,X6-Pet Fish-Pet Fish-null,X5-Merfrog-Merfrog-null, X1-subj-X2,X3-of-X4,X1-obj-X3,X6-has_name-Pet Fish,X1-obl_of-X6,X1-obl-X6,X5-has_name-Merfrog,X1-obl_of-X5,X1-obl-X5,",Incorrect partial DRS,null,null
263,Which is the nationality of the creator of Miss Frances Harris?," X1-be-is-null,X2-which-Which-null,X5-Miss Frances Harris-Miss-null,X4-creator-creator-the,X3-nationality-nationality-the, X1-subj-X2,X5-has_name-Miss Frances Harris,X4-of-X5,X3-of-X4,X1-obj-X3, X1-be-is-null,X2-which-Which-null,X3-nationality-nationality-the,X5-Miss Frances Harris-Miss-null,X4-creator-creator-the, X1-subj-X2,X1-obj-X3,X5-has_name-Miss Frances Harris,X4-of-X5,X1-obl_of-X4, X1-be-is-null,X2-which-Which-null,X3-nationality-nationality-the,X4-creator-creator-the,X5-Miss Frances Harris-Miss-null, X1-subj-X2,X1-obj-X3,X1-obl_of-X4,X5-has_name-Miss Frances Harris,X1-obl_of-X5, X1-be-is-null,X2-which-Which-null,X4-creator-creator-the,X5-Miss Frances Harris-Miss-null,X3-nationality-nationality-the, X1-subj-X2,X3-of-X4,X5-has_name-Miss Frances Harris,X3-of-X5,X1-obj-X3, X1-be-is-null,X2-which-Which-null,X4-Miss Frances Harris-Miss-null,X3-nationality-nationality-the,X5-creator-creator-the, X1-subj-X2,X4-has_name-Miss Frances Harris,X3-of-X4,X1-obj-X3,X1-obl_of-X5, X1-be-is-null,X2-which-Which-null,X4-creator-creator-the,X3-nationality-nationality-the,X5-Miss Frances Harris-Miss-null, X1-subj-X2,X3-of-X4,X1-obj-X3,X5-has_name-Miss Frances Harris,X1-obl_of-X5,","Drs [
 tokens=[],
 dEntities=[
DEntity(X1, be, is, VERB, null, false, Query1, Query), 
DEntity(X2, which, Which, PRON, null, false, Qualifier2, Qualifier), 
DEntity(X5, Miss Frances Harris, Miss, PROPN, null, false, Artefact3, Artefact), 
DEntity(X4, creator, creator, NOUN, the, false, Artist4, Artist), 
DEntity(X3, nationality, nationality, NOUN, the, false, ConceptArtist5, ConceptArtist)],
 dConditions=[
DCondition(X1, subj, X2, propriedades= [qQualifier] --- []), 
DCondition(X5, has_name, Miss Frances Harris, propriedades= [] --- [has_name, has_text, who]), 
DCondition(X4, of, X5, propriedades= [author_of] --- []), 
DCondition(X3, of, X4, propriedades= [conc_of_Artist] --- []), 
DCondition(X1, obj, X3, propriedades= [select] --- []), 
DCondition(X1, has_text, be, propriedades= [] --- [has_name, has_text, who]), 
DCondition(X2, has_text, which, propriedades= [] --- [has_name, has_text, who]), 
DCondition(X5, has_text, Miss Frances Harris, propriedades= [] --- [has_name, has_text, who]), 
DCondition(X4, has_text, creator, propriedades= [] --- [has_name, has_text, who]), 
DCondition(X3, has_text, nationality, propriedades= [] --- [has_name, has_text, who]), 
DCondition(X2, has_name, null list, propriedades= [] --- [has_name, has_text, who]), 
DCondition(X1, obj, X2, propriedades= [qQualifier] --- [])]
 solu��es = []
 numeroFrase = 0
 numHasNames = 2
 numIndividuals = 5
 numEntitiesOk = 10
 numIsClass = 0
 numPropsOk = 5
 numEntitiesNOk = 0
 numClassesOk = 4]"," PREFIX rdf: <http://www.w3.org/1999/02/22-rdf-syntax-ns#> PREFIX xsd: <http://www.w3.org/2001/XMLSchema#> PREFIX rdfs: <http://www.w3.org/2000/01/rdf-schema#> PREFIX cidoc: <http://www.cidoc-crm.org/cidoc-crm/> SELECT  DISTINCT  ?snameConceptArtist5 ?ConceptArtist5 ?snameArtefact3 ?Artefact3 WHERE { {{?Artefact3 cidoc:P131_is_identified_by ?nameArtefact3 . ?nameArtefact3 rdf:value ?snameArtefact3 .}  UNION {?Artefact3 rdfs:label ?snameArtefact3 .}}  filter(regex(?snameArtefact3,""Miss Frances Harris"",""i"")) . ?prod cidoc:P14_carried_out_by ?Artist4 . ?Artefact3 cidoc:P108i_was_produced_by ?prod . ?Artist4 rdfs:label ?snameArtist4 . ?Artist4 cidoc:P107i_is_current_or_former_member_of ?ConceptArtist5. ?ConceptArtist5 rdfs:label ?snameConceptArtist5. }",true
264,Which is the nationality of the creator of Modern Crusader?," X1-be-is-null,X2-which-Which-null,X5-Crusader-Crusader-null,X4-creator-creator-the,X3-nationality-nationality-the, X1-subj-X2,X5-modern-true,X5-has_name-Crusader,X4-of-X5,X3-of-X4,X1-obj-X3, X1-be-is-null,X2-which-Which-null,X5-Crusader-Crusader-null,X4-creator-creator-the,X3-nationality-nationality-the, X1-subj-X2,X5-has_name-Modern,X5-has_name-Crusader,X4-of-X5,X3-of-X4,X1-obj-X3, X1-be-is-null,X2-which-Which-null,X5-Modern Crusader-Modern Crusader-null,X4-creator-creator-the,X3-nationality-nationality-the, X1-subj-X2,X5-has_name-Modern Crusader,X4-of-X5,X3-of-X4,X1-obj-X3, X1-be-is-null,X2-which-Which-null,X3-nationality-nationality-the,X5-Crusader-Crusader-null,X4-creator-creator-the, X1-subj-X2,X1-obj-X3,X5-modern-true,X5-has_name-Crusader,X4-of-X5,X1-obl_of-X4, X1-be-is-null,X2-which-Which-null,X3-nationality-nationality-the,X5-Crusader-Crusader-null,X4-creator-creator-the, X1-subj-X2,X1-obj-X3,X5-has_name-Modern,X5-has_name-Crusader,X4-of-X5,X1-obl_of-X4, X1-be-is-null,X2-which-Which-null,X3-nationality-nationality-the,X5-Modern Crusader-Modern Crusader-null,X4-creator-creator-the, X1-subj-X2,X1-obj-X3,X5-has_name-Modern Crusader,X4-of-X5,X1-obl_of-X4, X1-be-is-null,X2-which-Which-null,X3-nationality-nationality-the,X4-creator-creator-the,X5-Crusader-Crusader-null, X1-subj-X2,X1-obj-X3,X1-obl_of-X4,X5-modern-true,X5-has_name-Crusader,X1-obl_of-X5, X1-be-is-null,X2-which-Which-null,X3-nationality-nationality-the,X4-creator-creator-the,X5-Crusader-Crusader-null, X1-subj-X2,X1-obj-X3,X1-obl_of-X4,X5-has_name-Modern,X5-has_name-Crusader,X1-obl_of-X5, X1-be-is-null,X2-which-Which-null,X3-nationality-nationality-the,X4-creator-creator-the,X5-Modern Crusader-Modern Crusader-null, X1-subj-X2,X1-obj-X3,X1-obl_of-X4,X5-has_name-Modern Crusader,X1-obl_of-X5, X1-be-is-null,X2-which-Which-null,X4-creator-creator-the,X5-Crusader-Crusader-null,X3-nationality-nationality-the, X1-subj-X2,X3-of-X4,X5-modern-true,X5-has_name-Crusader,X3-of-X5,X1-obj-X3, X1-be-is-null,X2-which-Which-null,X4-creator-creator-the,X5-Crusader-Crusader-null,X3-nationality-nationality-the, X1-subj-X2,X3-of-X4,X5-has_name-Modern,X5-has_name-Crusader,X3-of-X5,X1-obj-X3, X1-be-is-null,X2-which-Which-null,X4-creator-creator-the,X5-Modern Crusader-Modern Crusader-null,X3-nationality-nationality-the, X1-subj-X2,X3-of-X4,X5-has_name-Modern Crusader,X3-of-X5,X1-obj-X3, X1-be-is-null,X2-which-Which-null,X4-Crusader-Crusader-null,X3-nationality-nationality-the,X5-creator-creator-the, X1-subj-X2,X4-modern-true,X4-has_name-Crusader,X3-of-X4,X1-obj-X3,X1-obl_of-X5, X1-be-is-null,X2-which-Which-null,X4-Crusader-Crusader-null,X3-nationality-nationality-the,X5-creator-creator-the, X1-subj-X2,X4-has_name-Modern,X4-has_name-Crusader,X3-of-X4,X1-obj-X3,X1-obl_of-X5, X1-be-is-null,X2-which-Which-null,X4-Modern Crusader-Modern Crusader-null,X3-nationality-nationality-the,X5-creator-creator-the, X1-subj-X2,X4-has_name-Modern Crusader,X3-of-X4,X1-obj-X3,X1-obl_of-X5, X1-be-is-null,X2-which-Which-null,X4-creator-creator-the,X3-nationality-nationality-the,X5-Crusader-Crusader-null, X1-subj-X2,X3-of-X4,X1-obj-X3,X5-modern-true,X5-has_name-Crusader,X1-obl_of-X5, X1-be-is-null,X2-which-Which-null,X4-creator-creator-the,X3-nationality-nationality-the,X5-Crusader-Crusader-null, X1-subj-X2,X3-of-X4,X1-obj-X3,X5-has_name-Modern,X5-has_name-Crusader,X1-obl_of-X5, X1-be-is-null,X2-which-Which-null,X4-creator-creator-the,X3-nationality-nationality-the,X5-Modern Crusader-Modern Crusader-null, X1-subj-X2,X3-of-X4,X1-obj-X3,X5-has_name-Modern Crusader,X1-obl_of-X5,","Drs [
 tokens=[],
 dEntities=[
DEntity(X1, be, is, VERB, null, false, Query1, Query), 
DEntity(X2, which, Which, PRON, null, false, Qualifier2, Qualifier), 
DEntity(X5, Crusader, Crusader, PROPN, null, false, Artefact3, Artefact), 
DEntity(X4, creator, creator, NOUN, the, false, Artist4, Artist), 
DEntity(X3, nationality, nationality, NOUN, the, false, ConceptArtist5, ConceptArtist)],
 dConditions=[
DCondition(X1, subj, X2, propriedades= [qQualifier] --- []), 
DCondition(X5, modern, true, propriedades= [] --- [has_name, has_text, who]), 
DCondition(X5, has_name, Crusader, propriedades= [] --- [has_name, has_text, who]), 
DCondition(X4, of, X5, propriedades= [author_of] --- []), 
DCondition(X3, of, X4, propriedades= [conc_of_Artist] --- []), 
DCondition(X1, obj, X3, propriedades= [select] --- []), 
DCondition(X1, has_text, be, propriedades= [] --- [has_name, has_text, who]), 
DCondition(X2, has_text, which, propriedades= [] --- [has_name, has_text, who]), 
DCondition(X5, has_text, Crusader, propriedades= [] --- [has_name, has_text, who]), 
DCondition(X4, has_text, creator, propriedades= [] --- [has_name, has_text, who]), 
DCondition(X3, has_text, nationality, propriedades= [] --- [has_name, has_text, who]), 
DCondition(X2, has_name, null list, propriedades= [] --- [has_name, has_text, who]), 
DCondition(X1, obj, X2, propriedades= [qQualifier] --- [])]
 solu��es = []
 numeroFrase = 0
 numHasNames = 2
 numIndividuals = 5
 numEntitiesOk = 10
 numIsClass = 0
 numPropsOk = 5
 numEntitiesNOk = 0
 numClassesOk = 4]"," PREFIX rdf: <http://www.w3.org/1999/02/22-rdf-syntax-ns#> PREFIX xsd: <http://www.w3.org/2001/XMLSchema#> PREFIX rdfs: <http://www.w3.org/2000/01/rdf-schema#> PREFIX cidoc: <http://www.cidoc-crm.org/cidoc-crm/> SELECT  DISTINCT  ?snameConceptArtist5 ?ConceptArtist5 ?snameArtefact3 ?Artefact3 WHERE { {{?Artefact3 cidoc:P131_is_identified_by ?nameArtefact3 . ?nameArtefact3 rdf:value ?snameArtefact3 .}  UNION {?Artefact3 rdfs:label ?snameArtefact3 .}}  filter(regex(?snameArtefact3,""Crusader"",""i"")) . ?prod cidoc:P14_carried_out_by ?Artist4 . ?Artefact3 cidoc:P108i_was_produced_by ?prod . ?Artist4 rdfs:label ?snameArtist4 . ?Artist4 cidoc:P107i_is_current_or_former_member_of ?ConceptArtist5. ?ConceptArtist5 rdfs:label ?snameConceptArtist5. }",true
265,Which is the nationality of the creator of Monekana?," X1-be-is-null,X2-which-Which-null,X5-Monekana-Monekana-null,X4-creator-creator-the,X3-nationality-nationality-the, X1-subj-X2,X5-has_name-Monekana,X4-of-X5,X3-of-X4,X1-obj-X3, X1-be-is-null,X2-which-Which-null,X3-nationality-nationality-the,X5-Monekana-Monekana-null,X4-creator-creator-the, X1-subj-X2,X1-obj-X3,X5-has_name-Monekana,X4-of-X5,X1-obl_of-X4, X1-be-is-null,X2-which-Which-null,X3-nationality-nationality-the,X4-creator-creator-the,X5-Monekana-Monekana-null, X1-subj-X2,X1-obj-X3,X1-obl_of-X4,X5-has_name-Monekana,X1-obl_of-X5, X1-be-is-null,X2-which-Which-null,X4-creator-creator-the,X5-Monekana-Monekana-null,X3-nationality-nationality-the, X1-subj-X2,X3-of-X4,X5-has_name-Monekana,X3-of-X5,X1-obj-X3, X1-be-is-null,X2-which-Which-null,X4-Monekana-Monekana-null,X3-nationality-nationality-the,X5-creator-creator-the, X1-subj-X2,X4-has_name-Monekana,X3-of-X4,X1-obj-X3,X1-obl_of-X5, X1-be-is-null,X2-which-Which-null,X4-creator-creator-the,X3-nationality-nationality-the,X5-Monekana-Monekana-null, X1-subj-X2,X3-of-X4,X1-obj-X3,X5-has_name-Monekana,X1-obl_of-X5,","Drs [
 tokens=[],
 dEntities=[
DEntity(X1, be, is, VERB, null, false, Query1, Query), 
DEntity(X2, which, Which, PRON, null, false, Qualifier2, Qualifier), 
DEntity(X5, Monekana, Monekana, PROPN, null, false, Artefact3, Artefact), 
DEntity(X4, creator, creator, NOUN, the, false, Artist4, Artist), 
DEntity(X3, nationality, nationality, NOUN, the, false, ConceptArtist5, ConceptArtist)],
 dConditions=[
DCondition(X1, subj, X2, propriedades= [qQualifier] --- []), 
DCondition(X5, has_name, Monekana, propriedades= [] --- [has_name, has_text, who]), 
DCondition(X4, of, X5, propriedades= [author_of] --- []), 
DCondition(X3, of, X4, propriedades= [conc_of_Artist] --- []), 
DCondition(X1, obj, X3, propriedades= [select] --- []), 
DCondition(X1, has_text, be, propriedades= [] --- [has_name, has_text, who]), 
DCondition(X2, has_text, which, propriedades= [] --- [has_name, has_text, who]), 
DCondition(X5, has_text, Monekana, propriedades= [] --- [has_name, has_text, who]), 
DCondition(X4, has_text, creator, propriedades= [] --- [has_name, has_text, who]), 
DCondition(X3, has_text, nationality, propriedades= [] --- [has_name, has_text, who]), 
DCondition(X2, has_name, null list, propriedades= [] --- [has_name, has_text, who]), 
DCondition(X1, obj, X2, propriedades= [qQualifier] --- [])]
 solu��es = []
 numeroFrase = 0
 numHasNames = 2
 numIndividuals = 5
 numEntitiesOk = 10
 numIsClass = 0
 numPropsOk = 5
 numEntitiesNOk = 0
 numClassesOk = 4]"," PREFIX rdf: <http://www.w3.org/1999/02/22-rdf-syntax-ns#> PREFIX xsd: <http://www.w3.org/2001/XMLSchema#> PREFIX rdfs: <http://www.w3.org/2000/01/rdf-schema#> PREFIX cidoc: <http://www.cidoc-crm.org/cidoc-crm/> SELECT  DISTINCT  ?snameConceptArtist5 ?ConceptArtist5 ?snameArtefact3 ?Artefact3 WHERE { {{?Artefact3 cidoc:P131_is_identified_by ?nameArtefact3 . ?nameArtefact3 rdf:value ?snameArtefact3 .}  UNION {?Artefact3 rdfs:label ?snameArtefact3 .}}  filter(regex(?snameArtefact3,""Monekana"",""i"")) . ?prod cidoc:P14_carried_out_by ?Artist4 . ?Artefact3 cidoc:P108i_was_produced_by ?prod . ?Artist4 rdfs:label ?snameArtist4 . ?Artist4 cidoc:P107i_is_current_or_former_member_of ?ConceptArtist5. ?ConceptArtist5 rdfs:label ?snameConceptArtist5. }",true
266,Which is the nationality of the creator of Monkey and Lizard?," X1-be-is-null,X2-which-Which-null,X6-Lizard-Lizard-null,X5-monkey-Monkey-null,X4-creator-creator-the,X3-nationality-nationality-the, X1-subj-X2,X6-has_name-Lizard,X4-of-X6,X5-has_name-monkey,X4-of-X5,X3-of-X4,X1-obj-X3, X1-be-is-null,X2-which-Which-null,X3-nationality-nationality-the,X6-Lizard-Lizard-null,X5-monkey-Monkey-null,X4-creator-creator-the, X1-subj-X2,X1-obj-X3,X6-has_name-Lizard,X4-of-X6,X5-has_name-monkey,X4-of-X5,X1-obl_of-X4, X1-be-is-null,X2-which-Which-null,X3-nationality-nationality-the,X4-creator-creator-the,X6-Lizard-Lizard-null,X5-monkey-Monkey-null, X1-subj-X2,X1-obj-X3,X1-obl_of-X4,X6-has_name-Lizard,X1-obl_of-X6,X5-has_name-monkey,X1-obl_of-X5, X1-be-is-null,X2-which-Which-null,X4-creator-creator-the,X6-Lizard-Lizard-null,X5-monkey-Monkey-null,X3-nationality-nationality-the, X1-subj-X2,X3-of-X4,X6-has_name-Lizard,X3-of-X6,X5-has_name-monkey,X3-of-X5,X1-obj-X3, X1-be-is-null,X2-which-Which-null,X5-Lizard-Lizard-null,X4-monkey-Monkey-null,X3-nationality-nationality-the,X6-creator-creator-the, X1-subj-X2,X5-has_name-Lizard,X3-of-X5,X4-has_name-monkey,X3-of-X4,X1-obj-X3,X1-obl_of-X6, X1-be-is-null,X2-which-Which-null,X4-creator-creator-the,X3-nationality-nationality-the,X6-Lizard-Lizard-null,X5-monkey-Monkey-null, X1-subj-X2,X3-of-X4,X1-obj-X3,X6-has_name-Lizard,X1-obl_of-X6,X5-has_name-monkey,X1-obl_of-X5,",Incorrect partial DRS,null,null
267,Which is the nationality of the creator of Moods?," X1-be-is-null,X2-which-Which-null,X5-mood-Moods-null,X4-creator-creator-the,X3-nationality-nationality-the, X1-subj-X2,X4-of-X5,X3-of-X4,X1-obj-X3, X1-be-is-null,X2-which-Which-null,X3-nationality-nationality-the,X5-mood-Moods-null,X4-creator-creator-the, X1-subj-X2,X1-obj-X3,X4-of-X5,X1-obl_of-X4, X1-be-is-null,X2-which-Which-null,X3-nationality-nationality-the,X4-creator-creator-the,X5-mood-Moods-null, X1-subj-X2,X1-obj-X3,X1-obl_of-X4,X1-obl_of-X5, X1-be-is-null,X2-which-Which-null,X4-creator-creator-the,X5-mood-Moods-null,X3-nationality-nationality-the, X1-subj-X2,X3-of-X4,X3-of-X5,X1-obj-X3, X1-be-is-null,X2-which-Which-null,X4-mood-Moods-null,X3-nationality-nationality-the,X5-creator-creator-the, X1-subj-X2,X3-of-X4,X1-obj-X3,X1-obl_of-X5, X1-be-is-null,X2-which-Which-null,X4-creator-creator-the,X3-nationality-nationality-the,X5-mood-Moods-null, X1-subj-X2,X3-of-X4,X1-obj-X3,X1-obl_of-X5,","Drs [
 tokens=[],
 dEntities=[
DEntity(X1, be, is, VERB, null, false, Query1, Query), 
DEntity(X2, which, Which, PRON, null, false, Qualifier2, Qualifier), 
DEntity(X5, mood, Moods, NOUN, null, false, Artefact3, Artefact), 
DEntity(X4, creator, creator, NOUN, the, false, Artist4, Artist), 
DEntity(X3, nationality, nationality, NOUN, the, false, ConceptArtist5, ConceptArtist)],
 dConditions=[
DCondition(X1, subj, X2, propriedades= [qQualifier] --- []), 
DCondition(X4, of, X5, propriedades= [author_of] --- []), 
DCondition(X3, of, X4, propriedades= [conc_of_Artist] --- []), 
DCondition(X1, obj, X3, propriedades= [select] --- []), 
DCondition(X1, has_text, be, propriedades= [] --- [has_name, has_text, who]), 
DCondition(X2, has_text, which, propriedades= [] --- [has_name, has_text, who]), 
DCondition(X5, has_text, mood, propriedades= [] --- [has_name, has_text, who]), 
DCondition(X4, has_text, creator, propriedades= [] --- [has_name, has_text, who]), 
DCondition(X3, has_text, nationality, propriedades= [] --- [has_name, has_text, who]), 
DCondition(X2, has_name, null list, propriedades= [] --- [has_name, has_text, who]), 
DCondition(X1, obj, X2, propriedades= [qQualifier] --- [])]
 solu��es = []
 numeroFrase = 0
 numHasNames = 1
 numIndividuals = 5
 numEntitiesOk = 10
 numIsClass = 0
 numPropsOk = 5
 numEntitiesNOk = 0
 numClassesOk = 4]", PREFIX rdf: <http://www.w3.org/1999/02/22-rdf-syntax-ns#> PREFIX xsd: <http://www.w3.org/2001/XMLSchema#> PREFIX rdfs: <http://www.w3.org/2000/01/rdf-schema#> PREFIX cidoc: <http://www.cidoc-crm.org/cidoc-crm/> SELECT  DISTINCT  ?snameConceptArtist5 ?ConceptArtist5 WHERE { ?prod cidoc:P14_carried_out_by ?Artist4 . ?Artefact3 cidoc:P108i_was_produced_by ?prod . ?Artist4 rdfs:label ?snameArtist4 . ?Artist4 cidoc:P107i_is_current_or_former_member_of ?ConceptArtist5. ?ConceptArtist5 rdfs:label ?snameConceptArtist5. },false
268,Which is the nationality of the creator of Mora Howard?," X1-be-is-null,X2-which-Which-null,X5-Mora Howard-Mora-null,X4-creator-creator-the,X3-nationality-nationality-the, X1-subj-X2,X5-has_name-Mora Howard,X4-of-X5,X3-of-X4,X1-obj-X3, X1-be-is-null,X2-which-Which-null,X3-nationality-nationality-the,X5-Mora Howard-Mora-null,X4-creator-creator-the, X1-subj-X2,X1-obj-X3,X5-has_name-Mora Howard,X4-of-X5,X1-obl_of-X4, X1-be-is-null,X2-which-Which-null,X3-nationality-nationality-the,X4-creator-creator-the,X5-Mora Howard-Mora-null, X1-subj-X2,X1-obj-X3,X1-obl_of-X4,X5-has_name-Mora Howard,X1-obl_of-X5, X1-be-is-null,X2-which-Which-null,X4-creator-creator-the,X5-Mora Howard-Mora-null,X3-nationality-nationality-the, X1-subj-X2,X3-of-X4,X5-has_name-Mora Howard,X3-of-X5,X1-obj-X3, X1-be-is-null,X2-which-Which-null,X4-Mora Howard-Mora-null,X3-nationality-nationality-the,X5-creator-creator-the, X1-subj-X2,X4-has_name-Mora Howard,X3-of-X4,X1-obj-X3,X1-obl_of-X5, X1-be-is-null,X2-which-Which-null,X4-creator-creator-the,X3-nationality-nationality-the,X5-Mora Howard-Mora-null, X1-subj-X2,X3-of-X4,X1-obj-X3,X5-has_name-Mora Howard,X1-obl_of-X5,","Drs [
 tokens=[],
 dEntities=[
DEntity(X1, be, is, VERB, null, false, Query1, Query), 
DEntity(X2, which, Which, PRON, null, false, Qualifier2, Qualifier), 
DEntity(X5, Mora Howard, Mora, PROPN, null, false, Artefact3, Artefact), 
DEntity(X4, creator, creator, NOUN, the, false, Artist4, Artist), 
DEntity(X3, nationality, nationality, NOUN, the, false, ConceptArtist5, ConceptArtist)],
 dConditions=[
DCondition(X1, subj, X2, propriedades= [qQualifier] --- []), 
DCondition(X5, has_name, Mora Howard, propriedades= [] --- [has_name, has_text, who]), 
DCondition(X4, of, X5, propriedades= [author_of] --- []), 
DCondition(X3, of, X4, propriedades= [conc_of_Artist] --- []), 
DCondition(X1, obj, X3, propriedades= [select] --- []), 
DCondition(X1, has_text, be, propriedades= [] --- [has_name, has_text, who]), 
DCondition(X2, has_text, which, propriedades= [] --- [has_name, has_text, who]), 
DCondition(X5, has_text, Mora Howard, propriedades= [] --- [has_name, has_text, who]), 
DCondition(X4, has_text, creator, propriedades= [] --- [has_name, has_text, who]), 
DCondition(X3, has_text, nationality, propriedades= [] --- [has_name, has_text, who]), 
DCondition(X2, has_name, null list, propriedades= [] --- [has_name, has_text, who]), 
DCondition(X1, obj, X2, propriedades= [qQualifier] --- [])]
 solu��es = []
 numeroFrase = 0
 numHasNames = 2
 numIndividuals = 5
 numEntitiesOk = 10
 numIsClass = 0
 numPropsOk = 5
 numEntitiesNOk = 0
 numClassesOk = 4]"," PREFIX rdf: <http://www.w3.org/1999/02/22-rdf-syntax-ns#> PREFIX xsd: <http://www.w3.org/2001/XMLSchema#> PREFIX rdfs: <http://www.w3.org/2000/01/rdf-schema#> PREFIX cidoc: <http://www.cidoc-crm.org/cidoc-crm/> SELECT  DISTINCT  ?snameConceptArtist5 ?ConceptArtist5 ?snameArtefact3 ?Artefact3 WHERE { {{?Artefact3 cidoc:P131_is_identified_by ?nameArtefact3 . ?nameArtefact3 rdf:value ?snameArtefact3 .}  UNION {?Artefact3 rdfs:label ?snameArtefact3 .}}  filter(regex(?snameArtefact3,""Mora Howard"",""i"")) . ?prod cidoc:P14_carried_out_by ?Artist4 . ?Artefact3 cidoc:P108i_was_produced_by ?prod . ?Artist4 rdfs:label ?snameArtist4 . ?Artist4 cidoc:P107i_is_current_or_former_member_of ?ConceptArtist5. ?ConceptArtist5 rdfs:label ?snameConceptArtist5. }",true
269,"Which is the nationality of the creator of Moske i Kairouan, Afrika?"," X1-be-is-null,X2-which-Which-null,X5-Moske I Kairouan-Moske-null,X4-creator-creator-the,X3-nationality-nationality-the, X1-subj-X2,X5-has_name-Afrika,X5-has_name-Moske I Kairouan,X4-of-X5,X3-of-X4,X1-obj-X3, X1-be-is-null,X2-which-Which-null,X3-nationality-nationality-the,X5-Moske I Kairouan-Moske-null,X4-creator-creator-the, X1-subj-X2,X1-obj-X3,X5-has_name-Afrika,X5-has_name-Moske I Kairouan,X4-of-X5,X1-obl_of-X4, X1-be-is-null,X2-which-Which-null,X3-nationality-nationality-the,X4-creator-creator-the,X5-Moske I Kairouan-Moske-null, X1-subj-X2,X1-obj-X3,X1-obl_of-X4,X5-has_name-Afrika,X5-has_name-Moske I Kairouan,X1-obl_of-X5, X1-be-is-null,X2-which-Which-null,X4-creator-creator-the,X5-Moske I Kairouan-Moske-null,X3-nationality-nationality-the, X1-subj-X2,X3-of-X4,X5-has_name-Afrika,X5-has_name-Moske I Kairouan,X3-of-X5,X1-obj-X3, X1-be-is-null,X2-which-Which-null,X4-Moske I Kairouan-Moske-null,X3-nationality-nationality-the,X5-creator-creator-the, X1-subj-X2,X4-has_name-Afrika,X4-has_name-Moske I Kairouan,X3-of-X4,X1-obj-X3,X1-obl_of-X5, X1-be-is-null,X2-which-Which-null,X4-creator-creator-the,X3-nationality-nationality-the,X5-Moske I Kairouan-Moske-null, X1-subj-X2,X3-of-X4,X1-obj-X3,X5-has_name-Afrika,X5-has_name-Moske I Kairouan,X1-obl_of-X5,","Drs [
 tokens=[],
 dEntities=[
DEntity(X1, be, is, VERB, null, false, Query1, Query), 
DEntity(X2, which, Which, PRON, null, false, Qualifier2, Qualifier), 
DEntity(X5, Moske I Kairouan, Moske, PROPN, null, false, Artefact3, Artefact), 
DEntity(X4, creator, creator, NOUN, the, false, Artist4, Artist), 
DEntity(X3, nationality, nationality, NOUN, the, false, ConceptArtist5, ConceptArtist)],
 dConditions=[
DCondition(X1, subj, X2, propriedades= [qQualifier] --- []), 
DCondition(X5, has_name, Afrika, propriedades= [] --- [has_name, has_text, who]), 
DCondition(X5, has_name, Moske I Kairouan, propriedades= [] --- [has_name, has_text, who]), 
DCondition(X4, of, X5, propriedades= [author_of] --- []), 
DCondition(X3, of, X4, propriedades= [conc_of_Artist] --- []), 
DCondition(X1, obj, X3, propriedades= [select] --- []), 
DCondition(X1, has_text, be, propriedades= [] --- [has_name, has_text, who]), 
DCondition(X2, has_text, which, propriedades= [] --- [has_name, has_text, who]), 
DCondition(X5, has_text, Moske I Kairouan, propriedades= [] --- [has_name, has_text, who]), 
DCondition(X4, has_text, creator, propriedades= [] --- [has_name, has_text, who]), 
DCondition(X3, has_text, nationality, propriedades= [] --- [has_name, has_text, who]), 
DCondition(X2, has_name, null list, propriedades= [] --- [has_name, has_text, who]), 
DCondition(X1, obj, X2, propriedades= [qQualifier] --- [])]
 solu��es = []
 numeroFrase = 0
 numHasNames = 3
 numIndividuals = 5
 numEntitiesOk = 10
 numIsClass = 0
 numPropsOk = 5
 numEntitiesNOk = 0
 numClassesOk = 4]"," PREFIX rdf: <http://www.w3.org/1999/02/22-rdf-syntax-ns#> PREFIX xsd: <http://www.w3.org/2001/XMLSchema#> PREFIX rdfs: <http://www.w3.org/2000/01/rdf-schema#> PREFIX cidoc: <http://www.cidoc-crm.org/cidoc-crm/> SELECT  DISTINCT  ?snameConceptArtist5 ?ConceptArtist5 ?snameArtefact3 ?Artefact3 WHERE { {{?Artefact3 cidoc:P131_is_identified_by ?nameArtefact3 . ?nameArtefact3 rdf:value ?snameArtefact3 .}  UNION {?Artefact3 rdfs:label ?snameArtefact3 .}}  filter(regex(?snameArtefact3,""Moske I Kairouan"",""i"")) . {{?Artefact3 cidoc:P131_is_identified_by ?nameArtefact3 . ?nameArtefact3 rdf:value ?snameArtefact3 .}  UNION {?Artefact3 rdfs:label ?snameArtefact3 .}}  filter(regex(?snameArtefact3,""Afrika"",""i"")) . ?prod cidoc:P14_carried_out_by ?Artist4 . ?Artefact3 cidoc:P108i_was_produced_by ?prod . ?Artist4 rdfs:label ?snameArtist4 . ?Artist4 cidoc:P107i_is_current_or_former_member_of ?ConceptArtist5. ?ConceptArtist5 rdfs:label ?snameConceptArtist5. }",true
270,Which is the nationality of the creator of Mosquito Lamp?," X1-be-is-null,X2-which-Which-null,X5-Mosquito Lamp-Mosquito Lamp-null,X4-creator-creator-the,X3-nationality-nationality-the, X1-subj-X2,X5-has_name-Mosquito Lamp,X4-of-X5,X3-of-X4,X1-obj-X3, X1-be-is-null,X2-which-Which-null,X3-nationality-nationality-the,X5-Mosquito Lamp-Mosquito Lamp-null,X4-creator-creator-the, X1-subj-X2,X1-obj-X3,X5-has_name-Mosquito Lamp,X4-of-X5,X1-obl_of-X4, X1-be-is-null,X2-which-Which-null,X3-nationality-nationality-the,X4-creator-creator-the,X5-Mosquito Lamp-Mosquito Lamp-null, X1-subj-X2,X1-obj-X3,X1-obl_of-X4,X5-has_name-Mosquito Lamp,X1-obl_of-X5, X1-be-is-null,X2-which-Which-null,X4-creator-creator-the,X5-Mosquito Lamp-Mosquito Lamp-null,X3-nationality-nationality-the, X1-subj-X2,X3-of-X4,X5-has_name-Mosquito Lamp,X3-of-X5,X1-obj-X3, X1-be-is-null,X2-which-Which-null,X4-Mosquito Lamp-Mosquito Lamp-null,X3-nationality-nationality-the,X5-creator-creator-the, X1-subj-X2,X4-has_name-Mosquito Lamp,X3-of-X4,X1-obj-X3,X1-obl_of-X5, X1-be-is-null,X2-which-Which-null,X4-creator-creator-the,X3-nationality-nationality-the,X5-Mosquito Lamp-Mosquito Lamp-null, X1-subj-X2,X3-of-X4,X1-obj-X3,X5-has_name-Mosquito Lamp,X1-obl_of-X5,","Drs [
 tokens=[],
 dEntities=[
DEntity(X1, be, is, VERB, null, false, Query1, Query), 
DEntity(X2, which, Which, PRON, null, false, Qualifier2, Qualifier), 
DEntity(X5, Mosquito Lamp, Mosquito Lamp, PROPN, null, false, Artefact3, Artefact), 
DEntity(X4, creator, creator, NOUN, the, false, Artist4, Artist), 
DEntity(X3, nationality, nationality, NOUN, the, false, ConceptArtist5, ConceptArtist)],
 dConditions=[
DCondition(X1, subj, X2, propriedades= [qQualifier] --- []), 
DCondition(X5, has_name, Mosquito Lamp, propriedades= [] --- [has_name, has_text, who]), 
DCondition(X4, of, X5, propriedades= [author_of] --- []), 
DCondition(X3, of, X4, propriedades= [conc_of_Artist] --- []), 
DCondition(X1, obj, X3, propriedades= [select] --- []), 
DCondition(X1, has_text, be, propriedades= [] --- [has_name, has_text, who]), 
DCondition(X2, has_text, which, propriedades= [] --- [has_name, has_text, who]), 
DCondition(X5, has_text, Mosquito Lamp, propriedades= [] --- [has_name, has_text, who]), 
DCondition(X4, has_text, creator, propriedades= [] --- [has_name, has_text, who]), 
DCondition(X3, has_text, nationality, propriedades= [] --- [has_name, has_text, who]), 
DCondition(X2, has_name, null list, propriedades= [] --- [has_name, has_text, who]), 
DCondition(X1, obj, X2, propriedades= [qQualifier] --- [])]
 solu��es = []
 numeroFrase = 0
 numHasNames = 2
 numIndividuals = 5
 numEntitiesOk = 10
 numIsClass = 0
 numPropsOk = 5
 numEntitiesNOk = 0
 numClassesOk = 4]"," PREFIX rdf: <http://www.w3.org/1999/02/22-rdf-syntax-ns#> PREFIX xsd: <http://www.w3.org/2001/XMLSchema#> PREFIX rdfs: <http://www.w3.org/2000/01/rdf-schema#> PREFIX cidoc: <http://www.cidoc-crm.org/cidoc-crm/> SELECT  DISTINCT  ?snameConceptArtist5 ?ConceptArtist5 ?snameArtefact3 ?Artefact3 WHERE { {{?Artefact3 cidoc:P131_is_identified_by ?nameArtefact3 . ?nameArtefact3 rdf:value ?snameArtefact3 .}  UNION {?Artefact3 rdfs:label ?snameArtefact3 .}}  filter(regex(?snameArtefact3,""Mosquito Lamp"",""i"")) . ?prod cidoc:P14_carried_out_by ?Artist4 . ?Artefact3 cidoc:P108i_was_produced_by ?prod . ?Artist4 rdfs:label ?snameArtist4 . ?Artist4 cidoc:P107i_is_current_or_former_member_of ?ConceptArtist5. ?ConceptArtist5 rdfs:label ?snameConceptArtist5. }",true
271,Which is the nationality of the creator of Mother Leopard?," X1-be-is-null,X2-which-Which-null,X5-mother Leopard-Mother Leopard-null,X4-creator-creator-the,X3-nationality-nationality-the, X1-subj-X2,X5-has_name-mother Leopard,X4-of-X5,X3-of-X4,X1-obj-X3, X1-be-is-null,X2-which-Which-null,X3-nationality-nationality-the,X5-mother Leopard-Mother Leopard-null,X4-creator-creator-the, X1-subj-X2,X1-obj-X3,X5-has_name-mother Leopard,X4-of-X5,X1-obl_of-X4, X1-be-is-null,X2-which-Which-null,X3-nationality-nationality-the,X4-creator-creator-the,X5-mother Leopard-Mother Leopard-null, X1-subj-X2,X1-obj-X3,X1-obl_of-X4,X5-has_name-mother Leopard,X1-obl_of-X5, X1-be-is-null,X2-which-Which-null,X4-creator-creator-the,X5-mother Leopard-Mother Leopard-null,X3-nationality-nationality-the, X1-subj-X2,X3-of-X4,X5-has_name-mother Leopard,X3-of-X5,X1-obj-X3, X1-be-is-null,X2-which-Which-null,X4-mother Leopard-Mother Leopard-null,X3-nationality-nationality-the,X5-creator-creator-the, X1-subj-X2,X4-has_name-mother Leopard,X3-of-X4,X1-obj-X3,X1-obl_of-X5, X1-be-is-null,X2-which-Which-null,X4-creator-creator-the,X3-nationality-nationality-the,X5-mother Leopard-Mother Leopard-null, X1-subj-X2,X3-of-X4,X1-obj-X3,X5-has_name-mother Leopard,X1-obl_of-X5,","Drs [
 tokens=[],
 dEntities=[
DEntity(X1, be, is, VERB, null, false, Query1, Query), 
DEntity(X2, which, Which, PRON, null, false, Qualifier2, Qualifier), 
DEntity(X5, mother Leopard, Mother Leopard, PROPN, null, false, Artefact3, Artefact), 
DEntity(X4, creator, creator, NOUN, the, false, Artist4, Artist), 
DEntity(X3, nationality, nationality, NOUN, the, false, ConceptArtist5, ConceptArtist)],
 dConditions=[
DCondition(X1, subj, X2, propriedades= [qQualifier] --- []), 
DCondition(X5, has_name, mother Leopard, propriedades= [] --- [has_name, has_text, who]), 
DCondition(X4, of, X5, propriedades= [author_of] --- []), 
DCondition(X3, of, X4, propriedades= [conc_of_Artist] --- []), 
DCondition(X1, obj, X3, propriedades= [select] --- []), 
DCondition(X1, has_text, be, propriedades= [] --- [has_name, has_text, who]), 
DCondition(X2, has_text, which, propriedades= [] --- [has_name, has_text, who]), 
DCondition(X5, has_text, mother Leopard, propriedades= [] --- [has_name, has_text, who]), 
DCondition(X4, has_text, creator, propriedades= [] --- [has_name, has_text, who]), 
DCondition(X3, has_text, nationality, propriedades= [] --- [has_name, has_text, who]), 
DCondition(X2, has_name, null list, propriedades= [] --- [has_name, has_text, who]), 
DCondition(X1, obj, X2, propriedades= [qQualifier] --- [])]
 solu��es = []
 numeroFrase = 0
 numHasNames = 2
 numIndividuals = 5
 numEntitiesOk = 10
 numIsClass = 0
 numPropsOk = 5
 numEntitiesNOk = 0
 numClassesOk = 4]"," PREFIX rdf: <http://www.w3.org/1999/02/22-rdf-syntax-ns#> PREFIX xsd: <http://www.w3.org/2001/XMLSchema#> PREFIX rdfs: <http://www.w3.org/2000/01/rdf-schema#> PREFIX cidoc: <http://www.cidoc-crm.org/cidoc-crm/> SELECT  DISTINCT  ?snameConceptArtist5 ?ConceptArtist5 ?snameArtefact3 ?Artefact3 WHERE { {{?Artefact3 cidoc:P131_is_identified_by ?nameArtefact3 . ?nameArtefact3 rdf:value ?snameArtefact3 .}  UNION {?Artefact3 rdfs:label ?snameArtefact3 .}}  filter(regex(?snameArtefact3,""mother Leopard"",""i"")) . ?prod cidoc:P14_carried_out_by ?Artist4 . ?Artefact3 cidoc:P108i_was_produced_by ?prod . ?Artist4 rdfs:label ?snameArtist4 . ?Artist4 cidoc:P107i_is_current_or_former_member_of ?ConceptArtist5. ?ConceptArtist5 rdfs:label ?snameConceptArtist5. }",true
272,Which is the nationality of the creator of Mothers of Jazz?," X1-be-is-null,X2-which-Which-null,X6-Jazz-Jazz-null,X5-Mother-Mothers-null,X4-creator-creator-the,X3-nationality-nationality-the, X1-subj-X2,X6-has_name-Jazz,X5-of-X6,X5-has_name-Mother,X4-of-X5,X3-of-X4,X1-obj-X3, X1-be-is-null,X2-which-Which-null,X3-nationality-nationality-the,X6-Jazz-Jazz-null,X5-Mother-Mothers-null,X4-creator-creator-the, X1-subj-X2,X1-obj-X3,X6-has_name-Jazz,X5-of-X6,X5-has_name-Mother,X4-of-X5,X1-obl_of-X4, X1-be-is-null,X2-which-Which-null,X3-nationality-nationality-the,X4-creator-creator-the,X6-Jazz-Jazz-null,X5-Mother-Mothers-null, X1-subj-X2,X1-obj-X3,X1-obl_of-X4,X6-has_name-Jazz,X5-of-X6,X5-has_name-Mother,X1-obl_of-X5, X1-be-is-null,X2-which-Which-null,X3-nationality-nationality-the,X4-creator-creator-the,X5-Mother-Mothers-null,X6-Jazz-Jazz-null, X1-subj-X2,X1-obj-X3,X1-obl_of-X4,X5-has_name-Mother,X1-obl_of-X5,X6-has_name-Jazz,X1-obl_of-X6, X1-be-is-null,X2-which-Which-null,X3-nationality-nationality-the,X5-Mother-Mothers-null,X6-Jazz-Jazz-null,X4-creator-creator-the, X1-subj-X2,X1-obj-X3,X5-has_name-Mother,X4-of-X5,X6-has_name-Jazz,X4-of-X6,X1-obl_of-X4, X1-be-is-null,X2-which-Which-null,X4-creator-creator-the,X6-Jazz-Jazz-null,X5-Mother-Mothers-null,X3-nationality-nationality-the, X1-subj-X2,X3-of-X4,X6-has_name-Jazz,X5-of-X6,X5-has_name-Mother,X3-of-X5,X1-obj-X3, X1-be-is-null,X2-which-Which-null,X5-Jazz-Jazz-null,X4-Mother-Mothers-null,X3-nationality-nationality-the,X6-creator-creator-the, X1-subj-X2,X5-has_name-Jazz,X4-of-X5,X4-has_name-Mother,X3-of-X4,X1-obj-X3,X1-obl_of-X6, X1-be-is-null,X2-which-Which-null,X4-creator-creator-the,X3-nationality-nationality-the,X6-Jazz-Jazz-null,X5-Mother-Mothers-null, X1-subj-X2,X3-of-X4,X1-obj-X3,X6-has_name-Jazz,X5-of-X6,X5-has_name-Mother,X1-obl_of-X5, X1-be-is-null,X2-which-Which-null,X4-creator-creator-the,X5-Mother-Mothers-null,X6-Jazz-Jazz-null,X3-nationality-nationality-the, X1-subj-X2,X3-of-X4,X5-has_name-Mother,X3-of-X5,X6-has_name-Jazz,X3-of-X6,X1-obj-X3, X1-be-is-null,X2-which-Which-null,X5-Mother-Mothers-null,X6-Jazz-Jazz-null,X4-creator-creator-the,X3-nationality-nationality-the, X1-subj-X2,X5-has_name-Mother,X4-of-X5,X6-has_name-Jazz,X4-of-X6,X3-of-X4,X1-obj-X3,",Incorrect partial DRS,null,null
273,Which is the nationality of the creator of Mount Chocorua?," X1-be-is-null,X2-which-Which-null,X5-Mount Chocorua-Mount-null,X4-creator-creator-the,X3-nationality-nationality-the, X1-subj-X2,X5-has_name-Mount Chocorua,X4-of-X5,X3-of-X4,X1-obj-X3, X1-be-is-null,X2-which-Which-null,X3-nationality-nationality-the,X5-Mount Chocorua-Mount-null,X4-creator-creator-the, X1-subj-X2,X1-obj-X3,X5-has_name-Mount Chocorua,X4-of-X5,X1-obl_of-X4, X1-be-is-null,X2-which-Which-null,X3-nationality-nationality-the,X4-creator-creator-the,X5-Mount Chocorua-Mount-null, X1-subj-X2,X1-obj-X3,X1-obl_of-X4,X5-has_name-Mount Chocorua,X1-obl_of-X5, X1-be-is-null,X2-which-Which-null,X4-creator-creator-the,X5-Mount Chocorua-Mount-null,X3-nationality-nationality-the, X1-subj-X2,X3-of-X4,X5-has_name-Mount Chocorua,X3-of-X5,X1-obj-X3, X1-be-is-null,X2-which-Which-null,X4-Mount Chocorua-Mount-null,X3-nationality-nationality-the,X5-creator-creator-the, X1-subj-X2,X4-has_name-Mount Chocorua,X3-of-X4,X1-obj-X3,X1-obl_of-X5, X1-be-is-null,X2-which-Which-null,X4-creator-creator-the,X3-nationality-nationality-the,X5-Mount Chocorua-Mount-null, X1-subj-X2,X3-of-X4,X1-obj-X3,X5-has_name-Mount Chocorua,X1-obl_of-X5,","Drs [
 tokens=[],
 dEntities=[
DEntity(X1, be, is, VERB, null, false, Query1, Query), 
DEntity(X2, which, Which, PRON, null, false, Qualifier2, Qualifier), 
DEntity(X5, Mount Chocorua, Mount, PROPN, null, false, Artefact3, Artefact), 
DEntity(X4, creator, creator, NOUN, the, false, Artist4, Artist), 
DEntity(X3, nationality, nationality, NOUN, the, false, ConceptArtist5, ConceptArtist)],
 dConditions=[
DCondition(X1, subj, X2, propriedades= [qQualifier] --- []), 
DCondition(X5, has_name, Mount Chocorua, propriedades= [] --- [has_name, has_text, who]), 
DCondition(X4, of, X5, propriedades= [author_of] --- []), 
DCondition(X3, of, X4, propriedades= [conc_of_Artist] --- []), 
DCondition(X1, obj, X3, propriedades= [select] --- []), 
DCondition(X1, has_text, be, propriedades= [] --- [has_name, has_text, who]), 
DCondition(X2, has_text, which, propriedades= [] --- [has_name, has_text, who]), 
DCondition(X5, has_text, Mount Chocorua, propriedades= [] --- [has_name, has_text, who]), 
DCondition(X4, has_text, creator, propriedades= [] --- [has_name, has_text, who]), 
DCondition(X3, has_text, nationality, propriedades= [] --- [has_name, has_text, who]), 
DCondition(X2, has_name, null list, propriedades= [] --- [has_name, has_text, who]), 
DCondition(X1, obj, X2, propriedades= [qQualifier] --- [])]
 solu��es = []
 numeroFrase = 0
 numHasNames = 2
 numIndividuals = 5
 numEntitiesOk = 10
 numIsClass = 0
 numPropsOk = 5
 numEntitiesNOk = 0
 numClassesOk = 4]"," PREFIX rdf: <http://www.w3.org/1999/02/22-rdf-syntax-ns#> PREFIX xsd: <http://www.w3.org/2001/XMLSchema#> PREFIX rdfs: <http://www.w3.org/2000/01/rdf-schema#> PREFIX cidoc: <http://www.cidoc-crm.org/cidoc-crm/> SELECT  DISTINCT  ?snameConceptArtist5 ?ConceptArtist5 ?snameArtefact3 ?Artefact3 WHERE { {{?Artefact3 cidoc:P131_is_identified_by ?nameArtefact3 . ?nameArtefact3 rdf:value ?snameArtefact3 .}  UNION {?Artefact3 rdfs:label ?snameArtefact3 .}}  filter(regex(?snameArtefact3,""Mount Chocorua"",""i"")) . ?prod cidoc:P14_carried_out_by ?Artist4 . ?Artefact3 cidoc:P108i_was_produced_by ?prod . ?Artist4 rdfs:label ?snameArtist4 . ?Artist4 cidoc:P107i_is_current_or_former_member_of ?ConceptArtist5. ?ConceptArtist5 rdfs:label ?snameConceptArtist5. }",true
274,Which is the nationality of the creator of Mount Orizaba?," X1-be-is-null,X2-which-Which-null,X5-Mount Orizaba-Mount-null,X4-creator-creator-the,X3-nationality-nationality-the, X1-subj-X2,X5-has_name-Mount Orizaba,X4-of-X5,X3-of-X4,X1-obj-X3, X1-be-is-null,X2-which-Which-null,X3-nationality-nationality-the,X5-Mount Orizaba-Mount-null,X4-creator-creator-the, X1-subj-X2,X1-obj-X3,X5-has_name-Mount Orizaba,X4-of-X5,X1-obl_of-X4, X1-be-is-null,X2-which-Which-null,X3-nationality-nationality-the,X4-creator-creator-the,X5-Mount Orizaba-Mount-null, X1-subj-X2,X1-obj-X3,X1-obl_of-X4,X5-has_name-Mount Orizaba,X1-obl_of-X5, X1-be-is-null,X2-which-Which-null,X4-creator-creator-the,X5-Mount Orizaba-Mount-null,X3-nationality-nationality-the, X1-subj-X2,X3-of-X4,X5-has_name-Mount Orizaba,X3-of-X5,X1-obj-X3, X1-be-is-null,X2-which-Which-null,X4-Mount Orizaba-Mount-null,X3-nationality-nationality-the,X5-creator-creator-the, X1-subj-X2,X4-has_name-Mount Orizaba,X3-of-X4,X1-obj-X3,X1-obl_of-X5, X1-be-is-null,X2-which-Which-null,X4-creator-creator-the,X3-nationality-nationality-the,X5-Mount Orizaba-Mount-null, X1-subj-X2,X3-of-X4,X1-obj-X3,X5-has_name-Mount Orizaba,X1-obl_of-X5,","Drs [
 tokens=[],
 dEntities=[
DEntity(X1, be, is, VERB, null, false, Query1, Query), 
DEntity(X2, which, Which, PRON, null, false, Qualifier2, Qualifier), 
DEntity(X5, Mount Orizaba, Mount, PROPN, null, false, Artefact3, Artefact), 
DEntity(X4, creator, creator, NOUN, the, false, Artist4, Artist), 
DEntity(X3, nationality, nationality, NOUN, the, false, ConceptArtist5, ConceptArtist)],
 dConditions=[
DCondition(X1, subj, X2, propriedades= [qQualifier] --- []), 
DCondition(X5, has_name, Mount Orizaba, propriedades= [] --- [has_name, has_text, who]), 
DCondition(X4, of, X5, propriedades= [author_of] --- []), 
DCondition(X3, of, X4, propriedades= [conc_of_Artist] --- []), 
DCondition(X1, obj, X3, propriedades= [select] --- []), 
DCondition(X1, has_text, be, propriedades= [] --- [has_name, has_text, who]), 
DCondition(X2, has_text, which, propriedades= [] --- [has_name, has_text, who]), 
DCondition(X5, has_text, Mount Orizaba, propriedades= [] --- [has_name, has_text, who]), 
DCondition(X4, has_text, creator, propriedades= [] --- [has_name, has_text, who]), 
DCondition(X3, has_text, nationality, propriedades= [] --- [has_name, has_text, who]), 
DCondition(X2, has_name, null list, propriedades= [] --- [has_name, has_text, who]), 
DCondition(X1, obj, X2, propriedades= [qQualifier] --- [])]
 solu��es = []
 numeroFrase = 0
 numHasNames = 2
 numIndividuals = 5
 numEntitiesOk = 10
 numIsClass = 0
 numPropsOk = 5
 numEntitiesNOk = 0
 numClassesOk = 4]"," PREFIX rdf: <http://www.w3.org/1999/02/22-rdf-syntax-ns#> PREFIX xsd: <http://www.w3.org/2001/XMLSchema#> PREFIX rdfs: <http://www.w3.org/2000/01/rdf-schema#> PREFIX cidoc: <http://www.cidoc-crm.org/cidoc-crm/> SELECT  DISTINCT  ?snameConceptArtist5 ?ConceptArtist5 ?snameArtefact3 ?Artefact3 WHERE { {{?Artefact3 cidoc:P131_is_identified_by ?nameArtefact3 . ?nameArtefact3 rdf:value ?snameArtefact3 .}  UNION {?Artefact3 rdfs:label ?snameArtefact3 .}}  filter(regex(?snameArtefact3,""Mount Orizaba"",""i"")) . ?prod cidoc:P14_carried_out_by ?Artist4 . ?Artefact3 cidoc:P108i_was_produced_by ?prod . ?Artist4 rdfs:label ?snameArtist4 . ?Artist4 cidoc:P107i_is_current_or_former_member_of ?ConceptArtist5. ?ConceptArtist5 rdfs:label ?snameConceptArtist5. }",true
275,Which is the nationality of the creator of Mouth of the Arno?," X1-be-is-null,X2-which-Which-null,X6-Arno-Arno-the,X5-Mouth-Mouth-null,X4-creator-creator-the,X3-nationality-nationality-the, X1-subj-X2,X6-has_name-Arno,X5-of-X6,X5-has_name-Mouth,X4-of-X5,X3-of-X4,X1-obj-X3, X1-be-is-null,X2-which-Which-null,X3-nationality-nationality-the,X6-Arno-Arno-the,X5-Mouth-Mouth-null,X4-creator-creator-the, X1-subj-X2,X1-obj-X3,X6-has_name-Arno,X5-of-X6,X5-has_name-Mouth,X4-of-X5,X1-obl_of-X4, X1-be-is-null,X2-which-Which-null,X3-nationality-nationality-the,X4-creator-creator-the,X6-Arno-Arno-the,X5-Mouth-Mouth-null, X1-subj-X2,X1-obj-X3,X1-obl_of-X4,X6-has_name-Arno,X5-of-X6,X5-has_name-Mouth,X1-obl_of-X5, X1-be-is-null,X2-which-Which-null,X3-nationality-nationality-the,X4-creator-creator-the,X5-Mouth-Mouth-null,X6-Arno-Arno-the, X1-subj-X2,X1-obj-X3,X1-obl_of-X4,X5-has_name-Mouth,X1-obl_of-X5,X6-has_name-Arno,X1-obl_of-X6, X1-be-is-null,X2-which-Which-null,X3-nationality-nationality-the,X5-Mouth-Mouth-null,X6-Arno-Arno-the,X4-creator-creator-the, X1-subj-X2,X1-obj-X3,X5-has_name-Mouth,X4-of-X5,X6-has_name-Arno,X4-of-X6,X1-obl_of-X4, X1-be-is-null,X2-which-Which-null,X4-creator-creator-the,X6-Arno-Arno-the,X5-Mouth-Mouth-null,X3-nationality-nationality-the, X1-subj-X2,X3-of-X4,X6-has_name-Arno,X5-of-X6,X5-has_name-Mouth,X3-of-X5,X1-obj-X3, X1-be-is-null,X2-which-Which-null,X5-Arno-Arno-the,X4-Mouth-Mouth-null,X3-nationality-nationality-the,X6-creator-creator-the, X1-subj-X2,X5-has_name-Arno,X4-of-X5,X4-has_name-Mouth,X3-of-X4,X1-obj-X3,X1-obl_of-X6, X1-be-is-null,X2-which-Which-null,X4-creator-creator-the,X3-nationality-nationality-the,X6-Arno-Arno-the,X5-Mouth-Mouth-null, X1-subj-X2,X3-of-X4,X1-obj-X3,X6-has_name-Arno,X5-of-X6,X5-has_name-Mouth,X1-obl_of-X5, X1-be-is-null,X2-which-Which-null,X4-creator-creator-the,X5-Mouth-Mouth-null,X6-Arno-Arno-the,X3-nationality-nationality-the, X1-subj-X2,X3-of-X4,X5-has_name-Mouth,X3-of-X5,X6-has_name-Arno,X3-of-X6,X1-obj-X3, X1-be-is-null,X2-which-Which-null,X5-Mouth-Mouth-null,X6-Arno-Arno-the,X4-creator-creator-the,X3-nationality-nationality-the, X1-subj-X2,X5-has_name-Mouth,X4-of-X5,X6-has_name-Arno,X4-of-X6,X3-of-X4,X1-obj-X3,",Incorrect partial DRS,null,null
276,Which is the nationality of the creator of Mouth of the Arno?," X1-be-is-null,X2-which-Which-null,X6-Arno-Arno-the,X5-Mouth-Mouth-null,X4-creator-creator-the,X3-nationality-nationality-the, X1-subj-X2,X6-has_name-Arno,X5-of-X6,X5-has_name-Mouth,X4-of-X5,X3-of-X4,X1-obj-X3, X1-be-is-null,X2-which-Which-null,X3-nationality-nationality-the,X6-Arno-Arno-the,X5-Mouth-Mouth-null,X4-creator-creator-the, X1-subj-X2,X1-obj-X3,X6-has_name-Arno,X5-of-X6,X5-has_name-Mouth,X4-of-X5,X1-obl_of-X4, X1-be-is-null,X2-which-Which-null,X3-nationality-nationality-the,X4-creator-creator-the,X6-Arno-Arno-the,X5-Mouth-Mouth-null, X1-subj-X2,X1-obj-X3,X1-obl_of-X4,X6-has_name-Arno,X5-of-X6,X5-has_name-Mouth,X1-obl_of-X5, X1-be-is-null,X2-which-Which-null,X3-nationality-nationality-the,X4-creator-creator-the,X5-Mouth-Mouth-null,X6-Arno-Arno-the, X1-subj-X2,X1-obj-X3,X1-obl_of-X4,X5-has_name-Mouth,X1-obl_of-X5,X6-has_name-Arno,X1-obl_of-X6, X1-be-is-null,X2-which-Which-null,X3-nationality-nationality-the,X5-Mouth-Mouth-null,X6-Arno-Arno-the,X4-creator-creator-the, X1-subj-X2,X1-obj-X3,X5-has_name-Mouth,X4-of-X5,X6-has_name-Arno,X4-of-X6,X1-obl_of-X4, X1-be-is-null,X2-which-Which-null,X4-creator-creator-the,X6-Arno-Arno-the,X5-Mouth-Mouth-null,X3-nationality-nationality-the, X1-subj-X2,X3-of-X4,X6-has_name-Arno,X5-of-X6,X5-has_name-Mouth,X3-of-X5,X1-obj-X3, X1-be-is-null,X2-which-Which-null,X5-Arno-Arno-the,X4-Mouth-Mouth-null,X3-nationality-nationality-the,X6-creator-creator-the, X1-subj-X2,X5-has_name-Arno,X4-of-X5,X4-has_name-Mouth,X3-of-X4,X1-obj-X3,X1-obl_of-X6, X1-be-is-null,X2-which-Which-null,X4-creator-creator-the,X3-nationality-nationality-the,X6-Arno-Arno-the,X5-Mouth-Mouth-null, X1-subj-X2,X3-of-X4,X1-obj-X3,X6-has_name-Arno,X5-of-X6,X5-has_name-Mouth,X1-obl_of-X5, X1-be-is-null,X2-which-Which-null,X4-creator-creator-the,X5-Mouth-Mouth-null,X6-Arno-Arno-the,X3-nationality-nationality-the, X1-subj-X2,X3-of-X4,X5-has_name-Mouth,X3-of-X5,X6-has_name-Arno,X3-of-X6,X1-obj-X3, X1-be-is-null,X2-which-Which-null,X5-Mouth-Mouth-null,X6-Arno-Arno-the,X4-creator-creator-the,X3-nationality-nationality-the, X1-subj-X2,X5-has_name-Mouth,X4-of-X5,X6-has_name-Arno,X4-of-X6,X3-of-X4,X1-obj-X3,",Incorrect partial DRS,null,null
277,Which is the nationality of the creator of Mrs. James Greenleaf?," X1-be-is-null,X2-which-Which-null,X5-Mrs. James Greenleaf-Mrs.-null,X4-creator-creator-the,X3-nationality-nationality-the, X1-subj-X2,X5-has_name-Mrs. James Greenleaf,X4-of-X5,X3-of-X4,X1-obj-X3, X1-be-is-null,X2-which-Which-null,X3-nationality-nationality-the,X5-Mrs. James Greenleaf-Mrs.-null,X4-creator-creator-the, X1-subj-X2,X1-obj-X3,X5-has_name-Mrs. James Greenleaf,X4-of-X5,X1-obl_of-X4, X1-be-is-null,X2-which-Which-null,X3-nationality-nationality-the,X4-creator-creator-the,X5-Mrs. James Greenleaf-Mrs.-null, X1-subj-X2,X1-obj-X3,X1-obl_of-X4,X5-has_name-Mrs. James Greenleaf,X1-obl_of-X5, X1-be-is-null,X2-which-Which-null,X4-creator-creator-the,X5-Mrs. James Greenleaf-Mrs.-null,X3-nationality-nationality-the, X1-subj-X2,X3-of-X4,X5-has_name-Mrs. James Greenleaf,X3-of-X5,X1-obj-X3, X1-be-is-null,X2-which-Which-null,X4-Mrs. James Greenleaf-Mrs.-null,X3-nationality-nationality-the,X5-creator-creator-the, X1-subj-X2,X4-has_name-Mrs. James Greenleaf,X3-of-X4,X1-obj-X3,X1-obl_of-X5, X1-be-is-null,X2-which-Which-null,X4-creator-creator-the,X3-nationality-nationality-the,X5-Mrs. James Greenleaf-Mrs.-null, X1-subj-X2,X3-of-X4,X1-obj-X3,X5-has_name-Mrs. James Greenleaf,X1-obl_of-X5,","Drs [
 tokens=[],
 dEntities=[
DEntity(X1, be, is, VERB, null, false, Query1, Query), 
DEntity(X2, which, Which, PRON, null, false, Qualifier2, Qualifier), 
DEntity(X5, Mrs. James Greenleaf, Mrs., PROPN, null, false, Artefact3, Artefact), 
DEntity(X4, creator, creator, NOUN, the, false, Artist4, Artist), 
DEntity(X3, nationality, nationality, NOUN, the, false, ConceptArtist5, ConceptArtist)],
 dConditions=[
DCondition(X1, subj, X2, propriedades= [qQualifier] --- []), 
DCondition(X5, has_name, Mrs. James Greenleaf, propriedades= [] --- [has_name, has_text, who]), 
DCondition(X4, of, X5, propriedades= [author_of] --- []), 
DCondition(X3, of, X4, propriedades= [conc_of_Artist] --- []), 
DCondition(X1, obj, X3, propriedades= [select] --- []), 
DCondition(X1, has_text, be, propriedades= [] --- [has_name, has_text, who]), 
DCondition(X2, has_text, which, propriedades= [] --- [has_name, has_text, who]), 
DCondition(X5, has_text, Mrs. James Greenleaf, propriedades= [] --- [has_name, has_text, who]), 
DCondition(X4, has_text, creator, propriedades= [] --- [has_name, has_text, who]), 
DCondition(X3, has_text, nationality, propriedades= [] --- [has_name, has_text, who]), 
DCondition(X2, has_name, null list, propriedades= [] --- [has_name, has_text, who]), 
DCondition(X1, obj, X2, propriedades= [qQualifier] --- [])]
 solu��es = []
 numeroFrase = 0
 numHasNames = 2
 numIndividuals = 5
 numEntitiesOk = 10
 numIsClass = 0
 numPropsOk = 5
 numEntitiesNOk = 0
 numClassesOk = 4]"," PREFIX rdf: <http://www.w3.org/1999/02/22-rdf-syntax-ns#> PREFIX xsd: <http://www.w3.org/2001/XMLSchema#> PREFIX rdfs: <http://www.w3.org/2000/01/rdf-schema#> PREFIX cidoc: <http://www.cidoc-crm.org/cidoc-crm/> SELECT  DISTINCT  ?snameConceptArtist5 ?ConceptArtist5 ?snameArtefact3 ?Artefact3 WHERE { {{?Artefact3 cidoc:P131_is_identified_by ?nameArtefact3 . ?nameArtefact3 rdf:value ?snameArtefact3 .}  UNION {?Artefact3 rdfs:label ?snameArtefact3 .}}  filter(regex(?snameArtefact3,""Mrs\\. James Greenleaf"",""i"")) . ?prod cidoc:P14_carried_out_by ?Artist4 . ?Artefact3 cidoc:P108i_was_produced_by ?prod . ?Artist4 rdfs:label ?snameArtist4 . ?Artist4 cidoc:P107i_is_current_or_former_member_of ?ConceptArtist5. ?ConceptArtist5 rdfs:label ?snameConceptArtist5. }",true
278,Which is the nationality of the creator of Mt. Rushmore?," X1-be-is-null,X2-which-Which-null,X5-Mt. Rushmore-Mt.-null,X4-creator-creator-the,X3-nationality-nationality-the, X1-subj-X2,X5-has_name-Mt. Rushmore,X4-of-X5,X3-of-X4,X1-obj-X3, X1-be-is-null,X2-which-Which-null,X3-nationality-nationality-the,X5-Mt. Rushmore-Mt.-null,X4-creator-creator-the, X1-subj-X2,X1-obj-X3,X5-has_name-Mt. Rushmore,X4-of-X5,X1-obl_of-X4, X1-be-is-null,X2-which-Which-null,X3-nationality-nationality-the,X4-creator-creator-the,X5-Mt. Rushmore-Mt.-null, X1-subj-X2,X1-obj-X3,X1-obl_of-X4,X5-has_name-Mt. Rushmore,X1-obl_of-X5, X1-be-is-null,X2-which-Which-null,X4-creator-creator-the,X5-Mt. Rushmore-Mt.-null,X3-nationality-nationality-the, X1-subj-X2,X3-of-X4,X5-has_name-Mt. Rushmore,X3-of-X5,X1-obj-X3, X1-be-is-null,X2-which-Which-null,X4-Mt. Rushmore-Mt.-null,X3-nationality-nationality-the,X5-creator-creator-the, X1-subj-X2,X4-has_name-Mt. Rushmore,X3-of-X4,X1-obj-X3,X1-obl_of-X5, X1-be-is-null,X2-which-Which-null,X4-creator-creator-the,X3-nationality-nationality-the,X5-Mt. Rushmore-Mt.-null, X1-subj-X2,X3-of-X4,X1-obj-X3,X5-has_name-Mt. Rushmore,X1-obl_of-X5,","Drs [
 tokens=[],
 dEntities=[
DEntity(X1, be, is, VERB, null, false, Query1, Query), 
DEntity(X2, which, Which, PRON, null, false, Qualifier2, Qualifier), 
DEntity(X5, Mt. Rushmore, Mt., PROPN, null, false, Artefact3, Artefact), 
DEntity(X4, creator, creator, NOUN, the, false, Artist4, Artist), 
DEntity(X3, nationality, nationality, NOUN, the, false, ConceptArtist5, ConceptArtist)],
 dConditions=[
DCondition(X1, subj, X2, propriedades= [qQualifier] --- []), 
DCondition(X5, has_name, Mt. Rushmore, propriedades= [] --- [has_name, has_text, who]), 
DCondition(X4, of, X5, propriedades= [author_of] --- []), 
DCondition(X3, of, X4, propriedades= [conc_of_Artist] --- []), 
DCondition(X1, obj, X3, propriedades= [select] --- []), 
DCondition(X1, has_text, be, propriedades= [] --- [has_name, has_text, who]), 
DCondition(X2, has_text, which, propriedades= [] --- [has_name, has_text, who]), 
DCondition(X5, has_text, Mt. Rushmore, propriedades= [] --- [has_name, has_text, who]), 
DCondition(X4, has_text, creator, propriedades= [] --- [has_name, has_text, who]), 
DCondition(X3, has_text, nationality, propriedades= [] --- [has_name, has_text, who]), 
DCondition(X2, has_name, null list, propriedades= [] --- [has_name, has_text, who]), 
DCondition(X1, obj, X2, propriedades= [qQualifier] --- [])]
 solu��es = []
 numeroFrase = 0
 numHasNames = 2
 numIndividuals = 5
 numEntitiesOk = 10
 numIsClass = 0
 numPropsOk = 5
 numEntitiesNOk = 0
 numClassesOk = 4]"," PREFIX rdf: <http://www.w3.org/1999/02/22-rdf-syntax-ns#> PREFIX xsd: <http://www.w3.org/2001/XMLSchema#> PREFIX rdfs: <http://www.w3.org/2000/01/rdf-schema#> PREFIX cidoc: <http://www.cidoc-crm.org/cidoc-crm/> SELECT  DISTINCT  ?snameConceptArtist5 ?ConceptArtist5 ?snameArtefact3 ?Artefact3 WHERE { {{?Artefact3 cidoc:P131_is_identified_by ?nameArtefact3 . ?nameArtefact3 rdf:value ?snameArtefact3 .}  UNION {?Artefact3 rdfs:label ?snameArtefact3 .}}  filter(regex(?snameArtefact3,""Mt\\. Rushmore"",""i"")) . ?prod cidoc:P14_carried_out_by ?Artist4 . ?Artefact3 cidoc:P108i_was_produced_by ?prod . ?Artist4 rdfs:label ?snameArtist4 . ?Artist4 cidoc:P107i_is_current_or_former_member_of ?ConceptArtist5. ?ConceptArtist5 rdfs:label ?snameConceptArtist5. }",true
279,Which is the nationality of the creator of My Body Sees You?," X1-be-is-null,X2-which-Which-null,X6-my-My-null,X5-Body-Body-null,X4-creator-creator-the,X3-nationality-nationality-the,X7-see-Sees-null,X8-you-You-null, X1-subj-X2,X5-has_name-Body,X4-of-X5,X3-of-X4,X1-obj-X3,X7-obj-X8, X1-be-is-null,X2-which-Which-null,X3-nationality-nationality-the,X6-my-My-null,X5-Body-Body-null,X4-creator-creator-the,X7-see-Sees-null,X8-you-You-null, X1-subj-X2,X1-obj-X3,X5-has_name-Body,X4-of-X5,X1-obl_of-X4,X7-obj-X8,X1-obl-X4, X1-be-is-null,X2-which-Which-null,X3-nationality-nationality-the,X4-creator-creator-the,X6-my-My-null,X5-Body-Body-null,X7-see-Sees-null,X8-you-You-null, X1-subj-X2,X1-obj-X3,X1-obl_of-X4,X5-has_name-Body,X1-obl_of-X5,X7-obj-X8,X1-obl-X5, X1-be-is-null,X2-which-Which-null,X4-creator-creator-the,X6-my-My-null,X5-Body-Body-null,X3-nationality-nationality-the,X7-see-Sees-null,X8-you-You-null, X1-subj-X2,X3-of-X4,X5-has_name-Body,X3-of-X5,X1-obj-X3,X7-obj-X8, X1-be-is-null,X2-which-Which-null,X5-my-My-null,X4-Body-Body-null,X3-nationality-nationality-the,X6-creator-creator-the,X7-see-Sees-null,X8-you-You-null, X1-subj-X2,X4-has_name-Body,X3-of-X4,X1-obj-X3,X1-obl_of-X6,X7-obj-X8, X1-be-is-null,X2-which-Which-null,X4-creator-creator-the,X3-nationality-nationality-the,X6-my-My-null,X5-Body-Body-null,X7-see-Sees-null,X8-you-You-null, X1-subj-X2,X3-of-X4,X1-obj-X3,X5-has_name-Body,X1-obl_of-X5,X7-obj-X8,X1-obl-X5,",Incorrect partial DRS,null,null
280,Which is the nationality of the creator of My Heavens!?," X1-be-is-null,X2-which-Which-null,X6-my-My-null,X5-Heavens-Heavens-null,X4-creator-creator-the,X3-nationality-nationality-the, X1-subj-X2,X5-has_name-Heavens,X4-of-X5,X3-of-X4,X1-obj-X3, X1-be-is-null,X2-which-Which-null,X3-nationality-nationality-the,X6-my-My-null,X5-Heavens-Heavens-null,X4-creator-creator-the, X1-subj-X2,X1-obj-X3,X5-has_name-Heavens,X4-of-X5,X1-obl_of-X4,X1-obl-X4, X1-be-is-null,X2-which-Which-null,X3-nationality-nationality-the,X4-creator-creator-the,X6-my-My-null,X5-Heavens-Heavens-null, X1-subj-X2,X1-obj-X3,X1-obl_of-X4,X5-has_name-Heavens,X1-obl_of-X5,X1-obl-X5, X1-be-is-null,X2-which-Which-null,X4-creator-creator-the,X6-my-My-null,X5-Heavens-Heavens-null,X3-nationality-nationality-the, X1-subj-X2,X3-of-X4,X5-has_name-Heavens,X3-of-X5,X1-obj-X3, X1-be-is-null,X2-which-Which-null,X5-my-My-null,X4-Heavens-Heavens-null,X3-nationality-nationality-the,X6-creator-creator-the, X1-subj-X2,X4-has_name-Heavens,X3-of-X4,X1-obj-X3,X1-obl_of-X6, X1-be-is-null,X2-which-Which-null,X4-creator-creator-the,X3-nationality-nationality-the,X6-my-My-null,X5-Heavens-Heavens-null, X1-subj-X2,X3-of-X4,X1-obj-X3,X5-has_name-Heavens,X1-obl_of-X5,X1-obl-X5,",Incorrect partial DRS,null,null
281,Which is the nationality of the creator of Natalie with Violin?," X1-be-is-null,X2-which-Which-null,X5-Natalie-Natalie-null,X6-Violin-Violin-null,X4-creator-creator-the,X3-nationality-nationality-the, X1-subj-X2,X5-has_name-Natalie,X4-of-X5,X6-has_name-Violin,X4-with-X6,X3-of-X4,X1-obj-X3, X1-be-is-null,X2-which-Which-null,X3-nationality-nationality-the,X5-Natalie-Natalie-null,X6-Violin-Violin-null,X4-creator-creator-the, X1-subj-X2,X1-obj-X3,X5-has_name-Natalie,X4-of-X5,X6-has_name-Violin,X4-with-X6,X1-obl_of-X4, X1-be-is-null,X2-which-Which-null,X3-nationality-nationality-the,X5-Violin-Violin-null,X4-creator-creator-the,X6-Natalie-Natalie-null, X1-subj-X2,X1-obj-X3,X5-has_name-Violin,X4-with-X5,X1-obl_of-X4,X6-has_name-Natalie,X1-obl_of-X6, X1-be-is-null,X2-which-Which-null,X3-nationality-nationality-the,X4-creator-creator-the,X5-Natalie-Natalie-null,X6-Violin-Violin-null, X1-subj-X2,X1-obj-X3,X1-obl_of-X4,X5-has_name-Natalie,X1-obl_of-X5,X6-has_name-Violin,X1-obl_with-X6, X1-be-is-null,X2-which-Which-null,X3-nationality-nationality-the,X5-Natalie-Natalie-null,X4-creator-creator-the,X6-Violin-Violin-null, X1-subj-X2,X1-obj-X3,X5-has_name-Natalie,X4-of-X5,X1-obl_of-X4,X6-has_name-Violin,X1-obl_with-X6, X1-be-is-null,X2-which-Which-null,X5-Violin-Violin-null,X4-creator-creator-the,X6-Natalie-Natalie-null,X3-nationality-nationality-the, X1-subj-X2,X5-has_name-Violin,X4-with-X5,X3-of-X4,X6-has_name-Natalie,X3-of-X6,X1-obj-X3, X1-be-is-null,X2-which-Which-null,X4-Natalie-Natalie-null,X3-nationality-nationality-the,X6-Violin-Violin-null,X5-creator-creator-the, X1-subj-X2,X4-has_name-Natalie,X3-of-X4,X1-obj-X3,X6-has_name-Violin,X5-with-X6,X1-obl_of-X5, X1-be-is-null,X2-which-Which-null,X5-Violin-Violin-null,X4-creator-creator-the,X3-nationality-nationality-the,X6-Natalie-Natalie-null, X1-subj-X2,X5-has_name-Violin,X4-with-X5,X3-of-X4,X1-obj-X3,X6-has_name-Natalie,X1-obl_of-X6, X1-be-is-null,X2-which-Which-null,X4-creator-creator-the,X5-Natalie-Natalie-null,X6-Violin-Violin-null,X3-nationality-nationality-the, X1-subj-X2,X3-of-X4,X5-has_name-Natalie,X3-of-X5,X6-has_name-Violin,X3-with-X6,X1-obj-X3, X1-be-is-null,X2-which-Which-null,X5-Natalie-Natalie-null,X4-creator-creator-the,X6-Violin-Violin-null,X3-nationality-nationality-the, X1-subj-X2,X5-has_name-Natalie,X4-of-X5,X3-of-X4,X6-has_name-Violin,X3-with-X6,X1-obj-X3,",Incorrect partial DRS,null,null
282,Which is the nationality of the creator of Nesting Bowls?," X1-be-is-null,X2-which-Which-null,X5-Nesting Bowl-Nesting Bowls-null,X4-creator-creator-the,X3-nationality-nationality-the, X1-subj-X2,X5-has_name-Nesting Bowl,X4-of-X5,X3-of-X4,X1-obj-X3, X1-be-is-null,X2-which-Which-null,X3-nationality-nationality-the,X5-Nesting Bowl-Nesting Bowls-null,X4-creator-creator-the, X1-subj-X2,X1-obj-X3,X5-has_name-Nesting Bowl,X4-of-X5,X1-obl_of-X4, X1-be-is-null,X2-which-Which-null,X3-nationality-nationality-the,X4-creator-creator-the,X5-Nesting Bowl-Nesting Bowls-null, X1-subj-X2,X1-obj-X3,X1-obl_of-X4,X5-has_name-Nesting Bowl,X1-obl_of-X5, X1-be-is-null,X2-which-Which-null,X4-creator-creator-the,X5-Nesting Bowl-Nesting Bowls-null,X3-nationality-nationality-the, X1-subj-X2,X3-of-X4,X5-has_name-Nesting Bowl,X3-of-X5,X1-obj-X3, X1-be-is-null,X2-which-Which-null,X4-Nesting Bowl-Nesting Bowls-null,X3-nationality-nationality-the,X5-creator-creator-the, X1-subj-X2,X4-has_name-Nesting Bowl,X3-of-X4,X1-obj-X3,X1-obl_of-X5, X1-be-is-null,X2-which-Which-null,X4-creator-creator-the,X3-nationality-nationality-the,X5-Nesting Bowl-Nesting Bowls-null, X1-subj-X2,X3-of-X4,X1-obj-X3,X5-has_name-Nesting Bowl,X1-obl_of-X5,",Incorrect partial DRS,null,null
283,Which is the nationality of the creator of New York Window?,,Incorrect Stanza Parsing,null,null
284,"Which is the nationality of the creator of Niagara in Summer, from Below?"," X1-be-is-null,X2-which-Which-null,X6-Summer-Summer-null,X5-Niagara-Niagara-null,X4-creator-creator-the,X7-below-Below-null,X3-nationality-nationality-the, X1-subj-X2,X6-has_name-Summer,X5-in-X6,X5-has_name-Niagara,X4-of-X5,X3-of-X4,X7-has_name-below,X3-from-X7,X1-obj-X3, X1-be-is-null,X2-which-Which-null,X4-below-Below-null,X3-nationality-nationality-the,X7-Summer-Summer-null,X6-Niagara-Niagara-null,X5-creator-creator-the, X1-subj-X2,X4-has_name-below,X3-from-X4,X1-obj-X3,X7-has_name-Summer,X6-in-X7,X6-has_name-Niagara,X5-of-X6,X1-obl_of-X5, X1-be-is-null,X2-which-Which-null,X4-below-Below-null,X3-nationality-nationality-the,X5-creator-creator-the,X7-Summer-Summer-null,X6-Niagara-Niagara-null, X1-subj-X2,X4-has_name-below,X3-from-X4,X1-obj-X3,X1-obl_of-X5,X7-has_name-Summer,X6-in-X7,X6-has_name-Niagara,X1-obl_of-X6, X1-be-is-null,X2-which-Which-null,X4-below-Below-null,X3-nationality-nationality-the,X5-creator-creator-the,X6-Niagara-Niagara-null,X7-Summer-Summer-null, X1-subj-X2,X4-has_name-below,X3-from-X4,X1-obj-X3,X1-obl_of-X5,X6-has_name-Niagara,X1-obl_of-X6,X7-has_name-Summer,X1-obl_in-X7, X1-be-is-null,X2-which-Which-null,X3-nationality-nationality-the,X4-creator-creator-the,X6-Summer-Summer-null,X5-Niagara-Niagara-null,X7-below-Below-null, X1-subj-X2,X1-obj-X3,X1-obl_of-X4,X6-has_name-Summer,X5-in-X6,X5-has_name-Niagara,X1-obl_of-X5,X7-has_name-below,X1-obl_from-X7, X1-be-is-null,X2-which-Which-null,X4-below-Below-null,X3-nationality-nationality-the,X6-Niagara-Niagara-null,X7-Summer-Summer-null,X5-creator-creator-the, X1-subj-X2,X4-has_name-below,X3-from-X4,X1-obj-X3,X6-has_name-Niagara,X5-of-X6,X7-has_name-Summer,X5-in-X7,X1-obl_of-X5, X1-be-is-null,X2-which-Which-null,X3-nationality-nationality-the,X6-Summer-Summer-null,X5-Niagara-Niagara-null,X4-creator-creator-the,X7-below-Below-null, X1-subj-X2,X1-obj-X3,X6-has_name-Summer,X5-in-X6,X5-has_name-Niagara,X4-of-X5,X1-obl_of-X4,X7-has_name-below,X1-obl_from-X7, X1-be-is-null,X2-which-Which-null,X4-creator-creator-the,X6-Summer-Summer-null,X5-Niagara-Niagara-null,X7-below-Below-null,X3-nationality-nationality-the, X1-subj-X2,X3-of-X4,X6-has_name-Summer,X5-in-X6,X5-has_name-Niagara,X3-of-X5,X7-has_name-below,X3-from-X7,X1-obj-X3, X1-be-is-null,X2-which-Which-null,X5-Summer-Summer-null,X4-Niagara-Niagara-null,X6-below-Below-null,X3-nationality-nationality-the,X7-creator-creator-the, X1-subj-X2,X5-has_name-Summer,X4-in-X5,X4-has_name-Niagara,X3-of-X4,X6-has_name-below,X3-from-X6,X1-obj-X3,X1-obl_of-X7, X1-be-is-null,X2-which-Which-null,X4-creator-creator-the,X5-below-Below-null,X3-nationality-nationality-the,X7-Summer-Summer-null,X6-Niagara-Niagara-null, X1-subj-X2,X3-of-X4,X5-has_name-below,X3-from-X5,X1-obj-X3,X7-has_name-Summer,X6-in-X7,X6-has_name-Niagara,X1-obl_of-X6, X1-be-is-null,X2-which-Which-null,X4-creator-creator-the,X5-Niagara-Niagara-null,X6-Summer-Summer-null,X7-below-Below-null,X3-nationality-nationality-the, X1-subj-X2,X3-of-X4,X5-has_name-Niagara,X3-of-X5,X6-has_name-Summer,X3-in-X6,X7-has_name-below,X3-from-X7,X1-obj-X3, X1-be-is-null,X2-which-Which-null,X4-creator-creator-the,X6-Summer-Summer-null,X5-Niagara-Niagara-null,X3-nationality-nationality-the,X7-below-Below-null, X1-subj-X2,X3-of-X4,X6-has_name-Summer,X5-in-X6,X5-has_name-Niagara,X3-of-X5,X1-obj-X3,X7-has_name-below,X1-obl_from-X7, X1-be-is-null,X2-which-Which-null,X5-Niagara-Niagara-null,X6-Summer-Summer-null,X4-creator-creator-the,X7-below-Below-null,X3-nationality-nationality-the, X1-subj-X2,X5-has_name-Niagara,X4-of-X5,X6-has_name-Summer,X4-in-X6,X3-of-X4,X7-has_name-below,X3-from-X7,X1-obj-X3, X1-be-is-null,X2-which-Which-null,X6-Summer-Summer-null,X5-Niagara-Niagara-null,X4-creator-creator-the,X3-nationality-nationality-the,X7-below-Below-null, X1-subj-X2,X6-has_name-Summer,X5-in-X6,X5-has_name-Niagara,X4-of-X5,X3-of-X4,X1-obj-X3,X7-has_name-below,X1-obl_from-X7,",Incorrect partial DRS,null,null
285,Which is the nationality of the creator of Night Waves?," X1-be-is-null,X2-which-Which-null,X5-Night wave-Night Waves-null,X4-creator-creator-the,X3-nationality-nationality-the, X1-subj-X2,X5-has_name-Night wave,X4-of-X5,X3-of-X4,X1-obj-X3, X1-be-is-null,X2-which-Which-null,X3-nationality-nationality-the,X5-Night wave-Night Waves-null,X4-creator-creator-the, X1-subj-X2,X1-obj-X3,X5-has_name-Night wave,X4-of-X5,X1-obl_of-X4, X1-be-is-null,X2-which-Which-null,X3-nationality-nationality-the,X4-creator-creator-the,X5-Night wave-Night Waves-null, X1-subj-X2,X1-obj-X3,X1-obl_of-X4,X5-has_name-Night wave,X1-obl_of-X5, X1-be-is-null,X2-which-Which-null,X4-creator-creator-the,X5-Night wave-Night Waves-null,X3-nationality-nationality-the, X1-subj-X2,X3-of-X4,X5-has_name-Night wave,X3-of-X5,X1-obj-X3, X1-be-is-null,X2-which-Which-null,X4-Night wave-Night Waves-null,X3-nationality-nationality-the,X5-creator-creator-the, X1-subj-X2,X4-has_name-Night wave,X3-of-X4,X1-obj-X3,X1-obl_of-X5, X1-be-is-null,X2-which-Which-null,X4-creator-creator-the,X3-nationality-nationality-the,X5-Night wave-Night Waves-null, X1-subj-X2,X3-of-X4,X1-obj-X3,X5-has_name-Night wave,X1-obl_of-X5,","Drs [
 tokens=[],
 dEntities=[
DEntity(X1, be, is, VERB, null, false, Query1, Query), 
DEntity(X2, which, Which, PRON, null, false, Qualifier2, Qualifier), 
DEntity(X5, Night wave, Night Waves, PROPN, null, false, Artefact3, Artefact), 
DEntity(X4, creator, creator, NOUN, the, false, Artist4, Artist), 
DEntity(X3, nationality, nationality, NOUN, the, false, ConceptArtist5, ConceptArtist)],
 dConditions=[
DCondition(X1, subj, X2, propriedades= [qQualifier] --- []), 
DCondition(X5, has_name, Night wave, propriedades= [] --- [has_name, has_text, who]), 
DCondition(X4, of, X5, propriedades= [author_of] --- []), 
DCondition(X3, of, X4, propriedades= [conc_of_Artist] --- []), 
DCondition(X1, obj, X3, propriedades= [select] --- []), 
DCondition(X1, has_text, be, propriedades= [] --- [has_name, has_text, who]), 
DCondition(X2, has_text, which, propriedades= [] --- [has_name, has_text, who]), 
DCondition(X5, has_text, Night wave, propriedades= [] --- [has_name, has_text, who]), 
DCondition(X4, has_text, creator, propriedades= [] --- [has_name, has_text, who]), 
DCondition(X3, has_text, nationality, propriedades= [] --- [has_name, has_text, who]), 
DCondition(X2, has_name, null list, propriedades= [] --- [has_name, has_text, who]), 
DCondition(X1, obj, X2, propriedades= [qQualifier] --- [])]
 solu��es = []
 numeroFrase = 0
 numHasNames = 2
 numIndividuals = 5
 numEntitiesOk = 10
 numIsClass = 0
 numPropsOk = 5
 numEntitiesNOk = 0
 numClassesOk = 4]"," PREFIX rdf: <http://www.w3.org/1999/02/22-rdf-syntax-ns#> PREFIX xsd: <http://www.w3.org/2001/XMLSchema#> PREFIX rdfs: <http://www.w3.org/2000/01/rdf-schema#> PREFIX cidoc: <http://www.cidoc-crm.org/cidoc-crm/> SELECT  DISTINCT  ?snameConceptArtist5 ?ConceptArtist5 ?snameArtefact3 ?Artefact3 WHERE { {{?Artefact3 cidoc:P131_is_identified_by ?nameArtefact3 . ?nameArtefact3 rdf:value ?snameArtefact3 .}  UNION {?Artefact3 rdfs:label ?snameArtefact3 .}}  filter(regex(?snameArtefact3,""Night wave"",""i"")) . ?prod cidoc:P14_carried_out_by ?Artist4 . ?Artefact3 cidoc:P108i_was_produced_by ?prod . ?Artist4 rdfs:label ?snameArtist4 . ?Artist4 cidoc:P107i_is_current_or_former_member_of ?ConceptArtist5. ?ConceptArtist5 rdfs:label ?snameConceptArtist5. }",true
286,Which is the nationality of the creator of Night at Mattoon?," X1-be-is-null,X2-which-Which-null,X6-Mattoon-Mattoon-null,X5-night-Night-null,X4-creator-creator-the,X3-nationality-nationality-the, X1-subj-X2,X6-has_name-Mattoon,X5-at-X6,X4-of-X5,X3-of-X4,X1-obj-X3, X1-be-is-null,X2-which-Which-null,X3-nationality-nationality-the,X6-Mattoon-Mattoon-null,X5-night-Night-null,X4-creator-creator-the, X1-subj-X2,X1-obj-X3,X6-has_name-Mattoon,X5-at-X6,X4-of-X5,X1-obl_of-X4, X1-be-is-null,X2-which-Which-null,X3-nationality-nationality-the,X4-creator-creator-the,X6-Mattoon-Mattoon-null,X5-night-Night-null, X1-subj-X2,X1-obj-X3,X1-obl_of-X4,X6-has_name-Mattoon,X5-at-X6,X1-obl_of-X5, X1-be-is-null,X2-which-Which-null,X3-nationality-nationality-the,X4-creator-creator-the,X5-night-Night-null,X6-Mattoon-Mattoon-null, X1-subj-X2,X1-obj-X3,X1-obl_of-X4,X1-obl_of-X5,X6-has_name-Mattoon,X1-obl_at-X6, X1-be-is-null,X2-which-Which-null,X3-nationality-nationality-the,X5-night-Night-null,X6-Mattoon-Mattoon-null,X4-creator-creator-the, X1-subj-X2,X1-obj-X3,X4-of-X5,X6-has_name-Mattoon,X4-at-X6,X1-obl_of-X4, X1-be-is-null,X2-which-Which-null,X4-creator-creator-the,X6-Mattoon-Mattoon-null,X5-night-Night-null,X3-nationality-nationality-the, X1-subj-X2,X3-of-X4,X6-has_name-Mattoon,X5-at-X6,X3-of-X5,X1-obj-X3, X1-be-is-null,X2-which-Which-null,X5-Mattoon-Mattoon-null,X4-night-Night-null,X3-nationality-nationality-the,X6-creator-creator-the, X1-subj-X2,X5-has_name-Mattoon,X4-at-X5,X3-of-X4,X1-obj-X3,X1-obl_of-X6, X1-be-is-null,X2-which-Which-null,X4-creator-creator-the,X3-nationality-nationality-the,X6-Mattoon-Mattoon-null,X5-night-Night-null, X1-subj-X2,X3-of-X4,X1-obj-X3,X6-has_name-Mattoon,X5-at-X6,X1-obl_of-X5, X1-be-is-null,X2-which-Which-null,X4-creator-creator-the,X5-night-Night-null,X6-Mattoon-Mattoon-null,X3-nationality-nationality-the, X1-subj-X2,X3-of-X4,X3-of-X5,X6-has_name-Mattoon,X3-at-X6,X1-obj-X3, X1-be-is-null,X2-which-Which-null,X5-night-Night-null,X6-Mattoon-Mattoon-null,X4-creator-creator-the,X3-nationality-nationality-the, X1-subj-X2,X4-of-X5,X6-has_name-Mattoon,X4-at-X6,X3-of-X4,X1-obj-X3,",Incorrect partial DRS,null,null
287,Which is the nationality of the creator of Noble Numbers?," X1-be-is-null,X2-which-Which-null,X5-Noble Numbers-Noble Numbers-null,X4-creator-creator-the,X3-nationality-nationality-the, X1-subj-X2,X5-has_name-Noble Numbers,X4-of-X5,X3-of-X4,X1-obj-X3, X1-be-is-null,X2-which-Which-null,X3-nationality-nationality-the,X5-Noble Numbers-Noble Numbers-null,X4-creator-creator-the, X1-subj-X2,X1-obj-X3,X5-has_name-Noble Numbers,X4-of-X5,X1-obl_of-X4, X1-be-is-null,X2-which-Which-null,X3-nationality-nationality-the,X4-creator-creator-the,X5-Noble Numbers-Noble Numbers-null, X1-subj-X2,X1-obj-X3,X1-obl_of-X4,X5-has_name-Noble Numbers,X1-obl_of-X5, X1-be-is-null,X2-which-Which-null,X4-creator-creator-the,X5-Noble Numbers-Noble Numbers-null,X3-nationality-nationality-the, X1-subj-X2,X3-of-X4,X5-has_name-Noble Numbers,X3-of-X5,X1-obj-X3, X1-be-is-null,X2-which-Which-null,X4-Noble Numbers-Noble Numbers-null,X3-nationality-nationality-the,X5-creator-creator-the, X1-subj-X2,X4-has_name-Noble Numbers,X3-of-X4,X1-obj-X3,X1-obl_of-X5, X1-be-is-null,X2-which-Which-null,X4-creator-creator-the,X3-nationality-nationality-the,X5-Noble Numbers-Noble Numbers-null, X1-subj-X2,X3-of-X4,X1-obj-X3,X5-has_name-Noble Numbers,X1-obl_of-X5,","Drs [
 tokens=[],
 dEntities=[
DEntity(X1, be, is, VERB, null, false, Query1, Query), 
DEntity(X2, which, Which, PRON, null, false, Qualifier2, Qualifier), 
DEntity(X5, number, Numbers, PROPN, null, false, Artefact3, Artefact), 
DEntity(X4, creator, creator, NOUN, the, false, Artist4, Artist), 
DEntity(X3, nationality, nationality, NOUN, the, false, ConceptArtist5, ConceptArtist)],
 dConditions=[
DCondition(X1, subj, X2, propriedades= [qQualifier] --- []), 
DCondition(X5, Noble, true, propriedades= [] --- [has_name, has_text, who]), 
DCondition(X5, has_name, number, propriedades= [] --- [has_name, has_text, who]), 
DCondition(X4, of, X5, propriedades= [author_of] --- []), 
DCondition(X3, of, X4, propriedades= [conc_of_Artist] --- []), 
DCondition(X1, obj, X3, propriedades= [select] --- []), 
DCondition(X1, has_text, be, propriedades= [] --- [has_name, has_text, who]), 
DCondition(X2, has_text, which, propriedades= [] --- [has_name, has_text, who]), 
DCondition(X5, has_text, number, propriedades= [] --- [has_name, has_text, who]), 
DCondition(X4, has_text, creator, propriedades= [] --- [has_name, has_text, who]), 
DCondition(X3, has_text, nationality, propriedades= [] --- [has_name, has_text, who]), 
DCondition(X2, has_name, null list, propriedades= [] --- [has_name, has_text, who]), 
DCondition(X1, obj, X2, propriedades= [qQualifier] --- [])]
 solu��es = []
 numeroFrase = 0
 numHasNames = 2
 numIndividuals = 5
 numEntitiesOk = 10
 numIsClass = 0
 numPropsOk = 5
 numEntitiesNOk = 0
 numClassesOk = 4]"," PREFIX rdf: <http://www.w3.org/1999/02/22-rdf-syntax-ns#> PREFIX xsd: <http://www.w3.org/2001/XMLSchema#> PREFIX rdfs: <http://www.w3.org/2000/01/rdf-schema#> PREFIX cidoc: <http://www.cidoc-crm.org/cidoc-crm/> SELECT  DISTINCT  ?snameConceptArtist5 ?ConceptArtist5 ?snameArtefact3 ?Artefact3 WHERE { {{?Artefact3 cidoc:P131_is_identified_by ?nameArtefact3 . ?nameArtefact3 rdf:value ?snameArtefact3 .}  UNION {?Artefact3 rdfs:label ?snameArtefact3 .}}  filter(regex(?snameArtefact3,""number"",""i"")) . ?prod cidoc:P14_carried_out_by ?Artist4 . ?Artefact3 cidoc:P108i_was_produced_by ?prod . ?Artist4 rdfs:label ?snameArtist4 . ?Artist4 cidoc:P107i_is_current_or_former_member_of ?ConceptArtist5. ?ConceptArtist5 rdfs:label ?snameConceptArtist5. }",true
288,Which is the nationality of the creator of Norwegian Landscape?," X1-be-is-null,X2-which-Which-null,X5-Landscape-Landscape-null,X4-creator-creator-the,X3-nationality-nationality-the, X1-subj-X2,X5-Norwegian-true,X5-has_name-Landscape,X4-of-X5,X3-of-X4,X1-obj-X3, X1-be-is-null,X2-which-Which-null,X5-Landscape-Landscape-null,X4-creator-creator-the,X3-nationality-nationality-the, X1-subj-X2,X5-has_name-Norwegian,X5-has_name-Landscape,X4-of-X5,X3-of-X4,X1-obj-X3, X1-be-is-null,X2-which-Which-null,X5-Norwegian Landscape-Norwegian Landscape-null,X4-creator-creator-the,X3-nationality-nationality-the, X1-subj-X2,X5-has_name-Norwegian Landscape,X4-of-X5,X3-of-X4,X1-obj-X3, X1-be-is-null,X2-which-Which-null,X3-nationality-nationality-the,X5-Landscape-Landscape-null,X4-creator-creator-the, X1-subj-X2,X1-obj-X3,X5-Norwegian-true,X5-has_name-Landscape,X4-of-X5,X1-obl_of-X4, X1-be-is-null,X2-which-Which-null,X3-nationality-nationality-the,X5-Landscape-Landscape-null,X4-creator-creator-the, X1-subj-X2,X1-obj-X3,X5-has_name-Norwegian,X5-has_name-Landscape,X4-of-X5,X1-obl_of-X4, X1-be-is-null,X2-which-Which-null,X3-nationality-nationality-the,X5-Norwegian Landscape-Norwegian Landscape-null,X4-creator-creator-the, X1-subj-X2,X1-obj-X3,X5-has_name-Norwegian Landscape,X4-of-X5,X1-obl_of-X4, X1-be-is-null,X2-which-Which-null,X3-nationality-nationality-the,X4-creator-creator-the,X5-Landscape-Landscape-null, X1-subj-X2,X1-obj-X3,X1-obl_of-X4,X5-Norwegian-true,X5-has_name-Landscape,X1-obl_of-X5, X1-be-is-null,X2-which-Which-null,X3-nationality-nationality-the,X4-creator-creator-the,X5-Landscape-Landscape-null, X1-subj-X2,X1-obj-X3,X1-obl_of-X4,X5-has_name-Norwegian,X5-has_name-Landscape,X1-obl_of-X5, X1-be-is-null,X2-which-Which-null,X3-nationality-nationality-the,X4-creator-creator-the,X5-Norwegian Landscape-Norwegian Landscape-null, X1-subj-X2,X1-obj-X3,X1-obl_of-X4,X5-has_name-Norwegian Landscape,X1-obl_of-X5, X1-be-is-null,X2-which-Which-null,X4-creator-creator-the,X5-Landscape-Landscape-null,X3-nationality-nationality-the, X1-subj-X2,X3-of-X4,X5-Norwegian-true,X5-has_name-Landscape,X3-of-X5,X1-obj-X3, X1-be-is-null,X2-which-Which-null,X4-creator-creator-the,X5-Landscape-Landscape-null,X3-nationality-nationality-the, X1-subj-X2,X3-of-X4,X5-has_name-Norwegian,X5-has_name-Landscape,X3-of-X5,X1-obj-X3, X1-be-is-null,X2-which-Which-null,X4-creator-creator-the,X5-Norwegian Landscape-Norwegian Landscape-null,X3-nationality-nationality-the, X1-subj-X2,X3-of-X4,X5-has_name-Norwegian Landscape,X3-of-X5,X1-obj-X3, X1-be-is-null,X2-which-Which-null,X4-Landscape-Landscape-null,X3-nationality-nationality-the,X5-creator-creator-the, X1-subj-X2,X4-Norwegian-true,X4-has_name-Landscape,X3-of-X4,X1-obj-X3,X1-obl_of-X5, X1-be-is-null,X2-which-Which-null,X4-Landscape-Landscape-null,X3-nationality-nationality-the,X5-creator-creator-the, X1-subj-X2,X4-has_name-Norwegian,X4-has_name-Landscape,X3-of-X4,X1-obj-X3,X1-obl_of-X5, X1-be-is-null,X2-which-Which-null,X4-Norwegian Landscape-Norwegian Landscape-null,X3-nationality-nationality-the,X5-creator-creator-the, X1-subj-X2,X4-has_name-Norwegian Landscape,X3-of-X4,X1-obj-X3,X1-obl_of-X5, X1-be-is-null,X2-which-Which-null,X4-creator-creator-the,X3-nationality-nationality-the,X5-Landscape-Landscape-null, X1-subj-X2,X3-of-X4,X1-obj-X3,X5-Norwegian-true,X5-has_name-Landscape,X1-obl_of-X5, X1-be-is-null,X2-which-Which-null,X4-creator-creator-the,X3-nationality-nationality-the,X5-Landscape-Landscape-null, X1-subj-X2,X3-of-X4,X1-obj-X3,X5-has_name-Norwegian,X5-has_name-Landscape,X1-obl_of-X5, X1-be-is-null,X2-which-Which-null,X4-creator-creator-the,X3-nationality-nationality-the,X5-Norwegian Landscape-Norwegian Landscape-null, X1-subj-X2,X3-of-X4,X1-obj-X3,X5-has_name-Norwegian Landscape,X1-obl_of-X5,","Drs [
 tokens=[],
 dEntities=[
DEntity(X1, be, is, VERB, null, false, Query1, Query), 
DEntity(X2, which, Which, PRON, null, false, Qualifier2, Qualifier), 
DEntity(X5, Landscape, Landscape, PROPN, null, false, Artefact3, Artefact), 
DEntity(X4, creator, creator, NOUN, the, false, Artist4, Artist), 
DEntity(X3, nationality, nationality, NOUN, the, false, ConceptArtist5, ConceptArtist)],
 dConditions=[
DCondition(X1, subj, X2, propriedades= [qQualifier] --- []), 
DCondition(X5, Norwegian, true, propriedades= [] --- [has_name, has_text, who]), 
DCondition(X5, has_name, Landscape, propriedades= [] --- [has_name, has_text, who]), 
DCondition(X4, of, X5, propriedades= [author_of] --- []), 
DCondition(X3, of, X4, propriedades= [conc_of_Artist] --- []), 
DCondition(X1, obj, X3, propriedades= [select] --- []), 
DCondition(X1, has_text, be, propriedades= [] --- [has_name, has_text, who]), 
DCondition(X2, has_text, which, propriedades= [] --- [has_name, has_text, who]), 
DCondition(X5, has_text, Landscape, propriedades= [] --- [has_name, has_text, who]), 
DCondition(X4, has_text, creator, propriedades= [] --- [has_name, has_text, who]), 
DCondition(X3, has_text, nationality, propriedades= [] --- [has_name, has_text, who]), 
DCondition(X2, has_name, null list, propriedades= [] --- [has_name, has_text, who]), 
DCondition(X1, obj, X2, propriedades= [qQualifier] --- [])]
 solu��es = []
 numeroFrase = 0
 numHasNames = 2
 numIndividuals = 5
 numEntitiesOk = 10
 numIsClass = 0
 numPropsOk = 5
 numEntitiesNOk = 0
 numClassesOk = 4]"," PREFIX rdf: <http://www.w3.org/1999/02/22-rdf-syntax-ns#> PREFIX xsd: <http://www.w3.org/2001/XMLSchema#> PREFIX rdfs: <http://www.w3.org/2000/01/rdf-schema#> PREFIX cidoc: <http://www.cidoc-crm.org/cidoc-crm/> SELECT  DISTINCT  ?snameConceptArtist5 ?ConceptArtist5 ?snameArtefact3 ?Artefact3 WHERE { {{?Artefact3 cidoc:P131_is_identified_by ?nameArtefact3 . ?nameArtefact3 rdf:value ?snameArtefact3 .}  UNION {?Artefact3 rdfs:label ?snameArtefact3 .}}  filter(regex(?snameArtefact3,""Landscape"",""i"")) . ?prod cidoc:P14_carried_out_by ?Artist4 . ?Artefact3 cidoc:P108i_was_produced_by ?prod . ?Artist4 rdfs:label ?snameArtist4 . ?Artist4 cidoc:P107i_is_current_or_former_member_of ?ConceptArtist5. ?ConceptArtist5 rdfs:label ?snameConceptArtist5. }",true
289,Which is the nationality of the creator of Nude Man and Woman?," X1-be-is-null,X2-which-Which-null,X6-Woman-Woman-null,X5-Man-Man-null,X4-creator-creator-the,X3-nationality-nationality-the, X1-subj-X2,X6-has_name-Woman,X4-of-X6,X5-nude-true,X5-has_name-Man,X4-of-X5,X3-of-X4,X1-obj-X3, X1-be-is-null,X2-which-Which-null,X6-Woman-Woman-null,X5-Man-Man-null,X4-creator-creator-the,X3-nationality-nationality-the, X1-subj-X2,X6-has_name-Woman,X4-of-X6,X5-has_name-Nude,X5-has_name-Man,X4-of-X5,X3-of-X4,X1-obj-X3, X1-be-is-null,X2-which-Which-null,X6-Woman-Woman-null,X5-Nude Man-Nude Man-null,X4-creator-creator-the,X3-nationality-nationality-the, X1-subj-X2,X6-has_name-Woman,X4-of-X6,X5-has_name-Nude Man,X4-of-X5,X3-of-X4,X1-obj-X3, X1-be-is-null,X2-which-Which-null,X3-nationality-nationality-the,X6-Woman-Woman-null,X5-Man-Man-null,X4-creator-creator-the, X1-subj-X2,X1-obj-X3,X6-has_name-Woman,X4-of-X6,X5-nude-true,X5-has_name-Man,X4-of-X5,X1-obl_of-X4, X1-be-is-null,X2-which-Which-null,X3-nationality-nationality-the,X6-Woman-Woman-null,X5-Man-Man-null,X4-creator-creator-the, X1-subj-X2,X1-obj-X3,X6-has_name-Woman,X4-of-X6,X5-has_name-Nude,X5-has_name-Man,X4-of-X5,X1-obl_of-X4, X1-be-is-null,X2-which-Which-null,X3-nationality-nationality-the,X6-Woman-Woman-null,X5-Nude Man-Nude Man-null,X4-creator-creator-the, X1-subj-X2,X1-obj-X3,X6-has_name-Woman,X4-of-X6,X5-has_name-Nude Man,X4-of-X5,X1-obl_of-X4, X1-be-is-null,X2-which-Which-null,X3-nationality-nationality-the,X4-creator-creator-the,X6-Woman-Woman-null,X5-Man-Man-null, X1-subj-X2,X1-obj-X3,X1-obl_of-X4,X6-has_name-Woman,X1-obl_of-X6,X5-nude-true,X5-has_name-Man,X1-obl_of-X5, X1-be-is-null,X2-which-Which-null,X3-nationality-nationality-the,X4-creator-creator-the,X6-Woman-Woman-null,X5-Man-Man-null, X1-subj-X2,X1-obj-X3,X1-obl_of-X4,X6-has_name-Woman,X1-obl_of-X6,X5-has_name-Nude,X5-has_name-Man,X1-obl_of-X5, X1-be-is-null,X2-which-Which-null,X3-nationality-nationality-the,X4-creator-creator-the,X6-Woman-Woman-null,X5-Nude Man-Nude Man-null, X1-subj-X2,X1-obj-X3,X1-obl_of-X4,X6-has_name-Woman,X1-obl_of-X6,X5-has_name-Nude Man,X1-obl_of-X5, X1-be-is-null,X2-which-Which-null,X4-creator-creator-the,X6-Woman-Woman-null,X5-Man-Man-null,X3-nationality-nationality-the, X1-subj-X2,X3-of-X4,X6-has_name-Woman,X3-of-X6,X5-nude-true,X5-has_name-Man,X3-of-X5,X1-obj-X3, X1-be-is-null,X2-which-Which-null,X4-creator-creator-the,X6-Woman-Woman-null,X5-Man-Man-null,X3-nationality-nationality-the, X1-subj-X2,X3-of-X4,X6-has_name-Woman,X3-of-X6,X5-has_name-Nude,X5-has_name-Man,X3-of-X5,X1-obj-X3, X1-be-is-null,X2-which-Which-null,X4-creator-creator-the,X6-Woman-Woman-null,X5-Nude Man-Nude Man-null,X3-nationality-nationality-the, X1-subj-X2,X3-of-X4,X6-has_name-Woman,X3-of-X6,X5-has_name-Nude Man,X3-of-X5,X1-obj-X3, X1-be-is-null,X2-which-Which-null,X5-Woman-Woman-null,X4-Man-Man-null,X3-nationality-nationality-the,X6-creator-creator-the, X1-subj-X2,X5-has_name-Woman,X3-of-X5,X4-nude-true,X4-has_name-Man,X3-of-X4,X1-obj-X3,X1-obl_of-X6, X1-be-is-null,X2-which-Which-null,X5-Woman-Woman-null,X4-Man-Man-null,X3-nationality-nationality-the,X6-creator-creator-the, X1-subj-X2,X5-has_name-Woman,X3-of-X5,X4-has_name-Nude,X4-has_name-Man,X3-of-X4,X1-obj-X3,X1-obl_of-X6, X1-be-is-null,X2-which-Which-null,X5-Woman-Woman-null,X4-Nude Man-Nude Man-null,X3-nationality-nationality-the,X6-creator-creator-the, X1-subj-X2,X5-has_name-Woman,X3-of-X5,X4-has_name-Nude Man,X3-of-X4,X1-obj-X3,X1-obl_of-X6, X1-be-is-null,X2-which-Which-null,X4-creator-creator-the,X3-nationality-nationality-the,X6-Woman-Woman-null,X5-Man-Man-null, X1-subj-X2,X3-of-X4,X1-obj-X3,X6-has_name-Woman,X1-obl_of-X6,X5-nude-true,X5-has_name-Man,X1-obl_of-X5, X1-be-is-null,X2-which-Which-null,X4-creator-creator-the,X3-nationality-nationality-the,X6-Woman-Woman-null,X5-Man-Man-null, X1-subj-X2,X3-of-X4,X1-obj-X3,X6-has_name-Woman,X1-obl_of-X6,X5-has_name-Nude,X5-has_name-Man,X1-obl_of-X5, X1-be-is-null,X2-which-Which-null,X4-creator-creator-the,X3-nationality-nationality-the,X6-Woman-Woman-null,X5-Nude Man-Nude Man-null, X1-subj-X2,X3-of-X4,X1-obj-X3,X6-has_name-Woman,X1-obl_of-X6,X5-has_name-Nude Man,X1-obl_of-X5,",Incorrect partial DRS,null,null
290,Which is the nationality of the creator of Nude in Wood?," X1-be-is-null,X2-which-Which-null,X6-Wood-Wood-null,X5-Nude-Nude-null,X4-creator-creator-the,X3-nationality-nationality-the, X1-subj-X2,X6-has_name-Wood,X5-in-X6,X5-has_name-Nude,X4-of-X5,X3-of-X4,X1-obj-X3, X1-be-is-null,X2-which-Which-null,X3-nationality-nationality-the,X6-Wood-Wood-null,X5-Nude-Nude-null,X4-creator-creator-the, X1-subj-X2,X1-obj-X3,X6-has_name-Wood,X5-in-X6,X5-has_name-Nude,X4-of-X5,X1-obl_of-X4, X1-be-is-null,X2-which-Which-null,X3-nationality-nationality-the,X4-creator-creator-the,X6-Wood-Wood-null,X5-Nude-Nude-null, X1-subj-X2,X1-obj-X3,X1-obl_of-X4,X6-has_name-Wood,X5-in-X6,X5-has_name-Nude,X1-obl_of-X5, X1-be-is-null,X2-which-Which-null,X3-nationality-nationality-the,X4-creator-creator-the,X5-Nude-Nude-null,X6-Wood-Wood-null, X1-subj-X2,X1-obj-X3,X1-obl_of-X4,X5-has_name-Nude,X1-obl_of-X5,X6-has_name-Wood,X1-obl_in-X6, X1-be-is-null,X2-which-Which-null,X3-nationality-nationality-the,X5-Nude-Nude-null,X6-Wood-Wood-null,X4-creator-creator-the, X1-subj-X2,X1-obj-X3,X5-has_name-Nude,X4-of-X5,X6-has_name-Wood,X4-in-X6,X1-obl_of-X4, X1-be-is-null,X2-which-Which-null,X4-creator-creator-the,X6-Wood-Wood-null,X5-Nude-Nude-null,X3-nationality-nationality-the, X1-subj-X2,X3-of-X4,X6-has_name-Wood,X5-in-X6,X5-has_name-Nude,X3-of-X5,X1-obj-X3, X1-be-is-null,X2-which-Which-null,X5-Wood-Wood-null,X4-Nude-Nude-null,X3-nationality-nationality-the,X6-creator-creator-the, X1-subj-X2,X5-has_name-Wood,X4-in-X5,X4-has_name-Nude,X3-of-X4,X1-obj-X3,X1-obl_of-X6, X1-be-is-null,X2-which-Which-null,X4-creator-creator-the,X3-nationality-nationality-the,X6-Wood-Wood-null,X5-Nude-Nude-null, X1-subj-X2,X3-of-X4,X1-obj-X3,X6-has_name-Wood,X5-in-X6,X5-has_name-Nude,X1-obl_of-X5, X1-be-is-null,X2-which-Which-null,X4-creator-creator-the,X5-Nude-Nude-null,X6-Wood-Wood-null,X3-nationality-nationality-the, X1-subj-X2,X3-of-X4,X5-has_name-Nude,X3-of-X5,X6-has_name-Wood,X3-in-X6,X1-obj-X3, X1-be-is-null,X2-which-Which-null,X5-Nude-Nude-null,X6-Wood-Wood-null,X4-creator-creator-the,X3-nationality-nationality-the, X1-subj-X2,X5-has_name-Nude,X4-of-X5,X6-has_name-Wood,X4-in-X6,X3-of-X4,X1-obj-X3,",Incorrect partial DRS,null,null
291,Which is the nationality of the creator of Nude with Dove and Flowers?," X1-be-is-null,X2-which-Which-null,X5-Nude-Nude-null,X7-Flower-Flowers-null,X6-Dove-Dove-null,X4-creator-creator-the,X3-nationality-nationality-the, X1-subj-X2,X5-has_name-Nude,X4-of-X5,X7-has_name-Flower,X4-with-X7,X6-has_name-Dove,X4-with-X6,X3-of-X4,X1-obj-X3, X1-be-is-null,X2-which-Which-null,X3-nationality-nationality-the,X5-Nude-Nude-null,X7-Flower-Flowers-null,X6-Dove-Dove-null,X4-creator-creator-the, X1-subj-X2,X1-obj-X3,X5-has_name-Nude,X4-of-X5,X7-has_name-Flower,X4-with-X7,X6-has_name-Dove,X4-with-X6,X1-obl_of-X4, X1-be-is-null,X2-which-Which-null,X3-nationality-nationality-the,X6-Flower-Flowers-null,X5-Dove-Dove-null,X4-creator-creator-the,X7-Nude-Nude-null, X1-subj-X2,X1-obj-X3,X6-has_name-Flower,X4-with-X6,X5-has_name-Dove,X4-with-X5,X1-obl_of-X4,X7-has_name-Nude,X1-obl_of-X7, X1-be-is-null,X2-which-Which-null,X3-nationality-nationality-the,X4-creator-creator-the,X5-Nude-Nude-null,X7-Flower-Flowers-null,X6-Dove-Dove-null, X1-subj-X2,X1-obj-X3,X1-obl_of-X4,X5-has_name-Nude,X1-obl_of-X5,X7-has_name-Flower,X1-obl_with-X7,X6-has_name-Dove,X1-obl_with-X6, X1-be-is-null,X2-which-Which-null,X3-nationality-nationality-the,X5-Nude-Nude-null,X4-creator-creator-the,X7-Flower-Flowers-null,X6-Dove-Dove-null, X1-subj-X2,X1-obj-X3,X5-has_name-Nude,X4-of-X5,X1-obl_of-X4,X7-has_name-Flower,X1-obl_with-X7,X6-has_name-Dove,X1-obl_with-X6, X1-be-is-null,X2-which-Which-null,X6-Flower-Flowers-null,X5-Dove-Dove-null,X4-creator-creator-the,X7-Nude-Nude-null,X3-nationality-nationality-the, X1-subj-X2,X6-has_name-Flower,X4-with-X6,X5-has_name-Dove,X4-with-X5,X3-of-X4,X7-has_name-Nude,X3-of-X7,X1-obj-X3, X1-be-is-null,X2-which-Which-null,X4-Nude-Nude-null,X3-nationality-nationality-the,X7-Flower-Flowers-null,X6-Dove-Dove-null,X5-creator-creator-the, X1-subj-X2,X4-has_name-Nude,X3-of-X4,X1-obj-X3,X7-has_name-Flower,X5-with-X7,X6-has_name-Dove,X5-with-X6,X1-obl_of-X5, X1-be-is-null,X2-which-Which-null,X6-Flower-Flowers-null,X5-Dove-Dove-null,X4-creator-creator-the,X3-nationality-nationality-the,X7-Nude-Nude-null, X1-subj-X2,X6-has_name-Flower,X4-with-X6,X5-has_name-Dove,X4-with-X5,X3-of-X4,X1-obj-X3,X7-has_name-Nude,X1-obl_of-X7, X1-be-is-null,X2-which-Which-null,X4-creator-creator-the,X5-Nude-Nude-null,X7-Flower-Flowers-null,X6-Dove-Dove-null,X3-nationality-nationality-the, X1-subj-X2,X3-of-X4,X5-has_name-Nude,X3-of-X5,X7-has_name-Flower,X3-with-X7,X6-has_name-Dove,X3-with-X6,X1-obj-X3, X1-be-is-null,X2-which-Which-null,X5-Nude-Nude-null,X4-creator-creator-the,X7-Flower-Flowers-null,X6-Dove-Dove-null,X3-nationality-nationality-the, X1-subj-X2,X5-has_name-Nude,X4-of-X5,X3-of-X4,X7-has_name-Flower,X3-with-X7,X6-has_name-Dove,X3-with-X6,X1-obj-X3,",Incorrect partial DRS,null,null
292,"Which is the nationality of the creator of Nude, Head Thrown Back?",,Incorrect Stanza Parsing,null,null
293,Which is the nationality of the creator of O-mata-ah-luta (Red Plume)?,,Incorrect Stanza Parsing,null,null
294,"Which is the nationality of the creator of Old Fort, New Fortresses?"," X1-be-is-null,X2-which-Which-null,X6-Fortress-Fortresses-null,X5-Fort-Fort-null,X4-creator-creator-the,X3-nationality-nationality-the, X1-subj-X2,X6-New-true,X6-has_name-Fortress,X5-rel-X6,X5-Old-true,X5-has_name-Fort,X4-of-X5,X3-of-X4,X1-obj-X3, X1-be-is-null,X2-which-Which-null,X6-Fortress-Fortresses-null,X5-Fort-Fort-null,X4-creator-creator-the,X3-nationality-nationality-the, X1-subj-X2,X6-New-true,X6-has_name-Fortress,X5-rel-X6,X5-has_name-Old,X5-has_name-Fort,X4-of-X5,X3-of-X4,X1-obj-X3, X1-be-is-null,X2-which-Which-null,X6-Fortress-Fortresses-null,X5-Old Fort-Old Fort-null,X4-creator-creator-the,X3-nationality-nationality-the, X1-subj-X2,X6-New-true,X6-has_name-Fortress,X5-rel-X6,X5-has_name-Old Fort,X4-of-X5,X3-of-X4,X1-obj-X3, X1-be-is-null,X2-which-Which-null,X6-Fortress-Fortresses-null,X5-Fort-Fort-null,X4-creator-creator-the,X3-nationality-nationality-the, X1-subj-X2,X6-has_name-New,X6-has_name-Fortress,X5-rel-X6,X5-Old-true,X5-has_name-Fort,X4-of-X5,X3-of-X4,X1-obj-X3, X1-be-is-null,X2-which-Which-null,X6-Fortress-Fortresses-null,X5-Fort-Fort-null,X4-creator-creator-the,X3-nationality-nationality-the, X1-subj-X2,X6-has_name-New,X6-has_name-Fortress,X5-rel-X6,X5-has_name-Old,X5-has_name-Fort,X4-of-X5,X3-of-X4,X1-obj-X3, X1-be-is-null,X2-which-Which-null,X6-Fortress-Fortresses-null,X5-Old Fort-Old Fort-null,X4-creator-creator-the,X3-nationality-nationality-the, X1-subj-X2,X6-has_name-New,X6-has_name-Fortress,X5-rel-X6,X5-has_name-Old Fort,X4-of-X5,X3-of-X4,X1-obj-X3, X1-be-is-null,X2-which-Which-null,X6-New Fortresses-New Fortresses-null,X5-Fort-Fort-null,X4-creator-creator-the,X3-nationality-nationality-the, X1-subj-X2,X6-has_name-New Fortresses,X5-rel-X6,X5-Old-true,X5-has_name-Fort,X4-of-X5,X3-of-X4,X1-obj-X3, X1-be-is-null,X2-which-Which-null,X6-New Fortresses-New Fortresses-null,X5-Fort-Fort-null,X4-creator-creator-the,X3-nationality-nationality-the, X1-subj-X2,X6-has_name-New Fortresses,X5-rel-X6,X5-has_name-Old,X5-has_name-Fort,X4-of-X5,X3-of-X4,X1-obj-X3, X1-be-is-null,X2-which-Which-null,X6-New Fortresses-New Fortresses-null,X5-Old Fort-Old Fort-null,X4-creator-creator-the,X3-nationality-nationality-the, X1-subj-X2,X6-has_name-New Fortresses,X5-rel-X6,X5-has_name-Old Fort,X4-of-X5,X3-of-X4,X1-obj-X3, X1-be-is-null,X2-which-Which-null,X3-nationality-nationality-the,X6-Fortress-Fortresses-null,X5-Fort-Fort-null,X4-creator-creator-the, X1-subj-X2,X1-obj-X3,X6-New-true,X6-has_name-Fortress,X5-rel-X6,X5-Old-true,X5-has_name-Fort,X4-of-X5,X1-obl_of-X4, X1-be-is-null,X2-which-Which-null,X3-nationality-nationality-the,X6-Fortress-Fortresses-null,X5-Fort-Fort-null,X4-creator-creator-the, X1-subj-X2,X1-obj-X3,X6-New-true,X6-has_name-Fortress,X5-rel-X6,X5-has_name-Old,X5-has_name-Fort,X4-of-X5,X1-obl_of-X4, X1-be-is-null,X2-which-Which-null,X3-nationality-nationality-the,X6-Fortress-Fortresses-null,X5-Old Fort-Old Fort-null,X4-creator-creator-the, X1-subj-X2,X1-obj-X3,X6-New-true,X6-has_name-Fortress,X5-rel-X6,X5-has_name-Old Fort,X4-of-X5,X1-obl_of-X4, X1-be-is-null,X2-which-Which-null,X3-nationality-nationality-the,X6-Fortress-Fortresses-null,X5-Fort-Fort-null,X4-creator-creator-the, X1-subj-X2,X1-obj-X3,X6-has_name-New,X6-has_name-Fortress,X5-rel-X6,X5-Old-true,X5-has_name-Fort,X4-of-X5,X1-obl_of-X4, X1-be-is-null,X2-which-Which-null,X3-nationality-nationality-the,X6-Fortress-Fortresses-null,X5-Fort-Fort-null,X4-creator-creator-the, X1-subj-X2,X1-obj-X3,X6-has_name-New,X6-has_name-Fortress,X5-rel-X6,X5-has_name-Old,X5-has_name-Fort,X4-of-X5,X1-obl_of-X4, X1-be-is-null,X2-which-Which-null,X3-nationality-nationality-the,X6-Fortress-Fortresses-null,X5-Old Fort-Old Fort-null,X4-creator-creator-the, X1-subj-X2,X1-obj-X3,X6-has_name-New,X6-has_name-Fortress,X5-rel-X6,X5-has_name-Old Fort,X4-of-X5,X1-obl_of-X4, X1-be-is-null,X2-which-Which-null,X3-nationality-nationality-the,X6-New Fortresses-New Fortresses-null,X5-Fort-Fort-null,X4-creator-creator-the, X1-subj-X2,X1-obj-X3,X6-has_name-New Fortresses,X5-rel-X6,X5-Old-true,X5-has_name-Fort,X4-of-X5,X1-obl_of-X4, X1-be-is-null,X2-which-Which-null,X3-nationality-nationality-the,X6-New Fortresses-New Fortresses-null,X5-Fort-Fort-null,X4-creator-creator-the, X1-subj-X2,X1-obj-X3,X6-has_name-New Fortresses,X5-rel-X6,X5-has_name-Old,X5-has_name-Fort,X4-of-X5,X1-obl_of-X4, X1-be-is-null,X2-which-Which-null,X3-nationality-nationality-the,X6-New Fortresses-New Fortresses-null,X5-Old Fort-Old Fort-null,X4-creator-creator-the, X1-subj-X2,X1-obj-X3,X6-has_name-New Fortresses,X5-rel-X6,X5-has_name-Old Fort,X4-of-X5,X1-obl_of-X4, X1-be-is-null,X2-which-Which-null,X3-nationality-nationality-the,X4-creator-creator-the,X6-Fortress-Fortresses-null,X5-Fort-Fort-null, X1-subj-X2,X1-obj-X3,X1-obl_of-X4,X6-New-true,X6-has_name-Fortress,X5-rel-X6,X5-Old-true,X5-has_name-Fort,X1-obl_of-X5, X1-be-is-null,X2-which-Which-null,X3-nationality-nationality-the,X4-creator-creator-the,X6-Fortress-Fortresses-null,X5-Fort-Fort-null, X1-subj-X2,X1-obj-X3,X1-obl_of-X4,X6-New-true,X6-has_name-Fortress,X5-rel-X6,X5-has_name-Old,X5-has_name-Fort,X1-obl_of-X5, X1-be-is-null,X2-which-Which-null,X3-nationality-nationality-the,X4-creator-creator-the,X6-Fortress-Fortresses-null,X5-Old Fort-Old Fort-null, X1-subj-X2,X1-obj-X3,X1-obl_of-X4,X6-New-true,X6-has_name-Fortress,X5-rel-X6,X5-has_name-Old Fort,X1-obl_of-X5, X1-be-is-null,X2-which-Which-null,X3-nationality-nationality-the,X4-creator-creator-the,X6-Fortress-Fortresses-null,X5-Fort-Fort-null, X1-subj-X2,X1-obj-X3,X1-obl_of-X4,X6-has_name-New,X6-has_name-Fortress,X5-rel-X6,X5-Old-true,X5-has_name-Fort,X1-obl_of-X5, X1-be-is-null,X2-which-Which-null,X3-nationality-nationality-the,X4-creator-creator-the,X6-Fortress-Fortresses-null,X5-Fort-Fort-null, X1-subj-X2,X1-obj-X3,X1-obl_of-X4,X6-has_name-New,X6-has_name-Fortress,X5-rel-X6,X5-has_name-Old,X5-has_name-Fort,X1-obl_of-X5, X1-be-is-null,X2-which-Which-null,X3-nationality-nationality-the,X4-creator-creator-the,X6-Fortress-Fortresses-null,X5-Old Fort-Old Fort-null, X1-subj-X2,X1-obj-X3,X1-obl_of-X4,X6-has_name-New,X6-has_name-Fortress,X5-rel-X6,X5-has_name-Old Fort,X1-obl_of-X5, X1-be-is-null,X2-which-Which-null,X3-nationality-nationality-the,X4-creator-creator-the,X6-New Fortresses-New Fortresses-null,X5-Fort-Fort-null, X1-subj-X2,X1-obj-X3,X1-obl_of-X4,X6-has_name-New Fortresses,X5-rel-X6,X5-Old-true,X5-has_name-Fort,X1-obl_of-X5, X1-be-is-null,X2-which-Which-null,X3-nationality-nationality-the,X4-creator-creator-the,X6-New Fortresses-New Fortresses-null,X5-Fort-Fort-null, X1-subj-X2,X1-obj-X3,X1-obl_of-X4,X6-has_name-New Fortresses,X5-rel-X6,X5-has_name-Old,X5-has_name-Fort,X1-obl_of-X5, X1-be-is-null,X2-which-Which-null,X3-nationality-nationality-the,X4-creator-creator-the,X6-New Fortresses-New Fortresses-null,X5-Old Fort-Old Fort-null, X1-subj-X2,X1-obj-X3,X1-obl_of-X4,X6-has_name-New Fortresses,X5-rel-X6,X5-has_name-Old Fort,X1-obl_of-X5, X1-be-is-null,X2-which-Which-null,X4-creator-creator-the,X6-Fortress-Fortresses-null,X5-Fort-Fort-null,X3-nationality-nationality-the, X1-subj-X2,X3-of-X4,X6-New-true,X6-has_name-Fortress,X5-rel-X6,X5-Old-true,X5-has_name-Fort,X3-of-X5,X1-obj-X3, X1-be-is-null,X2-which-Which-null,X4-creator-creator-the,X6-Fortress-Fortresses-null,X5-Fort-Fort-null,X3-nationality-nationality-the, X1-subj-X2,X3-of-X4,X6-New-true,X6-has_name-Fortress,X5-rel-X6,X5-has_name-Old,X5-has_name-Fort,X3-of-X5,X1-obj-X3, X1-be-is-null,X2-which-Which-null,X4-creator-creator-the,X6-Fortress-Fortresses-null,X5-Old Fort-Old Fort-null,X3-nationality-nationality-the, X1-subj-X2,X3-of-X4,X6-New-true,X6-has_name-Fortress,X5-rel-X6,X5-has_name-Old Fort,X3-of-X5,X1-obj-X3, X1-be-is-null,X2-which-Which-null,X4-creator-creator-the,X6-Fortress-Fortresses-null,X5-Fort-Fort-null,X3-nationality-nationality-the, X1-subj-X2,X3-of-X4,X6-has_name-New,X6-has_name-Fortress,X5-rel-X6,X5-Old-true,X5-has_name-Fort,X3-of-X5,X1-obj-X3, X1-be-is-null,X2-which-Which-null,X4-creator-creator-the,X6-Fortress-Fortresses-null,X5-Fort-Fort-null,X3-nationality-nationality-the, X1-subj-X2,X3-of-X4,X6-has_name-New,X6-has_name-Fortress,X5-rel-X6,X5-has_name-Old,X5-has_name-Fort,X3-of-X5,X1-obj-X3, X1-be-is-null,X2-which-Which-null,X4-creator-creator-the,X6-Fortress-Fortresses-null,X5-Old Fort-Old Fort-null,X3-nationality-nationality-the, X1-subj-X2,X3-of-X4,X6-has_name-New,X6-has_name-Fortress,X5-rel-X6,X5-has_name-Old Fort,X3-of-X5,X1-obj-X3, X1-be-is-null,X2-which-Which-null,X4-creator-creator-the,X6-New Fortresses-New Fortresses-null,X5-Fort-Fort-null,X3-nationality-nationality-the, X1-subj-X2,X3-of-X4,X6-has_name-New Fortresses,X5-rel-X6,X5-Old-true,X5-has_name-Fort,X3-of-X5,X1-obj-X3, X1-be-is-null,X2-which-Which-null,X4-creator-creator-the,X6-New Fortresses-New Fortresses-null,X5-Fort-Fort-null,X3-nationality-nationality-the, X1-subj-X2,X3-of-X4,X6-has_name-New Fortresses,X5-rel-X6,X5-has_name-Old,X5-has_name-Fort,X3-of-X5,X1-obj-X3, X1-be-is-null,X2-which-Which-null,X4-creator-creator-the,X6-New Fortresses-New Fortresses-null,X5-Old Fort-Old Fort-null,X3-nationality-nationality-the, X1-subj-X2,X3-of-X4,X6-has_name-New Fortresses,X5-rel-X6,X5-has_name-Old Fort,X3-of-X5,X1-obj-X3, X1-be-is-null,X2-which-Which-null,X5-Fortress-Fortresses-null,X4-Fort-Fort-null,X3-nationality-nationality-the,X6-creator-creator-the, X1-subj-X2,X5-New-true,X5-has_name-Fortress,X4-rel-X5,X4-Old-true,X4-has_name-Fort,X3-of-X4,X1-obj-X3,X1-obl_of-X6, X1-be-is-null,X2-which-Which-null,X5-Fortress-Fortresses-null,X4-Fort-Fort-null,X3-nationality-nationality-the,X6-creator-creator-the, X1-subj-X2,X5-New-true,X5-has_name-Fortress,X4-rel-X5,X4-has_name-Old,X4-has_name-Fort,X3-of-X4,X1-obj-X3,X1-obl_of-X6, X1-be-is-null,X2-which-Which-null,X5-Fortress-Fortresses-null,X4-Old Fort-Old Fort-null,X3-nationality-nationality-the,X6-creator-creator-the, X1-subj-X2,X5-New-true,X5-has_name-Fortress,X4-rel-X5,X4-has_name-Old Fort,X3-of-X4,X1-obj-X3,X1-obl_of-X6, X1-be-is-null,X2-which-Which-null,X5-Fortress-Fortresses-null,X4-Fort-Fort-null,X3-nationality-nationality-the,X6-creator-creator-the, X1-subj-X2,X5-has_name-New,X5-has_name-Fortress,X4-rel-X5,X4-Old-true,X4-has_name-Fort,X3-of-X4,X1-obj-X3,X1-obl_of-X6, X1-be-is-null,X2-which-Which-null,X5-Fortress-Fortresses-null,X4-Fort-Fort-null,X3-nationality-nationality-the,X6-creator-creator-the, X1-subj-X2,X5-has_name-New,X5-has_name-Fortress,X4-rel-X5,X4-has_name-Old,X4-has_name-Fort,X3-of-X4,X1-obj-X3,X1-obl_of-X6, X1-be-is-null,X2-which-Which-null,X5-Fortress-Fortresses-null,X4-Old Fort-Old Fort-null,X3-nationality-nationality-the,X6-creator-creator-the, X1-subj-X2,X5-has_name-New,X5-has_name-Fortress,X4-rel-X5,X4-has_name-Old Fort,X3-of-X4,X1-obj-X3,X1-obl_of-X6, X1-be-is-null,X2-which-Which-null,X5-New Fortresses-New Fortresses-null,X4-Fort-Fort-null,X3-nationality-nationality-the,X6-creator-creator-the, X1-subj-X2,X5-has_name-New Fortresses,X4-rel-X5,X4-Old-true,X4-has_name-Fort,X3-of-X4,X1-obj-X3,X1-obl_of-X6, X1-be-is-null,X2-which-Which-null,X5-New Fortresses-New Fortresses-null,X4-Fort-Fort-null,X3-nationality-nationality-the,X6-creator-creator-the, X1-subj-X2,X5-has_name-New Fortresses,X4-rel-X5,X4-has_name-Old,X4-has_name-Fort,X3-of-X4,X1-obj-X3,X1-obl_of-X6, X1-be-is-null,X2-which-Which-null,X5-New Fortresses-New Fortresses-null,X4-Old Fort-Old Fort-null,X3-nationality-nationality-the,X6-creator-creator-the, X1-subj-X2,X5-has_name-New Fortresses,X4-rel-X5,X4-has_name-Old Fort,X3-of-X4,X1-obj-X3,X1-obl_of-X6, X1-be-is-null,X2-which-Which-null,X4-creator-creator-the,X3-nationality-nationality-the,X6-Fortress-Fortresses-null,X5-Fort-Fort-null, X1-subj-X2,X3-of-X4,X1-obj-X3,X6-New-true,X6-has_name-Fortress,X5-rel-X6,X5-Old-true,X5-has_name-Fort,X1-obl_of-X5, X1-be-is-null,X2-which-Which-null,X4-creator-creator-the,X3-nationality-nationality-the,X6-Fortress-Fortresses-null,X5-Fort-Fort-null, X1-subj-X2,X3-of-X4,X1-obj-X3,X6-New-true,X6-has_name-Fortress,X5-rel-X6,X5-has_name-Old,X5-has_name-Fort,X1-obl_of-X5, X1-be-is-null,X2-which-Which-null,X4-creator-creator-the,X3-nationality-nationality-the,X6-Fortress-Fortresses-null,X5-Old Fort-Old Fort-null, X1-subj-X2,X3-of-X4,X1-obj-X3,X6-New-true,X6-has_name-Fortress,X5-rel-X6,X5-has_name-Old Fort,X1-obl_of-X5, X1-be-is-null,X2-which-Which-null,X4-creator-creator-the,X3-nationality-nationality-the,X6-Fortress-Fortresses-null,X5-Fort-Fort-null, X1-subj-X2,X3-of-X4,X1-obj-X3,X6-has_name-New,X6-has_name-Fortress,X5-rel-X6,X5-Old-true,X5-has_name-Fort,X1-obl_of-X5, X1-be-is-null,X2-which-Which-null,X4-creator-creator-the,X3-nationality-nationality-the,X6-Fortress-Fortresses-null,X5-Fort-Fort-null, X1-subj-X2,X3-of-X4,X1-obj-X3,X6-has_name-New,X6-has_name-Fortress,X5-rel-X6,X5-has_name-Old,X5-has_name-Fort,X1-obl_of-X5, X1-be-is-null,X2-which-Which-null,X4-creator-creator-the,X3-nationality-nationality-the,X6-Fortress-Fortresses-null,X5-Old Fort-Old Fort-null, X1-subj-X2,X3-of-X4,X1-obj-X3,X6-has_name-New,X6-has_name-Fortress,X5-rel-X6,X5-has_name-Old Fort,X1-obl_of-X5, X1-be-is-null,X2-which-Which-null,X4-creator-creator-the,X3-nationality-nationality-the,X6-New Fortresses-New Fortresses-null,X5-Fort-Fort-null, X1-subj-X2,X3-of-X4,X1-obj-X3,X6-has_name-New Fortresses,X5-rel-X6,X5-Old-true,X5-has_name-Fort,X1-obl_of-X5, X1-be-is-null,X2-which-Which-null,X4-creator-creator-the,X3-nationality-nationality-the,X6-New Fortresses-New Fortresses-null,X5-Fort-Fort-null, X1-subj-X2,X3-of-X4,X1-obj-X3,X6-has_name-New Fortresses,X5-rel-X6,X5-has_name-Old,X5-has_name-Fort,X1-obl_of-X5, X1-be-is-null,X2-which-Which-null,X4-creator-creator-the,X3-nationality-nationality-the,X6-New Fortresses-New Fortresses-null,X5-Old Fort-Old Fort-null, X1-subj-X2,X3-of-X4,X1-obj-X3,X6-has_name-New Fortresses,X5-rel-X6,X5-has_name-Old Fort,X1-obl_of-X5,",Incorrect partial DRS,null,null
295,"Which is the nationality of the creator of Old Houses, Lausanne?"," X1-be-is-null,X2-which-Which-null,X5-house-Houses-null,X4-creator-creator-the,X3-nationality-nationality-the, X1-subj-X2,X5-has_name-Lausanne,X5-Old-true,X4-of-X5,X3-of-X4,X1-obj-X3, X1-be-is-null,X2-which-Which-null,X5-house-Houses-null,X4-creator-creator-the,X3-nationality-nationality-the, X1-subj-X2,X5-has_name-Lausanne,X5-has_name-Old,X4-of-X5,X3-of-X4,X1-obj-X3, X1-be-is-null,X2-which-Which-null,X5-Old Houses-Old Houses-null,X4-creator-creator-the,X3-nationality-nationality-the, X1-subj-X2,X5-has_name-Lausanne,X4-of-X5,X3-of-X4,X1-obj-X3, X1-be-is-null,X2-which-Which-null,X3-nationality-nationality-the,X5-house-Houses-null,X4-creator-creator-the, X1-subj-X2,X1-obj-X3,X5-has_name-Lausanne,X5-Old-true,X4-of-X5,X1-obl_of-X4, X1-be-is-null,X2-which-Which-null,X3-nationality-nationality-the,X5-house-Houses-null,X4-creator-creator-the, X1-subj-X2,X1-obj-X3,X5-has_name-Lausanne,X5-has_name-Old,X4-of-X5,X1-obl_of-X4, X1-be-is-null,X2-which-Which-null,X3-nationality-nationality-the,X5-Old Houses-Old Houses-null,X4-creator-creator-the, X1-subj-X2,X1-obj-X3,X5-has_name-Lausanne,X4-of-X5,X1-obl_of-X4, X1-be-is-null,X2-which-Which-null,X3-nationality-nationality-the,X4-creator-creator-the,X5-house-Houses-null, X1-subj-X2,X1-obj-X3,X1-obl_of-X4,X5-has_name-Lausanne,X5-Old-true,X1-obl_of-X5, X1-be-is-null,X2-which-Which-null,X3-nationality-nationality-the,X4-creator-creator-the,X5-house-Houses-null, X1-subj-X2,X1-obj-X3,X1-obl_of-X4,X5-has_name-Lausanne,X5-has_name-Old,X1-obl_of-X5, X1-be-is-null,X2-which-Which-null,X3-nationality-nationality-the,X4-creator-creator-the,X5-Old Houses-Old Houses-null, X1-subj-X2,X1-obj-X3,X1-obl_of-X4,X5-has_name-Lausanne,X1-obl_of-X5, X1-be-is-null,X2-which-Which-null,X4-creator-creator-the,X5-house-Houses-null,X3-nationality-nationality-the, X1-subj-X2,X3-of-X4,X5-has_name-Lausanne,X5-Old-true,X3-of-X5,X1-obj-X3, X1-be-is-null,X2-which-Which-null,X4-creator-creator-the,X5-house-Houses-null,X3-nationality-nationality-the, X1-subj-X2,X3-of-X4,X5-has_name-Lausanne,X5-has_name-Old,X3-of-X5,X1-obj-X3, X1-be-is-null,X2-which-Which-null,X4-creator-creator-the,X5-Old Houses-Old Houses-null,X3-nationality-nationality-the, X1-subj-X2,X3-of-X4,X5-has_name-Lausanne,X3-of-X5,X1-obj-X3, X1-be-is-null,X2-which-Which-null,X4-house-Houses-null,X3-nationality-nationality-the,X5-creator-creator-the, X1-subj-X2,X4-has_name-Lausanne,X4-Old-true,X3-of-X4,X1-obj-X3,X1-obl_of-X5, X1-be-is-null,X2-which-Which-null,X4-house-Houses-null,X3-nationality-nationality-the,X5-creator-creator-the, X1-subj-X2,X4-has_name-Lausanne,X4-has_name-Old,X3-of-X4,X1-obj-X3,X1-obl_of-X5, X1-be-is-null,X2-which-Which-null,X4-Old Houses-Old Houses-null,X3-nationality-nationality-the,X5-creator-creator-the, X1-subj-X2,X4-has_name-Lausanne,X3-of-X4,X1-obj-X3,X1-obl_of-X5, X1-be-is-null,X2-which-Which-null,X4-creator-creator-the,X3-nationality-nationality-the,X5-house-Houses-null, X1-subj-X2,X3-of-X4,X1-obj-X3,X5-has_name-Lausanne,X5-Old-true,X1-obl_of-X5, X1-be-is-null,X2-which-Which-null,X4-creator-creator-the,X3-nationality-nationality-the,X5-house-Houses-null, X1-subj-X2,X3-of-X4,X1-obj-X3,X5-has_name-Lausanne,X5-has_name-Old,X1-obl_of-X5, X1-be-is-null,X2-which-Which-null,X4-creator-creator-the,X3-nationality-nationality-the,X5-Old Houses-Old Houses-null, X1-subj-X2,X3-of-X4,X1-obj-X3,X5-has_name-Lausanne,X1-obl_of-X5,","Drs [
 tokens=[],
 dEntities=[
DEntity(X1, be, is, VERB, null, false, Query1, Query), 
DEntity(X2, which, Which, PRON, null, false, Qualifier2, Qualifier), 
DEntity(X5, house, Houses, NOUN, null, false, Artefact3, Artefact), 
DEntity(X4, creator, creator, NOUN, the, false, Artist4, Artist), 
DEntity(X3, nationality, nationality, NOUN, the, false, ConceptArtist5, ConceptArtist)],
 dConditions=[
DCondition(X1, subj, X2, propriedades= [qQualifier] --- []), 
DCondition(X5, has_name, Lausanne, propriedades= [] --- [has_name, has_text, who]), 
DCondition(X5, Old, true, propriedades= [] --- [has_name, has_text, who]), 
DCondition(X4, of, X5, propriedades= [author_of] --- []), 
DCondition(X3, of, X4, propriedades= [conc_of_Artist] --- []), 
DCondition(X1, obj, X3, propriedades= [select] --- []), 
DCondition(X1, has_text, be, propriedades= [] --- [has_name, has_text, who]), 
DCondition(X2, has_text, which, propriedades= [] --- [has_name, has_text, who]), 
DCondition(X5, has_text, house, propriedades= [] --- [has_name, has_text, who]), 
DCondition(X4, has_text, creator, propriedades= [] --- [has_name, has_text, who]), 
DCondition(X3, has_text, nationality, propriedades= [] --- [has_name, has_text, who]), 
DCondition(X2, has_name, null list, propriedades= [] --- [has_name, has_text, who]), 
DCondition(X1, obj, X2, propriedades= [qQualifier] --- [])]
 solu��es = []
 numeroFrase = 0
 numHasNames = 2
 numIndividuals = 5
 numEntitiesOk = 10
 numIsClass = 0
 numPropsOk = 5
 numEntitiesNOk = 0
 numClassesOk = 4]"," PREFIX rdf: <http://www.w3.org/1999/02/22-rdf-syntax-ns#> PREFIX xsd: <http://www.w3.org/2001/XMLSchema#> PREFIX rdfs: <http://www.w3.org/2000/01/rdf-schema#> PREFIX cidoc: <http://www.cidoc-crm.org/cidoc-crm/> SELECT  DISTINCT  ?snameConceptArtist5 ?ConceptArtist5 ?snameArtefact3 ?Artefact3 WHERE { {{?Artefact3 cidoc:P131_is_identified_by ?nameArtefact3 . ?nameArtefact3 rdf:value ?snameArtefact3 .}  UNION {?Artefact3 rdfs:label ?snameArtefact3 .}}  filter(regex(?snameArtefact3,""Lausanne"",""i"")) . ?prod cidoc:P14_carried_out_by ?Artist4 . ?Artefact3 cidoc:P108i_was_produced_by ?prod . ?Artist4 rdfs:label ?snameArtist4 . ?Artist4 cidoc:P107i_is_current_or_former_member_of ?ConceptArtist5. ?ConceptArtist5 rdfs:label ?snameConceptArtist5. }",true
296,Which is the nationality of the creator of Old Paris: Au Bacchus d'Or?,,Incorrect Stanza Parsing,null,null
297,Which is the nationality of the creator of On the Hayle?,,Incorrect Stanza Parsing,null,null
298,"Which is the nationality of the creator of Open House, Dutch Colonial?"," X1-be-is-null,X2-which-Which-null,X6-Colonial-Colonial-null,X5-House-House-null,X4-creator-creator-the,X3-nationality-nationality-the, X1-subj-X2,X6-dutch-true,X6-has_name-Colonial,X5-rel-X6,X5-Open-true,X5-has_name-House,X4-of-X5,X3-of-X4,X1-obj-X3, X1-be-is-null,X2-which-Which-null,X6-Colonial-Colonial-null,X5-House-House-null,X4-creator-creator-the,X3-nationality-nationality-the, X1-subj-X2,X6-dutch-true,X6-has_name-Colonial,X5-rel-X6,X5-has_name-Open,X5-has_name-House,X4-of-X5,X3-of-X4,X1-obj-X3, X1-be-is-null,X2-which-Which-null,X6-Colonial-Colonial-null,X5-Open House-Open House-null,X4-creator-creator-the,X3-nationality-nationality-the, X1-subj-X2,X6-dutch-true,X6-has_name-Colonial,X5-rel-X6,X5-has_name-Open House,X4-of-X5,X3-of-X4,X1-obj-X3, X1-be-is-null,X2-which-Which-null,X6-Colonial-Colonial-null,X5-House-House-null,X4-creator-creator-the,X3-nationality-nationality-the, X1-subj-X2,X6-has_name-Dutch,X6-has_name-Colonial,X5-rel-X6,X5-Open-true,X5-has_name-House,X4-of-X5,X3-of-X4,X1-obj-X3, X1-be-is-null,X2-which-Which-null,X6-Colonial-Colonial-null,X5-House-House-null,X4-creator-creator-the,X3-nationality-nationality-the, X1-subj-X2,X6-has_name-Dutch,X6-has_name-Colonial,X5-rel-X6,X5-has_name-Open,X5-has_name-House,X4-of-X5,X3-of-X4,X1-obj-X3, X1-be-is-null,X2-which-Which-null,X6-Colonial-Colonial-null,X5-Open House-Open House-null,X4-creator-creator-the,X3-nationality-nationality-the, X1-subj-X2,X6-has_name-Dutch,X6-has_name-Colonial,X5-rel-X6,X5-has_name-Open House,X4-of-X5,X3-of-X4,X1-obj-X3, X1-be-is-null,X2-which-Which-null,X6-Dutch Colonial-Dutch Colonial-null,X5-House-House-null,X4-creator-creator-the,X3-nationality-nationality-the, X1-subj-X2,X6-has_name-Dutch Colonial,X5-rel-X6,X5-Open-true,X5-has_name-House,X4-of-X5,X3-of-X4,X1-obj-X3, X1-be-is-null,X2-which-Which-null,X6-Dutch Colonial-Dutch Colonial-null,X5-House-House-null,X4-creator-creator-the,X3-nationality-nationality-the, X1-subj-X2,X6-has_name-Dutch Colonial,X5-rel-X6,X5-has_name-Open,X5-has_name-House,X4-of-X5,X3-of-X4,X1-obj-X3, X1-be-is-null,X2-which-Which-null,X6-Dutch Colonial-Dutch Colonial-null,X5-Open House-Open House-null,X4-creator-creator-the,X3-nationality-nationality-the, X1-subj-X2,X6-has_name-Dutch Colonial,X5-rel-X6,X5-has_name-Open House,X4-of-X5,X3-of-X4,X1-obj-X3, X1-be-is-null,X2-which-Which-null,X3-nationality-nationality-the,X6-Colonial-Colonial-null,X5-House-House-null,X4-creator-creator-the, X1-subj-X2,X1-obj-X3,X6-dutch-true,X6-has_name-Colonial,X5-rel-X6,X5-Open-true,X5-has_name-House,X4-of-X5,X1-obl_of-X4, X1-be-is-null,X2-which-Which-null,X3-nationality-nationality-the,X6-Colonial-Colonial-null,X5-House-House-null,X4-creator-creator-the, X1-subj-X2,X1-obj-X3,X6-dutch-true,X6-has_name-Colonial,X5-rel-X6,X5-has_name-Open,X5-has_name-House,X4-of-X5,X1-obl_of-X4, X1-be-is-null,X2-which-Which-null,X3-nationality-nationality-the,X6-Colonial-Colonial-null,X5-Open House-Open House-null,X4-creator-creator-the, X1-subj-X2,X1-obj-X3,X6-dutch-true,X6-has_name-Colonial,X5-rel-X6,X5-has_name-Open House,X4-of-X5,X1-obl_of-X4, X1-be-is-null,X2-which-Which-null,X3-nationality-nationality-the,X6-Colonial-Colonial-null,X5-House-House-null,X4-creator-creator-the, X1-subj-X2,X1-obj-X3,X6-has_name-Dutch,X6-has_name-Colonial,X5-rel-X6,X5-Open-true,X5-has_name-House,X4-of-X5,X1-obl_of-X4, X1-be-is-null,X2-which-Which-null,X3-nationality-nationality-the,X6-Colonial-Colonial-null,X5-House-House-null,X4-creator-creator-the, X1-subj-X2,X1-obj-X3,X6-has_name-Dutch,X6-has_name-Colonial,X5-rel-X6,X5-has_name-Open,X5-has_name-House,X4-of-X5,X1-obl_of-X4, X1-be-is-null,X2-which-Which-null,X3-nationality-nationality-the,X6-Colonial-Colonial-null,X5-Open House-Open House-null,X4-creator-creator-the, X1-subj-X2,X1-obj-X3,X6-has_name-Dutch,X6-has_name-Colonial,X5-rel-X6,X5-has_name-Open House,X4-of-X5,X1-obl_of-X4, X1-be-is-null,X2-which-Which-null,X3-nationality-nationality-the,X6-Dutch Colonial-Dutch Colonial-null,X5-House-House-null,X4-creator-creator-the, X1-subj-X2,X1-obj-X3,X6-has_name-Dutch Colonial,X5-rel-X6,X5-Open-true,X5-has_name-House,X4-of-X5,X1-obl_of-X4, X1-be-is-null,X2-which-Which-null,X3-nationality-nationality-the,X6-Dutch Colonial-Dutch Colonial-null,X5-House-House-null,X4-creator-creator-the, X1-subj-X2,X1-obj-X3,X6-has_name-Dutch Colonial,X5-rel-X6,X5-has_name-Open,X5-has_name-House,X4-of-X5,X1-obl_of-X4, X1-be-is-null,X2-which-Which-null,X3-nationality-nationality-the,X6-Dutch Colonial-Dutch Colonial-null,X5-Open House-Open House-null,X4-creator-creator-the, X1-subj-X2,X1-obj-X3,X6-has_name-Dutch Colonial,X5-rel-X6,X5-has_name-Open House,X4-of-X5,X1-obl_of-X4, X1-be-is-null,X2-which-Which-null,X3-nationality-nationality-the,X4-creator-creator-the,X6-Colonial-Colonial-null,X5-House-House-null, X1-subj-X2,X1-obj-X3,X1-obl_of-X4,X6-dutch-true,X6-has_name-Colonial,X5-rel-X6,X5-Open-true,X5-has_name-House,X1-obl_of-X5, X1-be-is-null,X2-which-Which-null,X3-nationality-nationality-the,X4-creator-creator-the,X6-Colonial-Colonial-null,X5-House-House-null, X1-subj-X2,X1-obj-X3,X1-obl_of-X4,X6-dutch-true,X6-has_name-Colonial,X5-rel-X6,X5-has_name-Open,X5-has_name-House,X1-obl_of-X5, X1-be-is-null,X2-which-Which-null,X3-nationality-nationality-the,X4-creator-creator-the,X6-Colonial-Colonial-null,X5-Open House-Open House-null, X1-subj-X2,X1-obj-X3,X1-obl_of-X4,X6-dutch-true,X6-has_name-Colonial,X5-rel-X6,X5-has_name-Open House,X1-obl_of-X5, X1-be-is-null,X2-which-Which-null,X3-nationality-nationality-the,X4-creator-creator-the,X6-Colonial-Colonial-null,X5-House-House-null, X1-subj-X2,X1-obj-X3,X1-obl_of-X4,X6-has_name-Dutch,X6-has_name-Colonial,X5-rel-X6,X5-Open-true,X5-has_name-House,X1-obl_of-X5, X1-be-is-null,X2-which-Which-null,X3-nationality-nationality-the,X4-creator-creator-the,X6-Colonial-Colonial-null,X5-House-House-null, X1-subj-X2,X1-obj-X3,X1-obl_of-X4,X6-has_name-Dutch,X6-has_name-Colonial,X5-rel-X6,X5-has_name-Open,X5-has_name-House,X1-obl_of-X5, X1-be-is-null,X2-which-Which-null,X3-nationality-nationality-the,X4-creator-creator-the,X6-Colonial-Colonial-null,X5-Open House-Open House-null, X1-subj-X2,X1-obj-X3,X1-obl_of-X4,X6-has_name-Dutch,X6-has_name-Colonial,X5-rel-X6,X5-has_name-Open House,X1-obl_of-X5, X1-be-is-null,X2-which-Which-null,X3-nationality-nationality-the,X4-creator-creator-the,X6-Dutch Colonial-Dutch Colonial-null,X5-House-House-null, X1-subj-X2,X1-obj-X3,X1-obl_of-X4,X6-has_name-Dutch Colonial,X5-rel-X6,X5-Open-true,X5-has_name-House,X1-obl_of-X5, X1-be-is-null,X2-which-Which-null,X3-nationality-nationality-the,X4-creator-creator-the,X6-Dutch Colonial-Dutch Colonial-null,X5-House-House-null, X1-subj-X2,X1-obj-X3,X1-obl_of-X4,X6-has_name-Dutch Colonial,X5-rel-X6,X5-has_name-Open,X5-has_name-House,X1-obl_of-X5, X1-be-is-null,X2-which-Which-null,X3-nationality-nationality-the,X4-creator-creator-the,X6-Dutch Colonial-Dutch Colonial-null,X5-Open House-Open House-null, X1-subj-X2,X1-obj-X3,X1-obl_of-X4,X6-has_name-Dutch Colonial,X5-rel-X6,X5-has_name-Open House,X1-obl_of-X5, X1-be-is-null,X2-which-Which-null,X4-creator-creator-the,X6-Colonial-Colonial-null,X5-House-House-null,X3-nationality-nationality-the, X1-subj-X2,X3-of-X4,X6-dutch-true,X6-has_name-Colonial,X5-rel-X6,X5-Open-true,X5-has_name-House,X3-of-X5,X1-obj-X3, X1-be-is-null,X2-which-Which-null,X4-creator-creator-the,X6-Colonial-Colonial-null,X5-House-House-null,X3-nationality-nationality-the, X1-subj-X2,X3-of-X4,X6-dutch-true,X6-has_name-Colonial,X5-rel-X6,X5-has_name-Open,X5-has_name-House,X3-of-X5,X1-obj-X3, X1-be-is-null,X2-which-Which-null,X4-creator-creator-the,X6-Colonial-Colonial-null,X5-Open House-Open House-null,X3-nationality-nationality-the, X1-subj-X2,X3-of-X4,X6-dutch-true,X6-has_name-Colonial,X5-rel-X6,X5-has_name-Open House,X3-of-X5,X1-obj-X3, X1-be-is-null,X2-which-Which-null,X4-creator-creator-the,X6-Colonial-Colonial-null,X5-House-House-null,X3-nationality-nationality-the, X1-subj-X2,X3-of-X4,X6-has_name-Dutch,X6-has_name-Colonial,X5-rel-X6,X5-Open-true,X5-has_name-House,X3-of-X5,X1-obj-X3, X1-be-is-null,X2-which-Which-null,X4-creator-creator-the,X6-Colonial-Colonial-null,X5-House-House-null,X3-nationality-nationality-the, X1-subj-X2,X3-of-X4,X6-has_name-Dutch,X6-has_name-Colonial,X5-rel-X6,X5-has_name-Open,X5-has_name-House,X3-of-X5,X1-obj-X3, X1-be-is-null,X2-which-Which-null,X4-creator-creator-the,X6-Colonial-Colonial-null,X5-Open House-Open House-null,X3-nationality-nationality-the, X1-subj-X2,X3-of-X4,X6-has_name-Dutch,X6-has_name-Colonial,X5-rel-X6,X5-has_name-Open House,X3-of-X5,X1-obj-X3, X1-be-is-null,X2-which-Which-null,X4-creator-creator-the,X6-Dutch Colonial-Dutch Colonial-null,X5-House-House-null,X3-nationality-nationality-the, X1-subj-X2,X3-of-X4,X6-has_name-Dutch Colonial,X5-rel-X6,X5-Open-true,X5-has_name-House,X3-of-X5,X1-obj-X3, X1-be-is-null,X2-which-Which-null,X4-creator-creator-the,X6-Dutch Colonial-Dutch Colonial-null,X5-House-House-null,X3-nationality-nationality-the, X1-subj-X2,X3-of-X4,X6-has_name-Dutch Colonial,X5-rel-X6,X5-has_name-Open,X5-has_name-House,X3-of-X5,X1-obj-X3, X1-be-is-null,X2-which-Which-null,X4-creator-creator-the,X6-Dutch Colonial-Dutch Colonial-null,X5-Open House-Open House-null,X3-nationality-nationality-the, X1-subj-X2,X3-of-X4,X6-has_name-Dutch Colonial,X5-rel-X6,X5-has_name-Open House,X3-of-X5,X1-obj-X3, X1-be-is-null,X2-which-Which-null,X5-Colonial-Colonial-null,X4-House-House-null,X3-nationality-nationality-the,X6-creator-creator-the, X1-subj-X2,X5-dutch-true,X5-has_name-Colonial,X4-rel-X5,X4-Open-true,X4-has_name-House,X3-of-X4,X1-obj-X3,X1-obl_of-X6, X1-be-is-null,X2-which-Which-null,X5-Colonial-Colonial-null,X4-House-House-null,X3-nationality-nationality-the,X6-creator-creator-the, X1-subj-X2,X5-dutch-true,X5-has_name-Colonial,X4-rel-X5,X4-has_name-Open,X4-has_name-House,X3-of-X4,X1-obj-X3,X1-obl_of-X6, X1-be-is-null,X2-which-Which-null,X5-Colonial-Colonial-null,X4-Open House-Open House-null,X3-nationality-nationality-the,X6-creator-creator-the, X1-subj-X2,X5-dutch-true,X5-has_name-Colonial,X4-rel-X5,X4-has_name-Open House,X3-of-X4,X1-obj-X3,X1-obl_of-X6, X1-be-is-null,X2-which-Which-null,X5-Colonial-Colonial-null,X4-House-House-null,X3-nationality-nationality-the,X6-creator-creator-the, X1-subj-X2,X5-has_name-Dutch,X5-has_name-Colonial,X4-rel-X5,X4-Open-true,X4-has_name-House,X3-of-X4,X1-obj-X3,X1-obl_of-X6, X1-be-is-null,X2-which-Which-null,X5-Colonial-Colonial-null,X4-House-House-null,X3-nationality-nationality-the,X6-creator-creator-the, X1-subj-X2,X5-has_name-Dutch,X5-has_name-Colonial,X4-rel-X5,X4-has_name-Open,X4-has_name-House,X3-of-X4,X1-obj-X3,X1-obl_of-X6, X1-be-is-null,X2-which-Which-null,X5-Colonial-Colonial-null,X4-Open House-Open House-null,X3-nationality-nationality-the,X6-creator-creator-the, X1-subj-X2,X5-has_name-Dutch,X5-has_name-Colonial,X4-rel-X5,X4-has_name-Open House,X3-of-X4,X1-obj-X3,X1-obl_of-X6, X1-be-is-null,X2-which-Which-null,X5-Dutch Colonial-Dutch Colonial-null,X4-House-House-null,X3-nationality-nationality-the,X6-creator-creator-the, X1-subj-X2,X5-has_name-Dutch Colonial,X4-rel-X5,X4-Open-true,X4-has_name-House,X3-of-X4,X1-obj-X3,X1-obl_of-X6, X1-be-is-null,X2-which-Which-null,X5-Dutch Colonial-Dutch Colonial-null,X4-House-House-null,X3-nationality-nationality-the,X6-creator-creator-the, X1-subj-X2,X5-has_name-Dutch Colonial,X4-rel-X5,X4-has_name-Open,X4-has_name-House,X3-of-X4,X1-obj-X3,X1-obl_of-X6, X1-be-is-null,X2-which-Which-null,X5-Dutch Colonial-Dutch Colonial-null,X4-Open House-Open House-null,X3-nationality-nationality-the,X6-creator-creator-the, X1-subj-X2,X5-has_name-Dutch Colonial,X4-rel-X5,X4-has_name-Open House,X3-of-X4,X1-obj-X3,X1-obl_of-X6, X1-be-is-null,X2-which-Which-null,X4-creator-creator-the,X3-nationality-nationality-the,X6-Colonial-Colonial-null,X5-House-House-null, X1-subj-X2,X3-of-X4,X1-obj-X3,X6-dutch-true,X6-has_name-Colonial,X5-rel-X6,X5-Open-true,X5-has_name-House,X1-obl_of-X5, X1-be-is-null,X2-which-Which-null,X4-creator-creator-the,X3-nationality-nationality-the,X6-Colonial-Colonial-null,X5-House-House-null, X1-subj-X2,X3-of-X4,X1-obj-X3,X6-dutch-true,X6-has_name-Colonial,X5-rel-X6,X5-has_name-Open,X5-has_name-House,X1-obl_of-X5, X1-be-is-null,X2-which-Which-null,X4-creator-creator-the,X3-nationality-nationality-the,X6-Colonial-Colonial-null,X5-Open House-Open House-null, X1-subj-X2,X3-of-X4,X1-obj-X3,X6-dutch-true,X6-has_name-Colonial,X5-rel-X6,X5-has_name-Open House,X1-obl_of-X5, X1-be-is-null,X2-which-Which-null,X4-creator-creator-the,X3-nationality-nationality-the,X6-Colonial-Colonial-null,X5-House-House-null, X1-subj-X2,X3-of-X4,X1-obj-X3,X6-has_name-Dutch,X6-has_name-Colonial,X5-rel-X6,X5-Open-true,X5-has_name-House,X1-obl_of-X5, X1-be-is-null,X2-which-Which-null,X4-creator-creator-the,X3-nationality-nationality-the,X6-Colonial-Colonial-null,X5-House-House-null, X1-subj-X2,X3-of-X4,X1-obj-X3,X6-has_name-Dutch,X6-has_name-Colonial,X5-rel-X6,X5-has_name-Open,X5-has_name-House,X1-obl_of-X5, X1-be-is-null,X2-which-Which-null,X4-creator-creator-the,X3-nationality-nationality-the,X6-Colonial-Colonial-null,X5-Open House-Open House-null, X1-subj-X2,X3-of-X4,X1-obj-X3,X6-has_name-Dutch,X6-has_name-Colonial,X5-rel-X6,X5-has_name-Open House,X1-obl_of-X5, X1-be-is-null,X2-which-Which-null,X4-creator-creator-the,X3-nationality-nationality-the,X6-Dutch Colonial-Dutch Colonial-null,X5-House-House-null, X1-subj-X2,X3-of-X4,X1-obj-X3,X6-has_name-Dutch Colonial,X5-rel-X6,X5-Open-true,X5-has_name-House,X1-obl_of-X5, X1-be-is-null,X2-which-Which-null,X4-creator-creator-the,X3-nationality-nationality-the,X6-Dutch Colonial-Dutch Colonial-null,X5-House-House-null, X1-subj-X2,X3-of-X4,X1-obj-X3,X6-has_name-Dutch Colonial,X5-rel-X6,X5-has_name-Open,X5-has_name-House,X1-obl_of-X5, X1-be-is-null,X2-which-Which-null,X4-creator-creator-the,X3-nationality-nationality-the,X6-Dutch Colonial-Dutch Colonial-null,X5-Open House-Open House-null, X1-subj-X2,X3-of-X4,X1-obj-X3,X6-has_name-Dutch Colonial,X5-rel-X6,X5-has_name-Open House,X1-obl_of-X5,",Incorrect partial DRS,null,null
299,Which is the nationality of the creator of Open?," X1-be-is-null,X2-which-Which-null,X5-Open-Open-null,X4-creator-creator-the,X3-nationality-nationality-the, X1-subj-X2,X5-has_name-Open,X4-of-X5,X3-of-X4,X1-obj-X3, X1-be-is-null,X2-which-Which-null,X3-nationality-nationality-the,X5-Open-Open-null,X4-creator-creator-the, X1-subj-X2,X1-obj-X3,X5-has_name-Open,X4-of-X5,X1-obl_of-X4, X1-be-is-null,X2-which-Which-null,X3-nationality-nationality-the,X4-creator-creator-the,X5-Open-Open-null, X1-subj-X2,X1-obj-X3,X1-obl_of-X4,X5-has_name-Open,X1-obl_of-X5, X1-be-is-null,X2-which-Which-null,X4-creator-creator-the,X5-Open-Open-null,X3-nationality-nationality-the, X1-subj-X2,X3-of-X4,X5-has_name-Open,X3-of-X5,X1-obj-X3, X1-be-is-null,X2-which-Which-null,X4-Open-Open-null,X3-nationality-nationality-the,X5-creator-creator-the, X1-subj-X2,X4-has_name-Open,X3-of-X4,X1-obj-X3,X1-obl_of-X5, X1-be-is-null,X2-which-Which-null,X4-creator-creator-the,X3-nationality-nationality-the,X5-Open-Open-null, X1-subj-X2,X3-of-X4,X1-obj-X3,X5-has_name-Open,X1-obl_of-X5,","Drs [
 tokens=[],
 dEntities=[
DEntity(X1, be, is, VERB, null, false, Query1, Query), 
DEntity(X2, which, Which, PRON, null, false, Qualifier2, Qualifier), 
DEntity(X5, Open, Open, PROPN, null, false, Artefact3, Artefact), 
DEntity(X4, creator, creator, NOUN, the, false, Artist4, Artist), 
DEntity(X3, nationality, nationality, NOUN, the, false, ConceptArtist5, ConceptArtist)],
 dConditions=[
DCondition(X1, subj, X2, propriedades= [qQualifier] --- []), 
DCondition(X5, has_name, Open, propriedades= [] --- [has_name, has_text, who]), 
DCondition(X4, of, X5, propriedades= [author_of] --- []), 
DCondition(X3, of, X4, propriedades= [conc_of_Artist] --- []), 
DCondition(X1, obj, X3, propriedades= [select] --- []), 
DCondition(X1, has_text, be, propriedades= [] --- [has_name, has_text, who]), 
DCondition(X2, has_text, which, propriedades= [] --- [has_name, has_text, who]), 
DCondition(X5, has_text, Open, propriedades= [] --- [has_name, has_text, who]), 
DCondition(X4, has_text, creator, propriedades= [] --- [has_name, has_text, who]), 
DCondition(X3, has_text, nationality, propriedades= [] --- [has_name, has_text, who]), 
DCondition(X2, has_name, null list, propriedades= [] --- [has_name, has_text, who]), 
DCondition(X1, obj, X2, propriedades= [qQualifier] --- [])]
 solu��es = []
 numeroFrase = 0
 numHasNames = 2
 numIndividuals = 5
 numEntitiesOk = 10
 numIsClass = 0
 numPropsOk = 5
 numEntitiesNOk = 0
 numClassesOk = 4]"," PREFIX rdf: <http://www.w3.org/1999/02/22-rdf-syntax-ns#> PREFIX xsd: <http://www.w3.org/2001/XMLSchema#> PREFIX rdfs: <http://www.w3.org/2000/01/rdf-schema#> PREFIX cidoc: <http://www.cidoc-crm.org/cidoc-crm/> SELECT  DISTINCT  ?snameConceptArtist5 ?ConceptArtist5 ?snameArtefact3 ?Artefact3 WHERE { {{?Artefact3 cidoc:P131_is_identified_by ?nameArtefact3 . ?nameArtefact3 rdf:value ?snameArtefact3 .}  UNION {?Artefact3 rdfs:label ?snameArtefact3 .}}  filter(regex(?snameArtefact3,""Open"",""i"")) . ?prod cidoc:P14_carried_out_by ?Artist4 . ?Artefact3 cidoc:P108i_was_produced_by ?prod . ?Artist4 rdfs:label ?snameArtist4 . ?Artist4 cidoc:P107i_is_current_or_former_member_of ?ConceptArtist5. ?ConceptArtist5 rdfs:label ?snameConceptArtist5. }",true
300,Which is the nationality of the creator of Ornamental Hands: Figure One?,,Incorrect Stanza Parsing,null,null
301,"Which is the nationality of the creator of Over the Harbor, Centerport?",,Incorrect Stanza Parsing,null,null
302,Which is the nationality of the creator of Palisades Pines?," X1-be-is-null,X2-which-Which-null,X5-Palisades Pines-Palisades Pines-null,X4-creator-creator-the,X3-nationality-nationality-the, X1-subj-X2,X5-has_name-Palisades Pines,X4-of-X5,X3-of-X4,X1-obj-X3, X1-be-is-null,X2-which-Which-null,X3-nationality-nationality-the,X5-Palisades Pines-Palisades Pines-null,X4-creator-creator-the, X1-subj-X2,X1-obj-X3,X5-has_name-Palisades Pines,X4-of-X5,X1-obl_of-X4, X1-be-is-null,X2-which-Which-null,X3-nationality-nationality-the,X4-creator-creator-the,X5-Palisades Pines-Palisades Pines-null, X1-subj-X2,X1-obj-X3,X1-obl_of-X4,X5-has_name-Palisades Pines,X1-obl_of-X5, X1-be-is-null,X2-which-Which-null,X4-creator-creator-the,X5-Palisades Pines-Palisades Pines-null,X3-nationality-nationality-the, X1-subj-X2,X3-of-X4,X5-has_name-Palisades Pines,X3-of-X5,X1-obj-X3, X1-be-is-null,X2-which-Which-null,X4-Palisades Pines-Palisades Pines-null,X3-nationality-nationality-the,X5-creator-creator-the, X1-subj-X2,X4-has_name-Palisades Pines,X3-of-X4,X1-obj-X3,X1-obl_of-X5, X1-be-is-null,X2-which-Which-null,X4-creator-creator-the,X3-nationality-nationality-the,X5-Palisades Pines-Palisades Pines-null, X1-subj-X2,X3-of-X4,X1-obj-X3,X5-has_name-Palisades Pines,X1-obl_of-X5,","Drs [
 tokens=[],
 dEntities=[
DEntity(X1, be, is, VERB, null, false, Query1, Query), 
DEntity(X2, which, Which, PRON, null, false, Qualifier2, Qualifier), 
DEntity(X5, Palisades Pines, Palisades Pines, PROPN, null, false, Artefact3, Artefact), 
DEntity(X4, creator, creator, NOUN, the, false, Artist4, Artist), 
DEntity(X3, nationality, nationality, NOUN, the, false, ConceptArtist5, ConceptArtist)],
 dConditions=[
DCondition(X1, subj, X2, propriedades= [qQualifier] --- []), 
DCondition(X5, has_name, Palisades Pines, propriedades= [] --- [has_name, has_text, who]), 
DCondition(X4, of, X5, propriedades= [author_of] --- []), 
DCondition(X3, of, X4, propriedades= [conc_of_Artist] --- []), 
DCondition(X1, obj, X3, propriedades= [select] --- []), 
DCondition(X1, has_text, be, propriedades= [] --- [has_name, has_text, who]), 
DCondition(X2, has_text, which, propriedades= [] --- [has_name, has_text, who]), 
DCondition(X5, has_text, Palisades Pines, propriedades= [] --- [has_name, has_text, who]), 
DCondition(X4, has_text, creator, propriedades= [] --- [has_name, has_text, who]), 
DCondition(X3, has_text, nationality, propriedades= [] --- [has_name, has_text, who]), 
DCondition(X2, has_name, null list, propriedades= [] --- [has_name, has_text, who]), 
DCondition(X1, obj, X2, propriedades= [qQualifier] --- [])]
 solu��es = []
 numeroFrase = 0
 numHasNames = 2
 numIndividuals = 5
 numEntitiesOk = 10
 numIsClass = 0
 numPropsOk = 5
 numEntitiesNOk = 0
 numClassesOk = 4]"," PREFIX rdf: <http://www.w3.org/1999/02/22-rdf-syntax-ns#> PREFIX xsd: <http://www.w3.org/2001/XMLSchema#> PREFIX rdfs: <http://www.w3.org/2000/01/rdf-schema#> PREFIX cidoc: <http://www.cidoc-crm.org/cidoc-crm/> SELECT  DISTINCT  ?snameConceptArtist5 ?ConceptArtist5 ?snameArtefact3 ?Artefact3 WHERE { {{?Artefact3 cidoc:P131_is_identified_by ?nameArtefact3 . ?nameArtefact3 rdf:value ?snameArtefact3 .}  UNION {?Artefact3 rdfs:label ?snameArtefact3 .}}  filter(regex(?snameArtefact3,""Palisades Pines"",""i"")) . ?prod cidoc:P14_carried_out_by ?Artist4 . ?Artefact3 cidoc:P108i_was_produced_by ?prod . ?Artist4 rdfs:label ?snameArtist4 . ?Artist4 cidoc:P107i_is_current_or_former_member_of ?ConceptArtist5. ?ConceptArtist5 rdfs:label ?snameConceptArtist5. }",true
303,Which is the nationality of the creator of Parking Lot?," X1-be-is-null,X2-which-Which-null,X5-parking Lot-Parking Lot-null,X4-creator-creator-the,X3-nationality-nationality-the, X1-subj-X2,X5-has_name-parking Lot,X4-of-X5,X3-of-X4,X1-obj-X3, X1-be-is-null,X2-which-Which-null,X3-nationality-nationality-the,X5-parking Lot-Parking Lot-null,X4-creator-creator-the, X1-subj-X2,X1-obj-X3,X5-has_name-parking Lot,X4-of-X5,X1-obl_of-X4, X1-be-is-null,X2-which-Which-null,X3-nationality-nationality-the,X4-creator-creator-the,X5-parking Lot-Parking Lot-null, X1-subj-X2,X1-obj-X3,X1-obl_of-X4,X5-has_name-parking Lot,X1-obl_of-X5, X1-be-is-null,X2-which-Which-null,X4-creator-creator-the,X5-parking Lot-Parking Lot-null,X3-nationality-nationality-the, X1-subj-X2,X3-of-X4,X5-has_name-parking Lot,X3-of-X5,X1-obj-X3, X1-be-is-null,X2-which-Which-null,X4-parking Lot-Parking Lot-null,X3-nationality-nationality-the,X5-creator-creator-the, X1-subj-X2,X4-has_name-parking Lot,X3-of-X4,X1-obj-X3,X1-obl_of-X5, X1-be-is-null,X2-which-Which-null,X4-creator-creator-the,X3-nationality-nationality-the,X5-parking Lot-Parking Lot-null, X1-subj-X2,X3-of-X4,X1-obj-X3,X5-has_name-parking Lot,X1-obl_of-X5,","Drs [
 tokens=[],
 dEntities=[
DEntity(X1, be, is, VERB, null, false, Query1, Query), 
DEntity(X2, which, Which, PRON, null, false, Qualifier2, Qualifier), 
DEntity(X5, parking Lot, Parking Lot, PROPN, null, false, Artefact3, Artefact), 
DEntity(X4, creator, creator, NOUN, the, false, Artist4, Artist), 
DEntity(X3, nationality, nationality, NOUN, the, false, ConceptArtist5, ConceptArtist)],
 dConditions=[
DCondition(X1, subj, X2, propriedades= [qQualifier] --- []), 
DCondition(X5, has_name, parking Lot, propriedades= [] --- [has_name, has_text, who]), 
DCondition(X4, of, X5, propriedades= [author_of] --- []), 
DCondition(X3, of, X4, propriedades= [conc_of_Artist] --- []), 
DCondition(X1, obj, X3, propriedades= [select] --- []), 
DCondition(X1, has_text, be, propriedades= [] --- [has_name, has_text, who]), 
DCondition(X2, has_text, which, propriedades= [] --- [has_name, has_text, who]), 
DCondition(X5, has_text, parking Lot, propriedades= [] --- [has_name, has_text, who]), 
DCondition(X4, has_text, creator, propriedades= [] --- [has_name, has_text, who]), 
DCondition(X3, has_text, nationality, propriedades= [] --- [has_name, has_text, who]), 
DCondition(X2, has_name, null list, propriedades= [] --- [has_name, has_text, who]), 
DCondition(X1, obj, X2, propriedades= [qQualifier] --- [])]
 solu��es = []
 numeroFrase = 0
 numHasNames = 2
 numIndividuals = 5
 numEntitiesOk = 10
 numIsClass = 0
 numPropsOk = 5
 numEntitiesNOk = 0
 numClassesOk = 4]"," PREFIX rdf: <http://www.w3.org/1999/02/22-rdf-syntax-ns#> PREFIX xsd: <http://www.w3.org/2001/XMLSchema#> PREFIX rdfs: <http://www.w3.org/2000/01/rdf-schema#> PREFIX cidoc: <http://www.cidoc-crm.org/cidoc-crm/> SELECT  DISTINCT  ?snameConceptArtist5 ?ConceptArtist5 ?snameArtefact3 ?Artefact3 WHERE { {{?Artefact3 cidoc:P131_is_identified_by ?nameArtefact3 . ?nameArtefact3 rdf:value ?snameArtefact3 .}  UNION {?Artefact3 rdfs:label ?snameArtefact3 .}}  filter(regex(?snameArtefact3,""parking Lot"",""i"")) . ?prod cidoc:P14_carried_out_by ?Artist4 . ?Artefact3 cidoc:P108i_was_produced_by ?prod . ?Artist4 rdfs:label ?snameArtist4 . ?Artist4 cidoc:P107i_is_current_or_former_member_of ?ConceptArtist5. ?ConceptArtist5 rdfs:label ?snameConceptArtist5. }",true
304,Which is the nationality of the creator of Passing Song?," X1-be-is-null,X2-which-Which-null,X5-Song-Song-null,X4-creator-creator-the,X3-nationality-nationality-the, X1-subj-X2,X5-pass-true,X5-has_name-Song,X4-of-X5,X3-of-X4,X1-obj-X3, X1-be-is-null,X2-which-Which-null,X5-Song-Song-null,X4-creator-creator-the,X3-nationality-nationality-the, X1-subj-X2,X5-has_name-Passing,X5-has_name-Song,X4-of-X5,X3-of-X4,X1-obj-X3, X1-be-is-null,X2-which-Which-null,X5-Passing Song-Passing Song-null,X4-creator-creator-the,X3-nationality-nationality-the, X1-subj-X2,X5-has_name-Passing Song,X4-of-X5,X3-of-X4,X1-obj-X3, X1-be-is-null,X2-which-Which-null,X3-nationality-nationality-the,X5-Song-Song-null,X4-creator-creator-the, X1-subj-X2,X1-obj-X3,X5-pass-true,X5-has_name-Song,X4-of-X5,X1-obl_of-X4, X1-be-is-null,X2-which-Which-null,X3-nationality-nationality-the,X5-Song-Song-null,X4-creator-creator-the, X1-subj-X2,X1-obj-X3,X5-has_name-Passing,X5-has_name-Song,X4-of-X5,X1-obl_of-X4, X1-be-is-null,X2-which-Which-null,X3-nationality-nationality-the,X5-Passing Song-Passing Song-null,X4-creator-creator-the, X1-subj-X2,X1-obj-X3,X5-has_name-Passing Song,X4-of-X5,X1-obl_of-X4, X1-be-is-null,X2-which-Which-null,X3-nationality-nationality-the,X4-creator-creator-the,X5-Song-Song-null, X1-subj-X2,X1-obj-X3,X1-obl_of-X4,X5-pass-true,X5-has_name-Song,X1-obl_of-X5, X1-be-is-null,X2-which-Which-null,X3-nationality-nationality-the,X4-creator-creator-the,X5-Song-Song-null, X1-subj-X2,X1-obj-X3,X1-obl_of-X4,X5-has_name-Passing,X5-has_name-Song,X1-obl_of-X5, X1-be-is-null,X2-which-Which-null,X3-nationality-nationality-the,X4-creator-creator-the,X5-Passing Song-Passing Song-null, X1-subj-X2,X1-obj-X3,X1-obl_of-X4,X5-has_name-Passing Song,X1-obl_of-X5, X1-be-is-null,X2-which-Which-null,X4-creator-creator-the,X5-Song-Song-null,X3-nationality-nationality-the, X1-subj-X2,X3-of-X4,X5-pass-true,X5-has_name-Song,X3-of-X5,X1-obj-X3, X1-be-is-null,X2-which-Which-null,X4-creator-creator-the,X5-Song-Song-null,X3-nationality-nationality-the, X1-subj-X2,X3-of-X4,X5-has_name-Passing,X5-has_name-Song,X3-of-X5,X1-obj-X3, X1-be-is-null,X2-which-Which-null,X4-creator-creator-the,X5-Passing Song-Passing Song-null,X3-nationality-nationality-the, X1-subj-X2,X3-of-X4,X5-has_name-Passing Song,X3-of-X5,X1-obj-X3, X1-be-is-null,X2-which-Which-null,X4-Song-Song-null,X3-nationality-nationality-the,X5-creator-creator-the, X1-subj-X2,X4-pass-true,X4-has_name-Song,X3-of-X4,X1-obj-X3,X1-obl_of-X5, X1-be-is-null,X2-which-Which-null,X4-Song-Song-null,X3-nationality-nationality-the,X5-creator-creator-the, X1-subj-X2,X4-has_name-Passing,X4-has_name-Song,X3-of-X4,X1-obj-X3,X1-obl_of-X5, X1-be-is-null,X2-which-Which-null,X4-Passing Song-Passing Song-null,X3-nationality-nationality-the,X5-creator-creator-the, X1-subj-X2,X4-has_name-Passing Song,X3-of-X4,X1-obj-X3,X1-obl_of-X5, X1-be-is-null,X2-which-Which-null,X4-creator-creator-the,X3-nationality-nationality-the,X5-Song-Song-null, X1-subj-X2,X3-of-X4,X1-obj-X3,X5-pass-true,X5-has_name-Song,X1-obl_of-X5, X1-be-is-null,X2-which-Which-null,X4-creator-creator-the,X3-nationality-nationality-the,X5-Song-Song-null, X1-subj-X2,X3-of-X4,X1-obj-X3,X5-has_name-Passing,X5-has_name-Song,X1-obl_of-X5, X1-be-is-null,X2-which-Which-null,X4-creator-creator-the,X3-nationality-nationality-the,X5-Passing Song-Passing Song-null, X1-subj-X2,X3-of-X4,X1-obj-X3,X5-has_name-Passing Song,X1-obl_of-X5,","Drs [
 tokens=[],
 dEntities=[
DEntity(X1, be, is, VERB, null, false, Query1, Query), 
DEntity(X2, which, Which, PRON, null, false, Qualifier2, Qualifier), 
DEntity(X5, Song, Song, PROPN, null, false, Artefact3, Artefact), 
DEntity(X4, creator, creator, NOUN, the, false, Artist4, Artist), 
DEntity(X3, nationality, nationality, NOUN, the, false, ConceptArtist5, ConceptArtist)],
 dConditions=[
DCondition(X1, subj, X2, propriedades= [qQualifier] --- []), 
DCondition(X5, pass, true, propriedades= [] --- [has_name, has_text, who]), 
DCondition(X5, has_name, Song, propriedades= [] --- [has_name, has_text, who]), 
DCondition(X4, of, X5, propriedades= [author_of] --- []), 
DCondition(X3, of, X4, propriedades= [conc_of_Artist] --- []), 
DCondition(X1, obj, X3, propriedades= [select] --- []), 
DCondition(X1, has_text, be, propriedades= [] --- [has_name, has_text, who]), 
DCondition(X2, has_text, which, propriedades= [] --- [has_name, has_text, who]), 
DCondition(X5, has_text, Song, propriedades= [] --- [has_name, has_text, who]), 
DCondition(X4, has_text, creator, propriedades= [] --- [has_name, has_text, who]), 
DCondition(X3, has_text, nationality, propriedades= [] --- [has_name, has_text, who]), 
DCondition(X2, has_name, null list, propriedades= [] --- [has_name, has_text, who]), 
DCondition(X1, obj, X2, propriedades= [qQualifier] --- [])]
 solu��es = []
 numeroFrase = 0
 numHasNames = 2
 numIndividuals = 5
 numEntitiesOk = 10
 numIsClass = 0
 numPropsOk = 5
 numEntitiesNOk = 0
 numClassesOk = 4]"," PREFIX rdf: <http://www.w3.org/1999/02/22-rdf-syntax-ns#> PREFIX xsd: <http://www.w3.org/2001/XMLSchema#> PREFIX rdfs: <http://www.w3.org/2000/01/rdf-schema#> PREFIX cidoc: <http://www.cidoc-crm.org/cidoc-crm/> SELECT  DISTINCT  ?snameConceptArtist5 ?ConceptArtist5 ?snameArtefact3 ?Artefact3 WHERE { {{?Artefact3 cidoc:P131_is_identified_by ?nameArtefact3 . ?nameArtefact3 rdf:value ?snameArtefact3 .}  UNION {?Artefact3 rdfs:label ?snameArtefact3 .}}  filter(regex(?snameArtefact3,""Song"",""i"")) . ?prod cidoc:P14_carried_out_by ?Artist4 . ?Artefact3 cidoc:P108i_was_produced_by ?prod . ?Artist4 rdfs:label ?snameArtist4 . ?Artist4 cidoc:P107i_is_current_or_former_member_of ?ConceptArtist5. ?ConceptArtist5 rdfs:label ?snameConceptArtist5. }",true
305,Which is the nationality of the creator of Paul Wayland Bartlett?," X1-be-is-null,X2-which-Which-null,X5-Paul Wayland Bartlett-Paul-null,X4-creator-creator-the,X3-nationality-nationality-the, X1-subj-X2,X5-has_name-Paul Wayland Bartlett,X4-of-X5,X3-of-X4,X1-obj-X3, X1-be-is-null,X2-which-Which-null,X3-nationality-nationality-the,X5-Paul Wayland Bartlett-Paul-null,X4-creator-creator-the, X1-subj-X2,X1-obj-X3,X5-has_name-Paul Wayland Bartlett,X4-of-X5,X1-obl_of-X4, X1-be-is-null,X2-which-Which-null,X3-nationality-nationality-the,X4-creator-creator-the,X5-Paul Wayland Bartlett-Paul-null, X1-subj-X2,X1-obj-X3,X1-obl_of-X4,X5-has_name-Paul Wayland Bartlett,X1-obl_of-X5, X1-be-is-null,X2-which-Which-null,X4-creator-creator-the,X5-Paul Wayland Bartlett-Paul-null,X3-nationality-nationality-the, X1-subj-X2,X3-of-X4,X5-has_name-Paul Wayland Bartlett,X3-of-X5,X1-obj-X3, X1-be-is-null,X2-which-Which-null,X4-Paul Wayland Bartlett-Paul-null,X3-nationality-nationality-the,X5-creator-creator-the, X1-subj-X2,X4-has_name-Paul Wayland Bartlett,X3-of-X4,X1-obj-X3,X1-obl_of-X5, X1-be-is-null,X2-which-Which-null,X4-creator-creator-the,X3-nationality-nationality-the,X5-Paul Wayland Bartlett-Paul-null, X1-subj-X2,X3-of-X4,X1-obj-X3,X5-has_name-Paul Wayland Bartlett,X1-obl_of-X5,","Drs [
 tokens=[],
 dEntities=[
DEntity(X1, be, is, VERB, null, false, Query1, Query), 
DEntity(X2, which, Which, PRON, null, false, Qualifier2, Qualifier), 
DEntity(X5, Paul Wayland Bartlett, Paul, PROPN, null, false, Artefact3, Artefact), 
DEntity(X4, creator, creator, NOUN, the, false, Artist4, Artist), 
DEntity(X3, nationality, nationality, NOUN, the, false, ConceptArtist5, ConceptArtist)],
 dConditions=[
DCondition(X1, subj, X2, propriedades= [qQualifier] --- []), 
DCondition(X5, has_name, Paul Wayland Bartlett, propriedades= [] --- [has_name, has_text, who]), 
DCondition(X4, of, X5, propriedades= [author_of] --- []), 
DCondition(X3, of, X4, propriedades= [conc_of_Artist] --- []), 
DCondition(X1, obj, X3, propriedades= [select] --- []), 
DCondition(X1, has_text, be, propriedades= [] --- [has_name, has_text, who]), 
DCondition(X2, has_text, which, propriedades= [] --- [has_name, has_text, who]), 
DCondition(X5, has_text, Paul Wayland Bartlett, propriedades= [] --- [has_name, has_text, who]), 
DCondition(X4, has_text, creator, propriedades= [] --- [has_name, has_text, who]), 
DCondition(X3, has_text, nationality, propriedades= [] --- [has_name, has_text, who]), 
DCondition(X2, has_name, null list, propriedades= [] --- [has_name, has_text, who]), 
DCondition(X1, obj, X2, propriedades= [qQualifier] --- [])]
 solu��es = []
 numeroFrase = 0
 numHasNames = 2
 numIndividuals = 5
 numEntitiesOk = 10
 numIsClass = 0
 numPropsOk = 5
 numEntitiesNOk = 0
 numClassesOk = 4]"," PREFIX rdf: <http://www.w3.org/1999/02/22-rdf-syntax-ns#> PREFIX xsd: <http://www.w3.org/2001/XMLSchema#> PREFIX rdfs: <http://www.w3.org/2000/01/rdf-schema#> PREFIX cidoc: <http://www.cidoc-crm.org/cidoc-crm/> SELECT  DISTINCT  ?snameConceptArtist5 ?ConceptArtist5 ?snameArtefact3 ?Artefact3 WHERE { {{?Artefact3 cidoc:P131_is_identified_by ?nameArtefact3 . ?nameArtefact3 rdf:value ?snameArtefact3 .}  UNION {?Artefact3 rdfs:label ?snameArtefact3 .}}  filter(regex(?snameArtefact3,""Paul Wayland Bartlett"",""i"")) . ?prod cidoc:P14_carried_out_by ?Artist4 . ?Artefact3 cidoc:P108i_was_produced_by ?prod . ?Artist4 rdfs:label ?snameArtist4 . ?Artist4 cidoc:P107i_is_current_or_former_member_of ?ConceptArtist5. ?ConceptArtist5 rdfs:label ?snameConceptArtist5. }",true
306,Which is the nationality of the creator of Paul's Housevan?,,Incorrect Stanza Parsing,null,null
307,Which is the nationality of the creator of Peony Bouquet?," X1-be-is-null,X2-which-Which-null,X5-Peony Bouquet-Peony Bouquet-null,X4-creator-creator-the,X3-nationality-nationality-the, X1-subj-X2,X5-has_name-Peony Bouquet,X4-of-X5,X3-of-X4,X1-obj-X3, X1-be-is-null,X2-which-Which-null,X3-nationality-nationality-the,X5-Peony Bouquet-Peony Bouquet-null,X4-creator-creator-the, X1-subj-X2,X1-obj-X3,X5-has_name-Peony Bouquet,X4-of-X5,X1-obl_of-X4, X1-be-is-null,X2-which-Which-null,X3-nationality-nationality-the,X4-creator-creator-the,X5-Peony Bouquet-Peony Bouquet-null, X1-subj-X2,X1-obj-X3,X1-obl_of-X4,X5-has_name-Peony Bouquet,X1-obl_of-X5, X1-be-is-null,X2-which-Which-null,X4-creator-creator-the,X5-Peony Bouquet-Peony Bouquet-null,X3-nationality-nationality-the, X1-subj-X2,X3-of-X4,X5-has_name-Peony Bouquet,X3-of-X5,X1-obj-X3, X1-be-is-null,X2-which-Which-null,X4-Peony Bouquet-Peony Bouquet-null,X3-nationality-nationality-the,X5-creator-creator-the, X1-subj-X2,X4-has_name-Peony Bouquet,X3-of-X4,X1-obj-X3,X1-obl_of-X5, X1-be-is-null,X2-which-Which-null,X4-creator-creator-the,X3-nationality-nationality-the,X5-Peony Bouquet-Peony Bouquet-null, X1-subj-X2,X3-of-X4,X1-obj-X3,X5-has_name-Peony Bouquet,X1-obl_of-X5,","Drs [
 tokens=[],
 dEntities=[
DEntity(X1, be, is, VERB, null, false, Query1, Query), 
DEntity(X2, which, Which, PRON, null, false, Qualifier2, Qualifier), 
DEntity(X5, Peony Bouquet, Peony Bouquet, PROPN, null, false, Artefact3, Artefact), 
DEntity(X4, creator, creator, NOUN, the, false, Artist4, Artist), 
DEntity(X3, nationality, nationality, NOUN, the, false, ConceptArtist5, ConceptArtist)],
 dConditions=[
DCondition(X1, subj, X2, propriedades= [qQualifier] --- []), 
DCondition(X5, has_name, Peony Bouquet, propriedades= [] --- [has_name, has_text, who]), 
DCondition(X4, of, X5, propriedades= [author_of] --- []), 
DCondition(X3, of, X4, propriedades= [conc_of_Artist] --- []), 
DCondition(X1, obj, X3, propriedades= [select] --- []), 
DCondition(X1, has_text, be, propriedades= [] --- [has_name, has_text, who]), 
DCondition(X2, has_text, which, propriedades= [] --- [has_name, has_text, who]), 
DCondition(X5, has_text, Peony Bouquet, propriedades= [] --- [has_name, has_text, who]), 
DCondition(X4, has_text, creator, propriedades= [] --- [has_name, has_text, who]), 
DCondition(X3, has_text, nationality, propriedades= [] --- [has_name, has_text, who]), 
DCondition(X2, has_name, null list, propriedades= [] --- [has_name, has_text, who]), 
DCondition(X1, obj, X2, propriedades= [qQualifier] --- [])]
 solu��es = []
 numeroFrase = 0
 numHasNames = 2
 numIndividuals = 5
 numEntitiesOk = 10
 numIsClass = 0
 numPropsOk = 5
 numEntitiesNOk = 0
 numClassesOk = 4]"," PREFIX rdf: <http://www.w3.org/1999/02/22-rdf-syntax-ns#> PREFIX xsd: <http://www.w3.org/2001/XMLSchema#> PREFIX rdfs: <http://www.w3.org/2000/01/rdf-schema#> PREFIX cidoc: <http://www.cidoc-crm.org/cidoc-crm/> SELECT  DISTINCT  ?snameConceptArtist5 ?ConceptArtist5 ?snameArtefact3 ?Artefact3 WHERE { {{?Artefact3 cidoc:P131_is_identified_by ?nameArtefact3 . ?nameArtefact3 rdf:value ?snameArtefact3 .}  UNION {?Artefact3 rdfs:label ?snameArtefact3 .}}  filter(regex(?snameArtefact3,""Peony Bouquet"",""i"")) . ?prod cidoc:P14_carried_out_by ?Artist4 . ?Artefact3 cidoc:P108i_was_produced_by ?prod . ?Artist4 rdfs:label ?snameArtist4 . ?Artist4 cidoc:P107i_is_current_or_former_member_of ?ConceptArtist5. ?ConceptArtist5 rdfs:label ?snameConceptArtist5. }",true
308,Which is the nationality of the creator of Pioneers?," X1-be-is-null,X2-which-Which-null,X5-Pioneer-Pioneers-null,X4-creator-creator-the,X3-nationality-nationality-the, X1-subj-X2,X5-has_name-Pioneer,X4-of-X5,X3-of-X4,X1-obj-X3, X1-be-is-null,X2-which-Which-null,X3-nationality-nationality-the,X5-Pioneer-Pioneers-null,X4-creator-creator-the, X1-subj-X2,X1-obj-X3,X5-has_name-Pioneer,X4-of-X5,X1-obl_of-X4, X1-be-is-null,X2-which-Which-null,X3-nationality-nationality-the,X4-creator-creator-the,X5-Pioneer-Pioneers-null, X1-subj-X2,X1-obj-X3,X1-obl_of-X4,X5-has_name-Pioneer,X1-obl_of-X5, X1-be-is-null,X2-which-Which-null,X4-creator-creator-the,X5-Pioneer-Pioneers-null,X3-nationality-nationality-the, X1-subj-X2,X3-of-X4,X5-has_name-Pioneer,X3-of-X5,X1-obj-X3, X1-be-is-null,X2-which-Which-null,X4-Pioneer-Pioneers-null,X3-nationality-nationality-the,X5-creator-creator-the, X1-subj-X2,X4-has_name-Pioneer,X3-of-X4,X1-obj-X3,X1-obl_of-X5, X1-be-is-null,X2-which-Which-null,X4-creator-creator-the,X3-nationality-nationality-the,X5-Pioneer-Pioneers-null, X1-subj-X2,X3-of-X4,X1-obj-X3,X5-has_name-Pioneer,X1-obl_of-X5,","Drs [
 tokens=[],
 dEntities=[
DEntity(X1, be, is, VERB, null, false, Query1, Query), 
DEntity(X2, which, Which, PRON, null, false, Qualifier2, Qualifier), 
DEntity(X5, Pioneer, Pioneers, PROPN, null, false, Artefact3, Artefact), 
DEntity(X4, creator, creator, NOUN, the, false, Artist4, Artist), 
DEntity(X3, nationality, nationality, NOUN, the, false, ConceptArtist5, ConceptArtist)],
 dConditions=[
DCondition(X1, subj, X2, propriedades= [qQualifier] --- []), 
DCondition(X5, has_name, Pioneer, propriedades= [] --- [has_name, has_text, who]), 
DCondition(X4, of, X5, propriedades= [author_of] --- []), 
DCondition(X3, of, X4, propriedades= [conc_of_Artist] --- []), 
DCondition(X1, obj, X3, propriedades= [select] --- []), 
DCondition(X1, has_text, be, propriedades= [] --- [has_name, has_text, who]), 
DCondition(X2, has_text, which, propriedades= [] --- [has_name, has_text, who]), 
DCondition(X5, has_text, Pioneer, propriedades= [] --- [has_name, has_text, who]), 
DCondition(X4, has_text, creator, propriedades= [] --- [has_name, has_text, who]), 
DCondition(X3, has_text, nationality, propriedades= [] --- [has_name, has_text, who]), 
DCondition(X2, has_name, null list, propriedades= [] --- [has_name, has_text, who]), 
DCondition(X1, obj, X2, propriedades= [qQualifier] --- [])]
 solu��es = []
 numeroFrase = 0
 numHasNames = 2
 numIndividuals = 5
 numEntitiesOk = 10
 numIsClass = 0
 numPropsOk = 5
 numEntitiesNOk = 0
 numClassesOk = 4]"," PREFIX rdf: <http://www.w3.org/1999/02/22-rdf-syntax-ns#> PREFIX xsd: <http://www.w3.org/2001/XMLSchema#> PREFIX rdfs: <http://www.w3.org/2000/01/rdf-schema#> PREFIX cidoc: <http://www.cidoc-crm.org/cidoc-crm/> SELECT  DISTINCT  ?snameConceptArtist5 ?ConceptArtist5 ?snameArtefact3 ?Artefact3 WHERE { {{?Artefact3 cidoc:P131_is_identified_by ?nameArtefact3 . ?nameArtefact3 rdf:value ?snameArtefact3 .}  UNION {?Artefact3 rdfs:label ?snameArtefact3 .}}  filter(regex(?snameArtefact3,""Pioneer"",""i"")) . ?prod cidoc:P14_carried_out_by ?Artist4 . ?Artefact3 cidoc:P108i_was_produced_by ?prod . ?Artist4 rdfs:label ?snameArtist4 . ?Artist4 cidoc:P107i_is_current_or_former_member_of ?ConceptArtist5. ?ConceptArtist5 rdfs:label ?snameConceptArtist5. }",true
309,Which is the nationality of the creator of Plaza?," X1-be-is-null,X2-which-Which-null,X5-Plaza-Plaza-null,X4-creator-creator-the,X3-nationality-nationality-the, X1-subj-X2,X5-has_name-Plaza,X4-of-X5,X3-of-X4,X1-obj-X3, X1-be-is-null,X2-which-Which-null,X3-nationality-nationality-the,X5-Plaza-Plaza-null,X4-creator-creator-the, X1-subj-X2,X1-obj-X3,X5-has_name-Plaza,X4-of-X5,X1-obl_of-X4, X1-be-is-null,X2-which-Which-null,X3-nationality-nationality-the,X4-creator-creator-the,X5-Plaza-Plaza-null, X1-subj-X2,X1-obj-X3,X1-obl_of-X4,X5-has_name-Plaza,X1-obl_of-X5, X1-be-is-null,X2-which-Which-null,X4-creator-creator-the,X5-Plaza-Plaza-null,X3-nationality-nationality-the, X1-subj-X2,X3-of-X4,X5-has_name-Plaza,X3-of-X5,X1-obj-X3, X1-be-is-null,X2-which-Which-null,X4-Plaza-Plaza-null,X3-nationality-nationality-the,X5-creator-creator-the, X1-subj-X2,X4-has_name-Plaza,X3-of-X4,X1-obj-X3,X1-obl_of-X5, X1-be-is-null,X2-which-Which-null,X4-creator-creator-the,X3-nationality-nationality-the,X5-Plaza-Plaza-null, X1-subj-X2,X3-of-X4,X1-obj-X3,X5-has_name-Plaza,X1-obl_of-X5,","Drs [
 tokens=[],
 dEntities=[
DEntity(X1, be, is, VERB, null, false, Query1, Query), 
DEntity(X2, which, Which, PRON, null, false, Qualifier2, Qualifier), 
DEntity(X5, Plaza, Plaza, PROPN, null, false, Artefact3, Artefact), 
DEntity(X4, creator, creator, NOUN, the, false, Artist4, Artist), 
DEntity(X3, nationality, nationality, NOUN, the, false, ConceptArtist5, ConceptArtist)],
 dConditions=[
DCondition(X1, subj, X2, propriedades= [qQualifier] --- []), 
DCondition(X5, has_name, Plaza, propriedades= [] --- [has_name, has_text, who]), 
DCondition(X4, of, X5, propriedades= [author_of] --- []), 
DCondition(X3, of, X4, propriedades= [conc_of_Artist] --- []), 
DCondition(X1, obj, X3, propriedades= [select] --- []), 
DCondition(X1, has_text, be, propriedades= [] --- [has_name, has_text, who]), 
DCondition(X2, has_text, which, propriedades= [] --- [has_name, has_text, who]), 
DCondition(X5, has_text, Plaza, propriedades= [] --- [has_name, has_text, who]), 
DCondition(X4, has_text, creator, propriedades= [] --- [has_name, has_text, who]), 
DCondition(X3, has_text, nationality, propriedades= [] --- [has_name, has_text, who]), 
DCondition(X2, has_name, null list, propriedades= [] --- [has_name, has_text, who]), 
DCondition(X1, obj, X2, propriedades= [qQualifier] --- [])]
 solu��es = []
 numeroFrase = 0
 numHasNames = 2
 numIndividuals = 5
 numEntitiesOk = 10
 numIsClass = 0
 numPropsOk = 5
 numEntitiesNOk = 0
 numClassesOk = 4]"," PREFIX rdf: <http://www.w3.org/1999/02/22-rdf-syntax-ns#> PREFIX xsd: <http://www.w3.org/2001/XMLSchema#> PREFIX rdfs: <http://www.w3.org/2000/01/rdf-schema#> PREFIX cidoc: <http://www.cidoc-crm.org/cidoc-crm/> SELECT  DISTINCT  ?snameConceptArtist5 ?ConceptArtist5 ?snameArtefact3 ?Artefact3 WHERE { {{?Artefact3 cidoc:P131_is_identified_by ?nameArtefact3 . ?nameArtefact3 rdf:value ?snameArtefact3 .}  UNION {?Artefact3 rdfs:label ?snameArtefact3 .}}  filter(regex(?snameArtefact3,""Plaza"",""i"")) . ?prod cidoc:P14_carried_out_by ?Artist4 . ?Artefact3 cidoc:P108i_was_produced_by ?prod . ?Artist4 rdfs:label ?snameArtist4 . ?Artist4 cidoc:P107i_is_current_or_former_member_of ?ConceptArtist5. ?ConceptArtist5 rdfs:label ?snameConceptArtist5. }",true
310,Which is the nationality of the creator of Pleasure and Power?," X1-be-is-null,X2-which-Which-null,X6-power-Power-null,X5-pleasure-Pleasure-null,X4-creator-creator-the,X3-nationality-nationality-the, X1-subj-X2,X4-of-X6,X4-of-X5,X3-of-X4,X1-obj-X3, X1-be-is-null,X2-which-Which-null,X3-nationality-nationality-the,X6-power-Power-null,X5-pleasure-Pleasure-null,X4-creator-creator-the, X1-subj-X2,X1-obj-X3,X4-of-X6,X4-of-X5,X1-obl_of-X4, X1-be-is-null,X2-which-Which-null,X3-nationality-nationality-the,X4-creator-creator-the,X6-power-Power-null,X5-pleasure-Pleasure-null, X1-subj-X2,X1-obj-X3,X1-obl_of-X4,X1-obl_of-X6,X1-obl_of-X5, X1-be-is-null,X2-which-Which-null,X4-creator-creator-the,X6-power-Power-null,X5-pleasure-Pleasure-null,X3-nationality-nationality-the, X1-subj-X2,X3-of-X4,X3-of-X6,X3-of-X5,X1-obj-X3, X1-be-is-null,X2-which-Which-null,X5-power-Power-null,X4-pleasure-Pleasure-null,X3-nationality-nationality-the,X6-creator-creator-the, X1-subj-X2,X3-of-X5,X3-of-X4,X1-obj-X3,X1-obl_of-X6, X1-be-is-null,X2-which-Which-null,X4-creator-creator-the,X3-nationality-nationality-the,X6-power-Power-null,X5-pleasure-Pleasure-null, X1-subj-X2,X3-of-X4,X1-obj-X3,X1-obl_of-X6,X1-obl_of-X5,",Incorrect partial DRS,null,null
311,"Which is the nationality of the creator of Pont du Gard, France?",,Incorrect Stanza Parsing,null,null
312,Which is the nationality of the creator of Portrait of Isabel Bishop?," X1-be-is-null,X2-which-Which-null,X6-Isabel Bishop-Isabel-null,X5-portrait-Portrait-null,X4-creator-creator-the,X3-nationality-nationality-the, X1-subj-X2,X6-has_name-Isabel Bishop,X5-of-X6,X5-has_name-portrait,X4-of-X5,X3-of-X4,X1-obj-X3, X1-be-is-null,X2-which-Which-null,X3-nationality-nationality-the,X6-Isabel Bishop-Isabel-null,X5-portrait-Portrait-null,X4-creator-creator-the, X1-subj-X2,X1-obj-X3,X6-has_name-Isabel Bishop,X5-of-X6,X5-has_name-portrait,X4-of-X5,X1-obl_of-X4, X1-be-is-null,X2-which-Which-null,X3-nationality-nationality-the,X4-creator-creator-the,X6-Isabel Bishop-Isabel-null,X5-portrait-Portrait-null, X1-subj-X2,X1-obj-X3,X1-obl_of-X4,X6-has_name-Isabel Bishop,X5-of-X6,X5-has_name-portrait,X1-obl_of-X5, X1-be-is-null,X2-which-Which-null,X3-nationality-nationality-the,X4-creator-creator-the,X5-portrait-Portrait-null,X6-Isabel Bishop-Isabel-null, X1-subj-X2,X1-obj-X3,X1-obl_of-X4,X5-has_name-portrait,X1-obl_of-X5,X6-has_name-Isabel Bishop,X1-obl_of-X6, X1-be-is-null,X2-which-Which-null,X3-nationality-nationality-the,X5-portrait-Portrait-null,X6-Isabel Bishop-Isabel-null,X4-creator-creator-the, X1-subj-X2,X1-obj-X3,X5-has_name-portrait,X4-of-X5,X6-has_name-Isabel Bishop,X4-of-X6,X1-obl_of-X4, X1-be-is-null,X2-which-Which-null,X4-creator-creator-the,X6-Isabel Bishop-Isabel-null,X5-portrait-Portrait-null,X3-nationality-nationality-the, X1-subj-X2,X3-of-X4,X6-has_name-Isabel Bishop,X5-of-X6,X5-has_name-portrait,X3-of-X5,X1-obj-X3, X1-be-is-null,X2-which-Which-null,X5-Isabel Bishop-Isabel-null,X4-portrait-Portrait-null,X3-nationality-nationality-the,X6-creator-creator-the, X1-subj-X2,X5-has_name-Isabel Bishop,X4-of-X5,X4-has_name-portrait,X3-of-X4,X1-obj-X3,X1-obl_of-X6, X1-be-is-null,X2-which-Which-null,X4-creator-creator-the,X3-nationality-nationality-the,X6-Isabel Bishop-Isabel-null,X5-portrait-Portrait-null, X1-subj-X2,X3-of-X4,X1-obj-X3,X6-has_name-Isabel Bishop,X5-of-X6,X5-has_name-portrait,X1-obl_of-X5, X1-be-is-null,X2-which-Which-null,X4-creator-creator-the,X5-portrait-Portrait-null,X6-Isabel Bishop-Isabel-null,X3-nationality-nationality-the, X1-subj-X2,X3-of-X4,X5-has_name-portrait,X3-of-X5,X6-has_name-Isabel Bishop,X3-of-X6,X1-obj-X3, X1-be-is-null,X2-which-Which-null,X5-portrait-Portrait-null,X6-Isabel Bishop-Isabel-null,X4-creator-creator-the,X3-nationality-nationality-the, X1-subj-X2,X5-has_name-portrait,X4-of-X5,X6-has_name-Isabel Bishop,X4-of-X6,X3-of-X4,X1-obj-X3,",Incorrect partial DRS,null,null
313,Which is the nationality of the creator of Portrait of a Child?," X1-be-is-null,X2-which-Which-null,X6-child-Child-a,X5-portrait-Portrait-null,X4-creator-creator-the,X3-nationality-nationality-the, X1-subj-X2,X5-of-X6,X5-has_name-portrait,X4-of-X5,X3-of-X4,X1-obj-X3, X1-be-is-null,X2-which-Which-null,X3-nationality-nationality-the,X6-child-Child-a,X5-portrait-Portrait-null,X4-creator-creator-the, X1-subj-X2,X1-obj-X3,X5-of-X6,X5-has_name-portrait,X4-of-X5,X1-obl_of-X4, X1-be-is-null,X2-which-Which-null,X3-nationality-nationality-the,X4-creator-creator-the,X6-child-Child-a,X5-portrait-Portrait-null, X1-subj-X2,X1-obj-X3,X1-obl_of-X4,X5-of-X6,X5-has_name-portrait,X1-obl_of-X5, X1-be-is-null,X2-which-Which-null,X3-nationality-nationality-the,X4-creator-creator-the,X5-portrait-Portrait-null,X6-child-Child-a, X1-subj-X2,X1-obj-X3,X1-obl_of-X4,X5-has_name-portrait,X1-obl_of-X5,X1-obl_of-X6, X1-be-is-null,X2-which-Which-null,X3-nationality-nationality-the,X5-portrait-Portrait-null,X6-child-Child-a,X4-creator-creator-the, X1-subj-X2,X1-obj-X3,X5-has_name-portrait,X4-of-X5,X4-of-X6,X1-obl_of-X4, X1-be-is-null,X2-which-Which-null,X4-creator-creator-the,X6-child-Child-a,X5-portrait-Portrait-null,X3-nationality-nationality-the, X1-subj-X2,X3-of-X4,X5-of-X6,X5-has_name-portrait,X3-of-X5,X1-obj-X3, X1-be-is-null,X2-which-Which-null,X5-child-Child-a,X4-portrait-Portrait-null,X3-nationality-nationality-the,X6-creator-creator-the, X1-subj-X2,X4-of-X5,X4-has_name-portrait,X3-of-X4,X1-obj-X3,X1-obl_of-X6, X1-be-is-null,X2-which-Which-null,X4-creator-creator-the,X3-nationality-nationality-the,X6-child-Child-a,X5-portrait-Portrait-null, X1-subj-X2,X3-of-X4,X1-obj-X3,X5-of-X6,X5-has_name-portrait,X1-obl_of-X5, X1-be-is-null,X2-which-Which-null,X4-creator-creator-the,X5-portrait-Portrait-null,X6-child-Child-a,X3-nationality-nationality-the, X1-subj-X2,X3-of-X4,X5-has_name-portrait,X3-of-X5,X3-of-X6,X1-obj-X3, X1-be-is-null,X2-which-Which-null,X5-portrait-Portrait-null,X6-child-Child-a,X4-creator-creator-the,X3-nationality-nationality-the, X1-subj-X2,X5-has_name-portrait,X4-of-X5,X4-of-X6,X3-of-X4,X1-obj-X3,",Incorrect partial DRS,null,null
314,Which is the nationality of the creator of Quadra?," X1-be-is-null,X2-which-Which-null,X5-quadra-Quadra-null,X4-creator-creator-the,X3-nationality-nationality-the, X1-subj-X2,X5-has_name-quadra,X4-of-X5,X3-of-X4,X1-obj-X3, X1-be-is-null,X2-which-Which-null,X3-nationality-nationality-the,X5-quadra-Quadra-null,X4-creator-creator-the, X1-subj-X2,X1-obj-X3,X5-has_name-quadra,X4-of-X5,X1-obl_of-X4, X1-be-is-null,X2-which-Which-null,X3-nationality-nationality-the,X4-creator-creator-the,X5-quadra-Quadra-null, X1-subj-X2,X1-obj-X3,X1-obl_of-X4,X5-has_name-quadra,X1-obl_of-X5, X1-be-is-null,X2-which-Which-null,X4-creator-creator-the,X5-quadra-Quadra-null,X3-nationality-nationality-the, X1-subj-X2,X3-of-X4,X5-has_name-quadra,X3-of-X5,X1-obj-X3, X1-be-is-null,X2-which-Which-null,X4-quadra-Quadra-null,X3-nationality-nationality-the,X5-creator-creator-the, X1-subj-X2,X4-has_name-quadra,X3-of-X4,X1-obj-X3,X1-obl_of-X5, X1-be-is-null,X2-which-Which-null,X4-creator-creator-the,X3-nationality-nationality-the,X5-quadra-Quadra-null, X1-subj-X2,X3-of-X4,X1-obj-X3,X5-has_name-quadra,X1-obl_of-X5,",Incorrect partial DRS,null,null
315,Which is the nationality of the creator of Radish Salad Bowl?,,Incorrect Stanza Parsing,null,null
316,Which is the nationality of the creator of Rectangular Plate?," X1-be-is-null,X2-which-Which-null,X5-plate-Plate-null,X4-creator-creator-the,X3-nationality-nationality-the, X1-subj-X2,X5-Rectangular-true,X4-of-X5,X3-of-X4,X1-obj-X3, X1-be-is-null,X2-which-Which-null,X5-plate-Plate-null,X4-creator-creator-the,X3-nationality-nationality-the, X1-subj-X2,X5-has_name-Rectangular,X4-of-X5,X3-of-X4,X1-obj-X3, X1-be-is-null,X2-which-Which-null,X5-Rectangular Plate-Rectangular Plate-null,X4-creator-creator-the,X3-nationality-nationality-the, X1-subj-X2,X4-of-X5,X3-of-X4,X1-obj-X3, X1-be-is-null,X2-which-Which-null,X3-nationality-nationality-the,X5-plate-Plate-null,X4-creator-creator-the, X1-subj-X2,X1-obj-X3,X5-Rectangular-true,X4-of-X5,X1-obl_of-X4, X1-be-is-null,X2-which-Which-null,X3-nationality-nationality-the,X5-plate-Plate-null,X4-creator-creator-the, X1-subj-X2,X1-obj-X3,X5-has_name-Rectangular,X4-of-X5,X1-obl_of-X4, X1-be-is-null,X2-which-Which-null,X3-nationality-nationality-the,X5-Rectangular Plate-Rectangular Plate-null,X4-creator-creator-the, X1-subj-X2,X1-obj-X3,X4-of-X5,X1-obl_of-X4, X1-be-is-null,X2-which-Which-null,X3-nationality-nationality-the,X4-creator-creator-the,X5-plate-Plate-null, X1-subj-X2,X1-obj-X3,X1-obl_of-X4,X5-Rectangular-true,X1-obl_of-X5, X1-be-is-null,X2-which-Which-null,X3-nationality-nationality-the,X4-creator-creator-the,X5-plate-Plate-null, X1-subj-X2,X1-obj-X3,X1-obl_of-X4,X5-has_name-Rectangular,X1-obl_of-X5, X1-be-is-null,X2-which-Which-null,X3-nationality-nationality-the,X4-creator-creator-the,X5-Rectangular Plate-Rectangular Plate-null, X1-subj-X2,X1-obj-X3,X1-obl_of-X4,X1-obl_of-X5, X1-be-is-null,X2-which-Which-null,X4-creator-creator-the,X5-plate-Plate-null,X3-nationality-nationality-the, X1-subj-X2,X3-of-X4,X5-Rectangular-true,X3-of-X5,X1-obj-X3, X1-be-is-null,X2-which-Which-null,X4-creator-creator-the,X5-plate-Plate-null,X3-nationality-nationality-the, X1-subj-X2,X3-of-X4,X5-has_name-Rectangular,X3-of-X5,X1-obj-X3, X1-be-is-null,X2-which-Which-null,X4-creator-creator-the,X5-Rectangular Plate-Rectangular Plate-null,X3-nationality-nationality-the, X1-subj-X2,X3-of-X4,X3-of-X5,X1-obj-X3, X1-be-is-null,X2-which-Which-null,X4-plate-Plate-null,X3-nationality-nationality-the,X5-creator-creator-the, X1-subj-X2,X4-Rectangular-true,X3-of-X4,X1-obj-X3,X1-obl_of-X5, X1-be-is-null,X2-which-Which-null,X4-plate-Plate-null,X3-nationality-nationality-the,X5-creator-creator-the, X1-subj-X2,X4-has_name-Rectangular,X3-of-X4,X1-obj-X3,X1-obl_of-X5, X1-be-is-null,X2-which-Which-null,X4-Rectangular Plate-Rectangular Plate-null,X3-nationality-nationality-the,X5-creator-creator-the, X1-subj-X2,X3-of-X4,X1-obj-X3,X1-obl_of-X5, X1-be-is-null,X2-which-Which-null,X4-creator-creator-the,X3-nationality-nationality-the,X5-plate-Plate-null, X1-subj-X2,X3-of-X4,X1-obj-X3,X5-Rectangular-true,X1-obl_of-X5, X1-be-is-null,X2-which-Which-null,X4-creator-creator-the,X3-nationality-nationality-the,X5-plate-Plate-null, X1-subj-X2,X3-of-X4,X1-obj-X3,X5-has_name-Rectangular,X1-obl_of-X5, X1-be-is-null,X2-which-Which-null,X4-creator-creator-the,X3-nationality-nationality-the,X5-Rectangular Plate-Rectangular Plate-null, X1-subj-X2,X3-of-X4,X1-obj-X3,X1-obl_of-X5,",Incorrect partial DRS,null,null
317,Which is the nationality of the creator of Red Cylinder?," X1-be-is-null,X2-which-Which-null,X5-Cylinder-Cylinder-null,X4-creator-creator-the,X3-nationality-nationality-the, X1-subj-X2,X5-Red-true,X5-has_name-Cylinder,X4-of-X5,X3-of-X4,X1-obj-X3, X1-be-is-null,X2-which-Which-null,X5-Cylinder-Cylinder-null,X4-creator-creator-the,X3-nationality-nationality-the, X1-subj-X2,X5-has_name-Red,X5-has_name-Cylinder,X4-of-X5,X3-of-X4,X1-obj-X3, X1-be-is-null,X2-which-Which-null,X5-Red Cylinder-Red Cylinder-null,X4-creator-creator-the,X3-nationality-nationality-the, X1-subj-X2,X5-has_name-Red Cylinder,X4-of-X5,X3-of-X4,X1-obj-X3, X1-be-is-null,X2-which-Which-null,X3-nationality-nationality-the,X5-Cylinder-Cylinder-null,X4-creator-creator-the, X1-subj-X2,X1-obj-X3,X5-Red-true,X5-has_name-Cylinder,X4-of-X5,X1-obl_of-X4, X1-be-is-null,X2-which-Which-null,X3-nationality-nationality-the,X5-Cylinder-Cylinder-null,X4-creator-creator-the, X1-subj-X2,X1-obj-X3,X5-has_name-Red,X5-has_name-Cylinder,X4-of-X5,X1-obl_of-X4, X1-be-is-null,X2-which-Which-null,X3-nationality-nationality-the,X5-Red Cylinder-Red Cylinder-null,X4-creator-creator-the, X1-subj-X2,X1-obj-X3,X5-has_name-Red Cylinder,X4-of-X5,X1-obl_of-X4, X1-be-is-null,X2-which-Which-null,X3-nationality-nationality-the,X4-creator-creator-the,X5-Cylinder-Cylinder-null, X1-subj-X2,X1-obj-X3,X1-obl_of-X4,X5-Red-true,X5-has_name-Cylinder,X1-obl_of-X5, X1-be-is-null,X2-which-Which-null,X3-nationality-nationality-the,X4-creator-creator-the,X5-Cylinder-Cylinder-null, X1-subj-X2,X1-obj-X3,X1-obl_of-X4,X5-has_name-Red,X5-has_name-Cylinder,X1-obl_of-X5, X1-be-is-null,X2-which-Which-null,X3-nationality-nationality-the,X4-creator-creator-the,X5-Red Cylinder-Red Cylinder-null, X1-subj-X2,X1-obj-X3,X1-obl_of-X4,X5-has_name-Red Cylinder,X1-obl_of-X5, X1-be-is-null,X2-which-Which-null,X4-creator-creator-the,X5-Cylinder-Cylinder-null,X3-nationality-nationality-the, X1-subj-X2,X3-of-X4,X5-Red-true,X5-has_name-Cylinder,X3-of-X5,X1-obj-X3, X1-be-is-null,X2-which-Which-null,X4-creator-creator-the,X5-Cylinder-Cylinder-null,X3-nationality-nationality-the, X1-subj-X2,X3-of-X4,X5-has_name-Red,X5-has_name-Cylinder,X3-of-X5,X1-obj-X3, X1-be-is-null,X2-which-Which-null,X4-creator-creator-the,X5-Red Cylinder-Red Cylinder-null,X3-nationality-nationality-the, X1-subj-X2,X3-of-X4,X5-has_name-Red Cylinder,X3-of-X5,X1-obj-X3, X1-be-is-null,X2-which-Which-null,X4-Cylinder-Cylinder-null,X3-nationality-nationality-the,X5-creator-creator-the, X1-subj-X2,X4-Red-true,X4-has_name-Cylinder,X3-of-X4,X1-obj-X3,X1-obl_of-X5, X1-be-is-null,X2-which-Which-null,X4-Cylinder-Cylinder-null,X3-nationality-nationality-the,X5-creator-creator-the, X1-subj-X2,X4-has_name-Red,X4-has_name-Cylinder,X3-of-X4,X1-obj-X3,X1-obl_of-X5, X1-be-is-null,X2-which-Which-null,X4-Red Cylinder-Red Cylinder-null,X3-nationality-nationality-the,X5-creator-creator-the, X1-subj-X2,X4-has_name-Red Cylinder,X3-of-X4,X1-obj-X3,X1-obl_of-X5, X1-be-is-null,X2-which-Which-null,X4-creator-creator-the,X3-nationality-nationality-the,X5-Cylinder-Cylinder-null, X1-subj-X2,X3-of-X4,X1-obj-X3,X5-Red-true,X5-has_name-Cylinder,X1-obl_of-X5, X1-be-is-null,X2-which-Which-null,X4-creator-creator-the,X3-nationality-nationality-the,X5-Cylinder-Cylinder-null, X1-subj-X2,X3-of-X4,X1-obj-X3,X5-has_name-Red,X5-has_name-Cylinder,X1-obl_of-X5, X1-be-is-null,X2-which-Which-null,X4-creator-creator-the,X3-nationality-nationality-the,X5-Red Cylinder-Red Cylinder-null, X1-subj-X2,X3-of-X4,X1-obj-X3,X5-has_name-Red Cylinder,X1-obl_of-X5,","Drs [
 tokens=[],
 dEntities=[
DEntity(X1, be, is, VERB, null, false, Query1, Query), 
DEntity(X2, which, Which, PRON, null, false, Qualifier2, Qualifier), 
DEntity(X5, Cylinder, Cylinder, PROPN, null, false, Artefact3, Artefact), 
DEntity(X4, creator, creator, NOUN, the, false, Artist4, Artist), 
DEntity(X3, nationality, nationality, NOUN, the, false, ConceptArtist5, ConceptArtist)],
 dConditions=[
DCondition(X1, subj, X2, propriedades= [qQualifier] --- []), 
DCondition(X5, Red, true, propriedades= [] --- [has_name, has_text, who]), 
DCondition(X5, has_name, Cylinder, propriedades= [] --- [has_name, has_text, who]), 
DCondition(X4, of, X5, propriedades= [author_of] --- []), 
DCondition(X3, of, X4, propriedades= [conc_of_Artist] --- []), 
DCondition(X1, obj, X3, propriedades= [select] --- []), 
DCondition(X1, has_text, be, propriedades= [] --- [has_name, has_text, who]), 
DCondition(X2, has_text, which, propriedades= [] --- [has_name, has_text, who]), 
DCondition(X5, has_text, Cylinder, propriedades= [] --- [has_name, has_text, who]), 
DCondition(X4, has_text, creator, propriedades= [] --- [has_name, has_text, who]), 
DCondition(X3, has_text, nationality, propriedades= [] --- [has_name, has_text, who]), 
DCondition(X2, has_name, null list, propriedades= [] --- [has_name, has_text, who]), 
DCondition(X1, obj, X2, propriedades= [qQualifier] --- [])]
 solu��es = []
 numeroFrase = 0
 numHasNames = 2
 numIndividuals = 5
 numEntitiesOk = 10
 numIsClass = 0
 numPropsOk = 5
 numEntitiesNOk = 0
 numClassesOk = 4]"," PREFIX rdf: <http://www.w3.org/1999/02/22-rdf-syntax-ns#> PREFIX xsd: <http://www.w3.org/2001/XMLSchema#> PREFIX rdfs: <http://www.w3.org/2000/01/rdf-schema#> PREFIX cidoc: <http://www.cidoc-crm.org/cidoc-crm/> SELECT  DISTINCT  ?snameConceptArtist5 ?ConceptArtist5 ?snameArtefact3 ?Artefact3 WHERE { {{?Artefact3 cidoc:P131_is_identified_by ?nameArtefact3 . ?nameArtefact3 rdf:value ?snameArtefact3 .}  UNION {?Artefact3 rdfs:label ?snameArtefact3 .}}  filter(regex(?snameArtefact3,""Cylinder"",""i"")) . ?prod cidoc:P14_carried_out_by ?Artist4 . ?Artefact3 cidoc:P108i_was_produced_by ?prod . ?Artist4 rdfs:label ?snameArtist4 . ?Artist4 cidoc:P107i_is_current_or_former_member_of ?ConceptArtist5. ?ConceptArtist5 rdfs:label ?snameConceptArtist5. }",true
318,Which is the nationality of the creator of Red House?," X1-be-is-null,X2-which-Which-null,X5-House-House-null,X4-creator-creator-the,X3-nationality-nationality-the, X1-subj-X2,X5-Red-true,X5-has_name-House,X4-of-X5,X3-of-X4,X1-obj-X3, X1-be-is-null,X2-which-Which-null,X5-House-House-null,X4-creator-creator-the,X3-nationality-nationality-the, X1-subj-X2,X5-has_name-Red,X5-has_name-House,X4-of-X5,X3-of-X4,X1-obj-X3, X1-be-is-null,X2-which-Which-null,X5-Red House-Red House-null,X4-creator-creator-the,X3-nationality-nationality-the, X1-subj-X2,X5-has_name-Red House,X4-of-X5,X3-of-X4,X1-obj-X3, X1-be-is-null,X2-which-Which-null,X3-nationality-nationality-the,X5-House-House-null,X4-creator-creator-the, X1-subj-X2,X1-obj-X3,X5-Red-true,X5-has_name-House,X4-of-X5,X1-obl_of-X4, X1-be-is-null,X2-which-Which-null,X3-nationality-nationality-the,X5-House-House-null,X4-creator-creator-the, X1-subj-X2,X1-obj-X3,X5-has_name-Red,X5-has_name-House,X4-of-X5,X1-obl_of-X4, X1-be-is-null,X2-which-Which-null,X3-nationality-nationality-the,X5-Red House-Red House-null,X4-creator-creator-the, X1-subj-X2,X1-obj-X3,X5-has_name-Red House,X4-of-X5,X1-obl_of-X4, X1-be-is-null,X2-which-Which-null,X3-nationality-nationality-the,X4-creator-creator-the,X5-House-House-null, X1-subj-X2,X1-obj-X3,X1-obl_of-X4,X5-Red-true,X5-has_name-House,X1-obl_of-X5, X1-be-is-null,X2-which-Which-null,X3-nationality-nationality-the,X4-creator-creator-the,X5-House-House-null, X1-subj-X2,X1-obj-X3,X1-obl_of-X4,X5-has_name-Red,X5-has_name-House,X1-obl_of-X5, X1-be-is-null,X2-which-Which-null,X3-nationality-nationality-the,X4-creator-creator-the,X5-Red House-Red House-null, X1-subj-X2,X1-obj-X3,X1-obl_of-X4,X5-has_name-Red House,X1-obl_of-X5, X1-be-is-null,X2-which-Which-null,X4-creator-creator-the,X5-House-House-null,X3-nationality-nationality-the, X1-subj-X2,X3-of-X4,X5-Red-true,X5-has_name-House,X3-of-X5,X1-obj-X3, X1-be-is-null,X2-which-Which-null,X4-creator-creator-the,X5-House-House-null,X3-nationality-nationality-the, X1-subj-X2,X3-of-X4,X5-has_name-Red,X5-has_name-House,X3-of-X5,X1-obj-X3, X1-be-is-null,X2-which-Which-null,X4-creator-creator-the,X5-Red House-Red House-null,X3-nationality-nationality-the, X1-subj-X2,X3-of-X4,X5-has_name-Red House,X3-of-X5,X1-obj-X3, X1-be-is-null,X2-which-Which-null,X4-House-House-null,X3-nationality-nationality-the,X5-creator-creator-the, X1-subj-X2,X4-Red-true,X4-has_name-House,X3-of-X4,X1-obj-X3,X1-obl_of-X5, X1-be-is-null,X2-which-Which-null,X4-House-House-null,X3-nationality-nationality-the,X5-creator-creator-the, X1-subj-X2,X4-has_name-Red,X4-has_name-House,X3-of-X4,X1-obj-X3,X1-obl_of-X5, X1-be-is-null,X2-which-Which-null,X4-Red House-Red House-null,X3-nationality-nationality-the,X5-creator-creator-the, X1-subj-X2,X4-has_name-Red House,X3-of-X4,X1-obj-X3,X1-obl_of-X5, X1-be-is-null,X2-which-Which-null,X4-creator-creator-the,X3-nationality-nationality-the,X5-House-House-null, X1-subj-X2,X3-of-X4,X1-obj-X3,X5-Red-true,X5-has_name-House,X1-obl_of-X5, X1-be-is-null,X2-which-Which-null,X4-creator-creator-the,X3-nationality-nationality-the,X5-House-House-null, X1-subj-X2,X3-of-X4,X1-obj-X3,X5-has_name-Red,X5-has_name-House,X1-obl_of-X5, X1-be-is-null,X2-which-Which-null,X4-creator-creator-the,X3-nationality-nationality-the,X5-Red House-Red House-null, X1-subj-X2,X3-of-X4,X1-obj-X3,X5-has_name-Red House,X1-obl_of-X5,","Drs [
 tokens=[],
 dEntities=[
DEntity(X1, be, is, VERB, null, false, Query1, Query), 
DEntity(X2, which, Which, PRON, null, false, Qualifier2, Qualifier), 
DEntity(X5, House, House, PROPN, null, false, Artefact3, Artefact), 
DEntity(X4, creator, creator, NOUN, the, false, Artist4, Artist), 
DEntity(X3, nationality, nationality, NOUN, the, false, ConceptArtist5, ConceptArtist)],
 dConditions=[
DCondition(X1, subj, X2, propriedades= [qQualifier] --- []), 
DCondition(X5, Red, true, propriedades= [] --- [has_name, has_text, who]), 
DCondition(X5, has_name, House, propriedades= [] --- [has_name, has_text, who]), 
DCondition(X4, of, X5, propriedades= [author_of] --- []), 
DCondition(X3, of, X4, propriedades= [conc_of_Artist] --- []), 
DCondition(X1, obj, X3, propriedades= [select] --- []), 
DCondition(X1, has_text, be, propriedades= [] --- [has_name, has_text, who]), 
DCondition(X2, has_text, which, propriedades= [] --- [has_name, has_text, who]), 
DCondition(X5, has_text, House, propriedades= [] --- [has_name, has_text, who]), 
DCondition(X4, has_text, creator, propriedades= [] --- [has_name, has_text, who]), 
DCondition(X3, has_text, nationality, propriedades= [] --- [has_name, has_text, who]), 
DCondition(X2, has_name, null list, propriedades= [] --- [has_name, has_text, who]), 
DCondition(X1, obj, X2, propriedades= [qQualifier] --- [])]
 solu��es = []
 numeroFrase = 0
 numHasNames = 2
 numIndividuals = 5
 numEntitiesOk = 10
 numIsClass = 0
 numPropsOk = 5
 numEntitiesNOk = 0
 numClassesOk = 4]"," PREFIX rdf: <http://www.w3.org/1999/02/22-rdf-syntax-ns#> PREFIX xsd: <http://www.w3.org/2001/XMLSchema#> PREFIX rdfs: <http://www.w3.org/2000/01/rdf-schema#> PREFIX cidoc: <http://www.cidoc-crm.org/cidoc-crm/> SELECT  DISTINCT  ?snameConceptArtist5 ?ConceptArtist5 ?snameArtefact3 ?Artefact3 WHERE { {{?Artefact3 cidoc:P131_is_identified_by ?nameArtefact3 . ?nameArtefact3 rdf:value ?snameArtefact3 .}  UNION {?Artefact3 rdfs:label ?snameArtefact3 .}}  filter(regex(?snameArtefact3,""House"",""i"")) . ?prod cidoc:P14_carried_out_by ?Artist4 . ?Artefact3 cidoc:P108i_was_produced_by ?prod . ?Artist4 rdfs:label ?snameArtist4 . ?Artist4 cidoc:P107i_is_current_or_former_member_of ?ConceptArtist5. ?ConceptArtist5 rdfs:label ?snameConceptArtist5. }",true
319,Which is the nationality of the creator of Red Witch?," X1-be-is-null,X2-which-Which-null,X5-Red witch-Red-null,X4-creator-creator-the,X3-nationality-nationality-the, X1-subj-X2,X4-of-X5,X3-of-X4,X1-obj-X3, X1-be-is-null,X2-which-Which-null,X3-nationality-nationality-the,X5-Red witch-Red-null,X4-creator-creator-the, X1-subj-X2,X1-obj-X3,X4-of-X5,X1-obl_of-X4, X1-be-is-null,X2-which-Which-null,X3-nationality-nationality-the,X4-creator-creator-the,X5-Red witch-Red-null, X1-subj-X2,X1-obj-X3,X1-obl_of-X4,X1-obl_of-X5, X1-be-is-null,X2-which-Which-null,X4-creator-creator-the,X5-Red witch-Red-null,X3-nationality-nationality-the, X1-subj-X2,X3-of-X4,X3-of-X5,X1-obj-X3, X1-be-is-null,X2-which-Which-null,X4-Red witch-Red-null,X3-nationality-nationality-the,X5-creator-creator-the, X1-subj-X2,X3-of-X4,X1-obj-X3,X1-obl_of-X5, X1-be-is-null,X2-which-Which-null,X4-creator-creator-the,X3-nationality-nationality-the,X5-Red witch-Red-null, X1-subj-X2,X3-of-X4,X1-obj-X3,X1-obl_of-X5,",Incorrect partial DRS,null,null
320,Which is the nationality of the creator of Reducing (Reducing Exercises)?,,Incorrect Stanza Parsing,null,null
321,Which is the nationality of the creator of Rendezvous?," X1-be-is-null,X2-which-Which-null,X5-Rendezvous-Rendezvous-null,X4-creator-creator-the,X3-nationality-nationality-the, X1-subj-X2,X5-has_name-Rendezvous,X4-of-X5,X3-of-X4,X1-obj-X3, X1-be-is-null,X2-which-Which-null,X3-nationality-nationality-the,X5-Rendezvous-Rendezvous-null,X4-creator-creator-the, X1-subj-X2,X1-obj-X3,X5-has_name-Rendezvous,X4-of-X5,X1-obl_of-X4, X1-be-is-null,X2-which-Which-null,X3-nationality-nationality-the,X4-creator-creator-the,X5-Rendezvous-Rendezvous-null, X1-subj-X2,X1-obj-X3,X1-obl_of-X4,X5-has_name-Rendezvous,X1-obl_of-X5, X1-be-is-null,X2-which-Which-null,X4-creator-creator-the,X5-Rendezvous-Rendezvous-null,X3-nationality-nationality-the, X1-subj-X2,X3-of-X4,X5-has_name-Rendezvous,X3-of-X5,X1-obj-X3, X1-be-is-null,X2-which-Which-null,X4-Rendezvous-Rendezvous-null,X3-nationality-nationality-the,X5-creator-creator-the, X1-subj-X2,X4-has_name-Rendezvous,X3-of-X4,X1-obj-X3,X1-obl_of-X5, X1-be-is-null,X2-which-Which-null,X4-creator-creator-the,X3-nationality-nationality-the,X5-Rendezvous-Rendezvous-null, X1-subj-X2,X3-of-X4,X1-obj-X3,X5-has_name-Rendezvous,X1-obl_of-X5,","Drs [
 tokens=[],
 dEntities=[
DEntity(X1, be, is, VERB, null, false, Query1, Query), 
DEntity(X2, which, Which, PRON, null, false, Qualifier2, Qualifier), 
DEntity(X5, Rendezvous, Rendezvous, PROPN, null, false, Artefact3, Artefact), 
DEntity(X4, creator, creator, NOUN, the, false, Artist4, Artist), 
DEntity(X3, nationality, nationality, NOUN, the, false, ConceptArtist5, ConceptArtist)],
 dConditions=[
DCondition(X1, subj, X2, propriedades= [qQualifier] --- []), 
DCondition(X5, has_name, Rendezvous, propriedades= [] --- [has_name, has_text, who]), 
DCondition(X4, of, X5, propriedades= [author_of] --- []), 
DCondition(X3, of, X4, propriedades= [conc_of_Artist] --- []), 
DCondition(X1, obj, X3, propriedades= [select] --- []), 
DCondition(X1, has_text, be, propriedades= [] --- [has_name, has_text, who]), 
DCondition(X2, has_text, which, propriedades= [] --- [has_name, has_text, who]), 
DCondition(X5, has_text, Rendezvous, propriedades= [] --- [has_name, has_text, who]), 
DCondition(X4, has_text, creator, propriedades= [] --- [has_name, has_text, who]), 
DCondition(X3, has_text, nationality, propriedades= [] --- [has_name, has_text, who]), 
DCondition(X2, has_name, null list, propriedades= [] --- [has_name, has_text, who]), 
DCondition(X1, obj, X2, propriedades= [qQualifier] --- [])]
 solu��es = []
 numeroFrase = 0
 numHasNames = 2
 numIndividuals = 5
 numEntitiesOk = 10
 numIsClass = 0
 numPropsOk = 5
 numEntitiesNOk = 0
 numClassesOk = 4]"," PREFIX rdf: <http://www.w3.org/1999/02/22-rdf-syntax-ns#> PREFIX xsd: <http://www.w3.org/2001/XMLSchema#> PREFIX rdfs: <http://www.w3.org/2000/01/rdf-schema#> PREFIX cidoc: <http://www.cidoc-crm.org/cidoc-crm/> SELECT  DISTINCT  ?snameConceptArtist5 ?ConceptArtist5 ?snameArtefact3 ?Artefact3 WHERE { {{?Artefact3 cidoc:P131_is_identified_by ?nameArtefact3 . ?nameArtefact3 rdf:value ?snameArtefact3 .}  UNION {?Artefact3 rdfs:label ?snameArtefact3 .}}  filter(regex(?snameArtefact3,""Rendezvous"",""i"")) . ?prod cidoc:P14_carried_out_by ?Artist4 . ?Artefact3 cidoc:P108i_was_produced_by ?prod . ?Artist4 rdfs:label ?snameArtist4 . ?Artist4 cidoc:P107i_is_current_or_former_member_of ?ConceptArtist5. ?ConceptArtist5 rdfs:label ?snameConceptArtist5. }",true
322,Which is the nationality of the creator of Renwick Gate?," X1-be-is-null,X2-which-Which-null,X5-Renwick Gate-Renwick Gate-null,X4-creator-creator-the,X3-nationality-nationality-the, X1-subj-X2,X5-has_name-Renwick Gate,X4-of-X5,X3-of-X4,X1-obj-X3, X1-be-is-null,X2-which-Which-null,X3-nationality-nationality-the,X5-Renwick Gate-Renwick Gate-null,X4-creator-creator-the, X1-subj-X2,X1-obj-X3,X5-has_name-Renwick Gate,X4-of-X5,X1-obl_of-X4, X1-be-is-null,X2-which-Which-null,X3-nationality-nationality-the,X4-creator-creator-the,X5-Renwick Gate-Renwick Gate-null, X1-subj-X2,X1-obj-X3,X1-obl_of-X4,X5-has_name-Renwick Gate,X1-obl_of-X5, X1-be-is-null,X2-which-Which-null,X4-creator-creator-the,X5-Renwick Gate-Renwick Gate-null,X3-nationality-nationality-the, X1-subj-X2,X3-of-X4,X5-has_name-Renwick Gate,X3-of-X5,X1-obj-X3, X1-be-is-null,X2-which-Which-null,X4-Renwick Gate-Renwick Gate-null,X3-nationality-nationality-the,X5-creator-creator-the, X1-subj-X2,X4-has_name-Renwick Gate,X3-of-X4,X1-obj-X3,X1-obl_of-X5, X1-be-is-null,X2-which-Which-null,X4-creator-creator-the,X3-nationality-nationality-the,X5-Renwick Gate-Renwick Gate-null, X1-subj-X2,X3-of-X4,X1-obj-X3,X5-has_name-Renwick Gate,X1-obl_of-X5,","Drs [
 tokens=[],
 dEntities=[
DEntity(X1, be, is, VERB, null, false, Query1, Query), 
DEntity(X2, which, Which, PRON, null, false, Qualifier2, Qualifier), 
DEntity(X5, Renwick Gate, Renwick Gate, PROPN, null, false, Artefact3, Artefact), 
DEntity(X4, creator, creator, NOUN, the, false, Artist4, Artist), 
DEntity(X3, nationality, nationality, NOUN, the, false, ConceptArtist5, ConceptArtist)],
 dConditions=[
DCondition(X1, subj, X2, propriedades= [qQualifier] --- []), 
DCondition(X5, has_name, Renwick Gate, propriedades= [] --- [has_name, has_text, who]), 
DCondition(X4, of, X5, propriedades= [author_of] --- []), 
DCondition(X3, of, X4, propriedades= [conc_of_Artist] --- []), 
DCondition(X1, obj, X3, propriedades= [select] --- []), 
DCondition(X1, has_text, be, propriedades= [] --- [has_name, has_text, who]), 
DCondition(X2, has_text, which, propriedades= [] --- [has_name, has_text, who]), 
DCondition(X5, has_text, Renwick Gate, propriedades= [] --- [has_name, has_text, who]), 
DCondition(X4, has_text, creator, propriedades= [] --- [has_name, has_text, who]), 
DCondition(X3, has_text, nationality, propriedades= [] --- [has_name, has_text, who]), 
DCondition(X2, has_name, null list, propriedades= [] --- [has_name, has_text, who]), 
DCondition(X1, obj, X2, propriedades= [qQualifier] --- [])]
 solu��es = []
 numeroFrase = 0
 numHasNames = 2
 numIndividuals = 5
 numEntitiesOk = 10
 numIsClass = 0
 numPropsOk = 5
 numEntitiesNOk = 0
 numClassesOk = 4]"," PREFIX rdf: <http://www.w3.org/1999/02/22-rdf-syntax-ns#> PREFIX xsd: <http://www.w3.org/2001/XMLSchema#> PREFIX rdfs: <http://www.w3.org/2000/01/rdf-schema#> PREFIX cidoc: <http://www.cidoc-crm.org/cidoc-crm/> SELECT  DISTINCT  ?snameConceptArtist5 ?ConceptArtist5 ?snameArtefact3 ?Artefact3 WHERE { {{?Artefact3 cidoc:P131_is_identified_by ?nameArtefact3 . ?nameArtefact3 rdf:value ?snameArtefact3 .}  UNION {?Artefact3 rdfs:label ?snameArtefact3 .}}  filter(regex(?snameArtefact3,""Renwick Gate"",""i"")) . ?prod cidoc:P14_carried_out_by ?Artist4 . ?Artefact3 cidoc:P108i_was_produced_by ?prod . ?Artist4 rdfs:label ?snameArtist4 . ?Artist4 cidoc:P107i_is_current_or_former_member_of ?ConceptArtist5. ?ConceptArtist5 rdfs:label ?snameConceptArtist5. }",true
323,Which is the nationality of the creator of Retrato de caballero?," X1-be-is-null,X2-which-Which-null,X5-retrato de caballero-Retrato-null,X4-creator-creator-the,X3-nationality-nationality-the, X1-subj-X2,X4-of-X5,X3-of-X4,X1-obj-X3, X1-be-is-null,X2-which-Which-null,X3-nationality-nationality-the,X5-retrato de caballero-Retrato-null,X4-creator-creator-the, X1-subj-X2,X1-obj-X3,X4-of-X5,X1-obl_of-X4, X1-be-is-null,X2-which-Which-null,X3-nationality-nationality-the,X4-creator-creator-the,X5-retrato de caballero-Retrato-null, X1-subj-X2,X1-obj-X3,X1-obl_of-X4,X1-obl_of-X5, X1-be-is-null,X2-which-Which-null,X4-creator-creator-the,X5-retrato de caballero-Retrato-null,X3-nationality-nationality-the, X1-subj-X2,X3-of-X4,X3-of-X5,X1-obj-X3, X1-be-is-null,X2-which-Which-null,X4-retrato de caballero-Retrato-null,X3-nationality-nationality-the,X5-creator-creator-the, X1-subj-X2,X3-of-X4,X1-obj-X3,X1-obl_of-X5, X1-be-is-null,X2-which-Which-null,X4-creator-creator-the,X3-nationality-nationality-the,X5-retrato de caballero-Retrato-null, X1-subj-X2,X3-of-X4,X1-obj-X3,X1-obl_of-X5,",Incorrect partial DRS,null,null
324,Which is the nationality of the creator of Revolutionary Days?," X1-be-is-null,X2-which-Which-null,X5-Day-Days-null,X4-creator-creator-the,X3-nationality-nationality-the, X1-subj-X2,X5-Revolutionary-true,X5-has_name-Day,X4-of-X5,X3-of-X4,X1-obj-X3, X1-be-is-null,X2-which-Which-null,X5-Day-Days-null,X4-creator-creator-the,X3-nationality-nationality-the, X1-subj-X2,X5-has_name-Revolutionary,X5-has_name-Day,X4-of-X5,X3-of-X4,X1-obj-X3, X1-be-is-null,X2-which-Which-null,X5-Revolutionary Days-Revolutionary Days-null,X4-creator-creator-the,X3-nationality-nationality-the, X1-subj-X2,X5-has_name-Revolutionary Days,X4-of-X5,X3-of-X4,X1-obj-X3, X1-be-is-null,X2-which-Which-null,X3-nationality-nationality-the,X5-Day-Days-null,X4-creator-creator-the, X1-subj-X2,X1-obj-X3,X5-Revolutionary-true,X5-has_name-Day,X4-of-X5,X1-obl_of-X4, X1-be-is-null,X2-which-Which-null,X3-nationality-nationality-the,X5-Day-Days-null,X4-creator-creator-the, X1-subj-X2,X1-obj-X3,X5-has_name-Revolutionary,X5-has_name-Day,X4-of-X5,X1-obl_of-X4, X1-be-is-null,X2-which-Which-null,X3-nationality-nationality-the,X5-Revolutionary Days-Revolutionary Days-null,X4-creator-creator-the, X1-subj-X2,X1-obj-X3,X5-has_name-Revolutionary Days,X4-of-X5,X1-obl_of-X4, X1-be-is-null,X2-which-Which-null,X3-nationality-nationality-the,X4-creator-creator-the,X5-Day-Days-null, X1-subj-X2,X1-obj-X3,X1-obl_of-X4,X5-Revolutionary-true,X5-has_name-Day,X1-obl_of-X5, X1-be-is-null,X2-which-Which-null,X3-nationality-nationality-the,X4-creator-creator-the,X5-Day-Days-null, X1-subj-X2,X1-obj-X3,X1-obl_of-X4,X5-has_name-Revolutionary,X5-has_name-Day,X1-obl_of-X5, X1-be-is-null,X2-which-Which-null,X3-nationality-nationality-the,X4-creator-creator-the,X5-Revolutionary Days-Revolutionary Days-null, X1-subj-X2,X1-obj-X3,X1-obl_of-X4,X5-has_name-Revolutionary Days,X1-obl_of-X5, X1-be-is-null,X2-which-Which-null,X4-creator-creator-the,X5-Day-Days-null,X3-nationality-nationality-the, X1-subj-X2,X3-of-X4,X5-Revolutionary-true,X5-has_name-Day,X3-of-X5,X1-obj-X3, X1-be-is-null,X2-which-Which-null,X4-creator-creator-the,X5-Day-Days-null,X3-nationality-nationality-the, X1-subj-X2,X3-of-X4,X5-has_name-Revolutionary,X5-has_name-Day,X3-of-X5,X1-obj-X3, X1-be-is-null,X2-which-Which-null,X4-creator-creator-the,X5-Revolutionary Days-Revolutionary Days-null,X3-nationality-nationality-the, X1-subj-X2,X3-of-X4,X5-has_name-Revolutionary Days,X3-of-X5,X1-obj-X3, X1-be-is-null,X2-which-Which-null,X4-Day-Days-null,X3-nationality-nationality-the,X5-creator-creator-the, X1-subj-X2,X4-Revolutionary-true,X4-has_name-Day,X3-of-X4,X1-obj-X3,X1-obl_of-X5, X1-be-is-null,X2-which-Which-null,X4-Day-Days-null,X3-nationality-nationality-the,X5-creator-creator-the, X1-subj-X2,X4-has_name-Revolutionary,X4-has_name-Day,X3-of-X4,X1-obj-X3,X1-obl_of-X5, X1-be-is-null,X2-which-Which-null,X4-Revolutionary Days-Revolutionary Days-null,X3-nationality-nationality-the,X5-creator-creator-the, X1-subj-X2,X4-has_name-Revolutionary Days,X3-of-X4,X1-obj-X3,X1-obl_of-X5, X1-be-is-null,X2-which-Which-null,X4-creator-creator-the,X3-nationality-nationality-the,X5-Day-Days-null, X1-subj-X2,X3-of-X4,X1-obj-X3,X5-Revolutionary-true,X5-has_name-Day,X1-obl_of-X5, X1-be-is-null,X2-which-Which-null,X4-creator-creator-the,X3-nationality-nationality-the,X5-Day-Days-null, X1-subj-X2,X3-of-X4,X1-obj-X3,X5-has_name-Revolutionary,X5-has_name-Day,X1-obl_of-X5, X1-be-is-null,X2-which-Which-null,X4-creator-creator-the,X3-nationality-nationality-the,X5-Revolutionary Days-Revolutionary Days-null, X1-subj-X2,X3-of-X4,X1-obj-X3,X5-has_name-Revolutionary Days,X1-obl_of-X5,","Drs [
 tokens=[],
 dEntities=[
DEntity(X1, be, is, VERB, null, false, Query1, Query), 
DEntity(X2, which, Which, PRON, null, false, Qualifier2, Qualifier), 
DEntity(X5, Day, Days, PROPN, null, false, Artefact3, Artefact), 
DEntity(X4, creator, creator, NOUN, the, false, Artist4, Artist), 
DEntity(X3, nationality, nationality, NOUN, the, false, ConceptArtist5, ConceptArtist)],
 dConditions=[
DCondition(X1, subj, X2, propriedades= [qQualifier] --- []), 
DCondition(X5, Revolutionary, true, propriedades= [] --- [has_name, has_text, who]), 
DCondition(X5, has_name, Day, propriedades= [] --- [has_name, has_text, who]), 
DCondition(X4, of, X5, propriedades= [author_of] --- []), 
DCondition(X3, of, X4, propriedades= [conc_of_Artist] --- []), 
DCondition(X1, obj, X3, propriedades= [select] --- []), 
DCondition(X1, has_text, be, propriedades= [] --- [has_name, has_text, who]), 
DCondition(X2, has_text, which, propriedades= [] --- [has_name, has_text, who]), 
DCondition(X5, has_text, Day, propriedades= [] --- [has_name, has_text, who]), 
DCondition(X4, has_text, creator, propriedades= [] --- [has_name, has_text, who]), 
DCondition(X3, has_text, nationality, propriedades= [] --- [has_name, has_text, who]), 
DCondition(X2, has_name, null list, propriedades= [] --- [has_name, has_text, who]), 
DCondition(X1, obj, X2, propriedades= [qQualifier] --- [])]
 solu��es = []
 numeroFrase = 0
 numHasNames = 2
 numIndividuals = 5
 numEntitiesOk = 10
 numIsClass = 0
 numPropsOk = 5
 numEntitiesNOk = 0
 numClassesOk = 4]"," PREFIX rdf: <http://www.w3.org/1999/02/22-rdf-syntax-ns#> PREFIX xsd: <http://www.w3.org/2001/XMLSchema#> PREFIX rdfs: <http://www.w3.org/2000/01/rdf-schema#> PREFIX cidoc: <http://www.cidoc-crm.org/cidoc-crm/> SELECT  DISTINCT  ?snameConceptArtist5 ?ConceptArtist5 ?snameArtefact3 ?Artefact3 WHERE { {{?Artefact3 cidoc:P131_is_identified_by ?nameArtefact3 . ?nameArtefact3 rdf:value ?snameArtefact3 .}  UNION {?Artefact3 rdfs:label ?snameArtefact3 .}}  filter(regex(?snameArtefact3,""Day"",""i"")) . ?prod cidoc:P14_carried_out_by ?Artist4 . ?Artefact3 cidoc:P108i_was_produced_by ?prod . ?Artist4 rdfs:label ?snameArtist4 . ?Artist4 cidoc:P107i_is_current_or_former_member_of ?ConceptArtist5. ?ConceptArtist5 rdfs:label ?snameConceptArtist5. }",true
325,"Which is the nationality of the creator of Rhinebeck, NY?"," X1-be-is-null,X2-which-Which-null,X5-Rhinebeck-Rhinebeck-null,X4-creator-creator-the,X3-nationality-nationality-the, X1-subj-X2,X5-has_name-NY,X5-has_name-Rhinebeck,X4-of-X5,X3-of-X4,X1-obj-X3, X1-be-is-null,X2-which-Which-null,X3-nationality-nationality-the,X5-Rhinebeck-Rhinebeck-null,X4-creator-creator-the, X1-subj-X2,X1-obj-X3,X5-has_name-NY,X5-has_name-Rhinebeck,X4-of-X5,X1-obl_of-X4, X1-be-is-null,X2-which-Which-null,X3-nationality-nationality-the,X4-creator-creator-the,X5-Rhinebeck-Rhinebeck-null, X1-subj-X2,X1-obj-X3,X1-obl_of-X4,X5-has_name-NY,X5-has_name-Rhinebeck,X1-obl_of-X5, X1-be-is-null,X2-which-Which-null,X4-creator-creator-the,X5-Rhinebeck-Rhinebeck-null,X3-nationality-nationality-the, X1-subj-X2,X3-of-X4,X5-has_name-NY,X5-has_name-Rhinebeck,X3-of-X5,X1-obj-X3, X1-be-is-null,X2-which-Which-null,X4-Rhinebeck-Rhinebeck-null,X3-nationality-nationality-the,X5-creator-creator-the, X1-subj-X2,X4-has_name-NY,X4-has_name-Rhinebeck,X3-of-X4,X1-obj-X3,X1-obl_of-X5, X1-be-is-null,X2-which-Which-null,X4-creator-creator-the,X3-nationality-nationality-the,X5-Rhinebeck-Rhinebeck-null, X1-subj-X2,X3-of-X4,X1-obj-X3,X5-has_name-NY,X5-has_name-Rhinebeck,X1-obl_of-X5, X1-be-is-null,X2-which-Which-null,X6-NY-NY-null,X5-Rhinebeck-Rhinebeck-null,X4-creator-creator-the,X3-nationality-nationality-the, X1-subj-X2,X6-has_name-NY,X5-rel-X6,X5-has_name-Rhinebeck,X4-of-X5,X3-of-X4,X1-obj-X3, X1-be-is-null,X2-which-Which-null,X3-nationality-nationality-the,X6-NY-NY-null,X5-Rhinebeck-Rhinebeck-null,X4-creator-creator-the, X1-subj-X2,X1-obj-X3,X6-has_name-NY,X5-rel-X6,X5-has_name-Rhinebeck,X4-of-X5,X1-obl_of-X4, X1-be-is-null,X2-which-Which-null,X3-nationality-nationality-the,X4-creator-creator-the,X6-NY-NY-null,X5-Rhinebeck-Rhinebeck-null, X1-subj-X2,X1-obj-X3,X1-obl_of-X4,X6-has_name-NY,X5-rel-X6,X5-has_name-Rhinebeck,X1-obl_of-X5, X1-be-is-null,X2-which-Which-null,X4-creator-creator-the,X6-NY-NY-null,X5-Rhinebeck-Rhinebeck-null,X3-nationality-nationality-the, X1-subj-X2,X3-of-X4,X6-has_name-NY,X5-rel-X6,X5-has_name-Rhinebeck,X3-of-X5,X1-obj-X3, X1-be-is-null,X2-which-Which-null,X5-NY-NY-null,X4-Rhinebeck-Rhinebeck-null,X3-nationality-nationality-the,X6-creator-creator-the, X1-subj-X2,X5-has_name-NY,X4-rel-X5,X4-has_name-Rhinebeck,X3-of-X4,X1-obj-X3,X1-obl_of-X6, X1-be-is-null,X2-which-Which-null,X4-creator-creator-the,X3-nationality-nationality-the,X6-NY-NY-null,X5-Rhinebeck-Rhinebeck-null, X1-subj-X2,X3-of-X4,X1-obj-X3,X6-has_name-NY,X5-rel-X6,X5-has_name-Rhinebeck,X1-obl_of-X5,",Incorrect partial DRS,null,null
326,"Which is the nationality of the creator of Ripe Cheese, New York?"," X1-be-is-null,X2-which-Which-null,X6-New York-New-null,X5-cheese-Cheese-null,X4-creator-creator-the,X3-nationality-nationality-the, X1-subj-X2,X5-rel-X6,X5-Ripe-true,X5-has_name-cheese,X4-of-X5,X3-of-X4,X1-obj-X3, X1-be-is-null,X2-which-Which-null,X6-New York-New-null,X5-cheese-Cheese-null,X4-creator-creator-the,X3-nationality-nationality-the, X1-subj-X2,X5-rel-X6,X5-has_name-Ripe,X5-has_name-cheese,X4-of-X5,X3-of-X4,X1-obj-X3, X1-be-is-null,X2-which-Which-null,X6-New York-New-null,X5-Ripe Cheese-Ripe Cheese-null,X4-creator-creator-the,X3-nationality-nationality-the, X1-subj-X2,X5-rel-X6,X5-has_name-Ripe Cheese,X4-of-X5,X3-of-X4,X1-obj-X3, X1-be-is-null,X2-which-Which-null,X3-nationality-nationality-the,X6-New York-New-null,X5-cheese-Cheese-null,X4-creator-creator-the, X1-subj-X2,X1-obj-X3,X5-rel-X6,X5-Ripe-true,X5-has_name-cheese,X4-of-X5,X1-obl_of-X4, X1-be-is-null,X2-which-Which-null,X3-nationality-nationality-the,X6-New York-New-null,X5-cheese-Cheese-null,X4-creator-creator-the, X1-subj-X2,X1-obj-X3,X5-rel-X6,X5-has_name-Ripe,X5-has_name-cheese,X4-of-X5,X1-obl_of-X4, X1-be-is-null,X2-which-Which-null,X3-nationality-nationality-the,X6-New York-New-null,X5-Ripe Cheese-Ripe Cheese-null,X4-creator-creator-the, X1-subj-X2,X1-obj-X3,X5-rel-X6,X5-has_name-Ripe Cheese,X4-of-X5,X1-obl_of-X4, X1-be-is-null,X2-which-Which-null,X3-nationality-nationality-the,X4-creator-creator-the,X6-New York-New-null,X5-cheese-Cheese-null, X1-subj-X2,X1-obj-X3,X1-obl_of-X4,X5-rel-X6,X5-Ripe-true,X5-has_name-cheese,X1-obl_of-X5, X1-be-is-null,X2-which-Which-null,X3-nationality-nationality-the,X4-creator-creator-the,X6-New York-New-null,X5-cheese-Cheese-null, X1-subj-X2,X1-obj-X3,X1-obl_of-X4,X5-rel-X6,X5-has_name-Ripe,X5-has_name-cheese,X1-obl_of-X5, X1-be-is-null,X2-which-Which-null,X3-nationality-nationality-the,X4-creator-creator-the,X6-New York-New-null,X5-Ripe Cheese-Ripe Cheese-null, X1-subj-X2,X1-obj-X3,X1-obl_of-X4,X5-rel-X6,X5-has_name-Ripe Cheese,X1-obl_of-X5, X1-be-is-null,X2-which-Which-null,X4-creator-creator-the,X6-New York-New-null,X5-cheese-Cheese-null,X3-nationality-nationality-the, X1-subj-X2,X3-of-X4,X5-rel-X6,X5-Ripe-true,X5-has_name-cheese,X3-of-X5,X1-obj-X3, X1-be-is-null,X2-which-Which-null,X4-creator-creator-the,X6-New York-New-null,X5-cheese-Cheese-null,X3-nationality-nationality-the, X1-subj-X2,X3-of-X4,X5-rel-X6,X5-has_name-Ripe,X5-has_name-cheese,X3-of-X5,X1-obj-X3, X1-be-is-null,X2-which-Which-null,X4-creator-creator-the,X6-New York-New-null,X5-Ripe Cheese-Ripe Cheese-null,X3-nationality-nationality-the, X1-subj-X2,X3-of-X4,X5-rel-X6,X5-has_name-Ripe Cheese,X3-of-X5,X1-obj-X3, X1-be-is-null,X2-which-Which-null,X5-New York-New-null,X4-cheese-Cheese-null,X3-nationality-nationality-the,X6-creator-creator-the, X1-subj-X2,X4-rel-X5,X4-Ripe-true,X4-has_name-cheese,X3-of-X4,X1-obj-X3,X1-obl_of-X6, X1-be-is-null,X2-which-Which-null,X5-New York-New-null,X4-cheese-Cheese-null,X3-nationality-nationality-the,X6-creator-creator-the, X1-subj-X2,X4-rel-X5,X4-has_name-Ripe,X4-has_name-cheese,X3-of-X4,X1-obj-X3,X1-obl_of-X6, X1-be-is-null,X2-which-Which-null,X5-New York-New-null,X4-Ripe Cheese-Ripe Cheese-null,X3-nationality-nationality-the,X6-creator-creator-the, X1-subj-X2,X4-rel-X5,X4-has_name-Ripe Cheese,X3-of-X4,X1-obj-X3,X1-obl_of-X6, X1-be-is-null,X2-which-Which-null,X4-creator-creator-the,X3-nationality-nationality-the,X6-New York-New-null,X5-cheese-Cheese-null, X1-subj-X2,X3-of-X4,X1-obj-X3,X5-rel-X6,X5-Ripe-true,X5-has_name-cheese,X1-obl_of-X5, X1-be-is-null,X2-which-Which-null,X4-creator-creator-the,X3-nationality-nationality-the,X6-New York-New-null,X5-cheese-Cheese-null, X1-subj-X2,X3-of-X4,X1-obj-X3,X5-rel-X6,X5-has_name-Ripe,X5-has_name-cheese,X1-obl_of-X5, X1-be-is-null,X2-which-Which-null,X4-creator-creator-the,X3-nationality-nationality-the,X6-New York-New-null,X5-Ripe Cheese-Ripe Cheese-null, X1-subj-X2,X3-of-X4,X1-obj-X3,X5-rel-X6,X5-has_name-Ripe Cheese,X1-obl_of-X5,",Incorrect partial DRS,null,null
327,Which is the nationality of the creator of Rites of Spring?," X1-be-is-null,X2-which-Which-null,X6-spring-Spring-null,X5-Rites-Rites-null,X4-creator-creator-the,X3-nationality-nationality-the, X1-subj-X2,X5-of-X6,X5-has_name-Rites,X4-of-X5,X3-of-X4,X1-obj-X3, X1-be-is-null,X2-which-Which-null,X3-nationality-nationality-the,X6-spring-Spring-null,X5-Rites-Rites-null,X4-creator-creator-the, X1-subj-X2,X1-obj-X3,X5-of-X6,X5-has_name-Rites,X4-of-X5,X1-obl_of-X4, X1-be-is-null,X2-which-Which-null,X3-nationality-nationality-the,X4-creator-creator-the,X6-spring-Spring-null,X5-Rites-Rites-null, X1-subj-X2,X1-obj-X3,X1-obl_of-X4,X5-of-X6,X5-has_name-Rites,X1-obl_of-X5, X1-be-is-null,X2-which-Which-null,X3-nationality-nationality-the,X4-creator-creator-the,X5-Rites-Rites-null,X6-spring-Spring-null, X1-subj-X2,X1-obj-X3,X1-obl_of-X4,X5-has_name-Rites,X1-obl_of-X5,X1-obl_of-X6, X1-be-is-null,X2-which-Which-null,X3-nationality-nationality-the,X5-Rites-Rites-null,X6-spring-Spring-null,X4-creator-creator-the, X1-subj-X2,X1-obj-X3,X5-has_name-Rites,X4-of-X5,X4-of-X6,X1-obl_of-X4, X1-be-is-null,X2-which-Which-null,X4-creator-creator-the,X6-spring-Spring-null,X5-Rites-Rites-null,X3-nationality-nationality-the, X1-subj-X2,X3-of-X4,X5-of-X6,X5-has_name-Rites,X3-of-X5,X1-obj-X3, X1-be-is-null,X2-which-Which-null,X5-spring-Spring-null,X4-Rites-Rites-null,X3-nationality-nationality-the,X6-creator-creator-the, X1-subj-X2,X4-of-X5,X4-has_name-Rites,X3-of-X4,X1-obj-X3,X1-obl_of-X6, X1-be-is-null,X2-which-Which-null,X4-creator-creator-the,X3-nationality-nationality-the,X6-spring-Spring-null,X5-Rites-Rites-null, X1-subj-X2,X3-of-X4,X1-obj-X3,X5-of-X6,X5-has_name-Rites,X1-obl_of-X5, X1-be-is-null,X2-which-Which-null,X4-creator-creator-the,X5-Rites-Rites-null,X6-spring-Spring-null,X3-nationality-nationality-the, X1-subj-X2,X3-of-X4,X5-has_name-Rites,X3-of-X5,X3-of-X6,X1-obj-X3, X1-be-is-null,X2-which-Which-null,X5-Rites-Rites-null,X6-spring-Spring-null,X4-creator-creator-the,X3-nationality-nationality-the, X1-subj-X2,X5-has_name-Rites,X4-of-X5,X4-of-X6,X3-of-X4,X1-obj-X3,",Incorrect partial DRS,null,null
328,Which is the nationality of the creator of Road through the Labyrinth?," X1-be-is-null,X2-which-Which-null,X5-Road-Road-null,X6-Labyrinth-Labyrinth-the,X4-creator-creator-the,X3-nationality-nationality-the, X1-subj-X2,X5-has_name-Road,X4-of-X5,X6-has_name-Labyrinth,X4-through-X6,X3-of-X4,X1-obj-X3, X1-be-is-null,X2-which-Which-null,X3-nationality-nationality-the,X5-Road-Road-null,X6-Labyrinth-Labyrinth-the,X4-creator-creator-the, X1-subj-X2,X1-obj-X3,X5-has_name-Road,X4-of-X5,X6-has_name-Labyrinth,X4-through-X6,X1-obl_of-X4, X1-be-is-null,X2-which-Which-null,X3-nationality-nationality-the,X5-Labyrinth-Labyrinth-the,X4-creator-creator-the,X6-Road-Road-null, X1-subj-X2,X1-obj-X3,X5-has_name-Labyrinth,X4-through-X5,X1-obl_of-X4,X6-has_name-Road,X1-obl_of-X6, X1-be-is-null,X2-which-Which-null,X3-nationality-nationality-the,X4-creator-creator-the,X5-Road-Road-null,X6-Labyrinth-Labyrinth-the, X1-subj-X2,X1-obj-X3,X1-obl_of-X4,X5-has_name-Road,X1-obl_of-X5,X6-has_name-Labyrinth,X1-obl_through-X6, X1-be-is-null,X2-which-Which-null,X3-nationality-nationality-the,X5-Road-Road-null,X4-creator-creator-the,X6-Labyrinth-Labyrinth-the, X1-subj-X2,X1-obj-X3,X5-has_name-Road,X4-of-X5,X1-obl_of-X4,X6-has_name-Labyrinth,X1-obl_through-X6, X1-be-is-null,X2-which-Which-null,X5-Labyrinth-Labyrinth-the,X4-creator-creator-the,X6-Road-Road-null,X3-nationality-nationality-the, X1-subj-X2,X5-has_name-Labyrinth,X4-through-X5,X3-of-X4,X6-has_name-Road,X3-of-X6,X1-obj-X3, X1-be-is-null,X2-which-Which-null,X4-Road-Road-null,X3-nationality-nationality-the,X6-Labyrinth-Labyrinth-the,X5-creator-creator-the, X1-subj-X2,X4-has_name-Road,X3-of-X4,X1-obj-X3,X6-has_name-Labyrinth,X5-through-X6,X1-obl_of-X5, X1-be-is-null,X2-which-Which-null,X5-Labyrinth-Labyrinth-the,X4-creator-creator-the,X3-nationality-nationality-the,X6-Road-Road-null, X1-subj-X2,X5-has_name-Labyrinth,X4-through-X5,X3-of-X4,X1-obj-X3,X6-has_name-Road,X1-obl_of-X6, X1-be-is-null,X2-which-Which-null,X4-creator-creator-the,X5-Road-Road-null,X6-Labyrinth-Labyrinth-the,X3-nationality-nationality-the, X1-subj-X2,X3-of-X4,X5-has_name-Road,X3-of-X5,X6-has_name-Labyrinth,X3-through-X6,X1-obj-X3, X1-be-is-null,X2-which-Which-null,X5-Road-Road-null,X4-creator-creator-the,X6-Labyrinth-Labyrinth-the,X3-nationality-nationality-the, X1-subj-X2,X5-has_name-Road,X4-of-X5,X3-of-X4,X6-has_name-Labyrinth,X3-through-X6,X1-obj-X3,",Incorrect partial DRS,null,null
329,Which is the nationality of the creator of Room for One More?," X1-be-is-null,X2-which-Which-null,X6-more-More-one,X5-room-Room-null,X4-creator-creator-the,X3-nationality-nationality-the, X1-subj-X2,X5-for-X6,X4-of-X5,X3-of-X4,X1-obj-X3, X1-be-is-null,X2-which-Which-null,X3-nationality-nationality-the,X6-more-More-one,X5-room-Room-null,X4-creator-creator-the, X1-subj-X2,X1-obj-X3,X5-for-X6,X4-of-X5,X1-obl_of-X4, X1-be-is-null,X2-which-Which-null,X3-nationality-nationality-the,X4-creator-creator-the,X6-more-More-one,X5-room-Room-null, X1-subj-X2,X1-obj-X3,X1-obl_of-X4,X5-for-X6,X1-obl_of-X5, X1-be-is-null,X2-which-Which-null,X3-nationality-nationality-the,X4-creator-creator-the,X5-room-Room-null,X6-more-More-one, X1-subj-X2,X1-obj-X3,X1-obl_of-X4,X1-obl_of-X5,X1-obl_for-X6, X1-be-is-null,X2-which-Which-null,X3-nationality-nationality-the,X5-room-Room-null,X6-more-More-one,X4-creator-creator-the, X1-subj-X2,X1-obj-X3,X4-of-X5,X4-for-X6,X1-obl_of-X4, X1-be-is-null,X2-which-Which-null,X4-creator-creator-the,X6-more-More-one,X5-room-Room-null,X3-nationality-nationality-the, X1-subj-X2,X3-of-X4,X5-for-X6,X3-of-X5,X1-obj-X3, X1-be-is-null,X2-which-Which-null,X5-more-More-one,X4-room-Room-null,X3-nationality-nationality-the,X6-creator-creator-the, X1-subj-X2,X4-for-X5,X3-of-X4,X1-obj-X3,X1-obl_of-X6, X1-be-is-null,X2-which-Which-null,X4-creator-creator-the,X3-nationality-nationality-the,X6-more-More-one,X5-room-Room-null, X1-subj-X2,X3-of-X4,X1-obj-X3,X5-for-X6,X1-obl_of-X5, X1-be-is-null,X2-which-Which-null,X4-creator-creator-the,X5-room-Room-null,X6-more-More-one,X3-nationality-nationality-the, X1-subj-X2,X3-of-X4,X3-of-X5,X3-for-X6,X1-obj-X3, X1-be-is-null,X2-which-Which-null,X5-room-Room-null,X6-more-More-one,X4-creator-creator-the,X3-nationality-nationality-the, X1-subj-X2,X4-of-X5,X4-for-X6,X3-of-X4,X1-obj-X3,",Incorrect partial DRS,null,null
330,Which is the nationality of the creator of Rosebud?," X1-be-is-null,X2-which-Which-null,X5-Rosebud-Rosebud-null,X4-creator-creator-the,X3-nationality-nationality-the, X1-subj-X2,X5-has_name-Rosebud,X4-of-X5,X3-of-X4,X1-obj-X3, X1-be-is-null,X2-which-Which-null,X3-nationality-nationality-the,X5-Rosebud-Rosebud-null,X4-creator-creator-the, X1-subj-X2,X1-obj-X3,X5-has_name-Rosebud,X4-of-X5,X1-obl_of-X4, X1-be-is-null,X2-which-Which-null,X3-nationality-nationality-the,X4-creator-creator-the,X5-Rosebud-Rosebud-null, X1-subj-X2,X1-obj-X3,X1-obl_of-X4,X5-has_name-Rosebud,X1-obl_of-X5, X1-be-is-null,X2-which-Which-null,X4-creator-creator-the,X5-Rosebud-Rosebud-null,X3-nationality-nationality-the, X1-subj-X2,X3-of-X4,X5-has_name-Rosebud,X3-of-X5,X1-obj-X3, X1-be-is-null,X2-which-Which-null,X4-Rosebud-Rosebud-null,X3-nationality-nationality-the,X5-creator-creator-the, X1-subj-X2,X4-has_name-Rosebud,X3-of-X4,X1-obj-X3,X1-obl_of-X5, X1-be-is-null,X2-which-Which-null,X4-creator-creator-the,X3-nationality-nationality-the,X5-Rosebud-Rosebud-null, X1-subj-X2,X3-of-X4,X1-obj-X3,X5-has_name-Rosebud,X1-obl_of-X5,","Drs [
 tokens=[],
 dEntities=[
DEntity(X1, be, is, VERB, null, false, Query1, Query), 
DEntity(X2, which, Which, PRON, null, false, Qualifier2, Qualifier), 
DEntity(X5, Rosebud, Rosebud, PROPN, null, false, Artefact3, Artefact), 
DEntity(X4, creator, creator, NOUN, the, false, Artist4, Artist), 
DEntity(X3, nationality, nationality, NOUN, the, false, ConceptArtist5, ConceptArtist)],
 dConditions=[
DCondition(X1, subj, X2, propriedades= [qQualifier] --- []), 
DCondition(X5, has_name, Rosebud, propriedades= [] --- [has_name, has_text, who]), 
DCondition(X4, of, X5, propriedades= [author_of] --- []), 
DCondition(X3, of, X4, propriedades= [conc_of_Artist] --- []), 
DCondition(X1, obj, X3, propriedades= [select] --- []), 
DCondition(X1, has_text, be, propriedades= [] --- [has_name, has_text, who]), 
DCondition(X2, has_text, which, propriedades= [] --- [has_name, has_text, who]), 
DCondition(X5, has_text, Rosebud, propriedades= [] --- [has_name, has_text, who]), 
DCondition(X4, has_text, creator, propriedades= [] --- [has_name, has_text, who]), 
DCondition(X3, has_text, nationality, propriedades= [] --- [has_name, has_text, who]), 
DCondition(X2, has_name, null list, propriedades= [] --- [has_name, has_text, who]), 
DCondition(X1, obj, X2, propriedades= [qQualifier] --- [])]
 solu��es = []
 numeroFrase = 0
 numHasNames = 2
 numIndividuals = 5
 numEntitiesOk = 10
 numIsClass = 0
 numPropsOk = 5
 numEntitiesNOk = 0
 numClassesOk = 4]"," PREFIX rdf: <http://www.w3.org/1999/02/22-rdf-syntax-ns#> PREFIX xsd: <http://www.w3.org/2001/XMLSchema#> PREFIX rdfs: <http://www.w3.org/2000/01/rdf-schema#> PREFIX cidoc: <http://www.cidoc-crm.org/cidoc-crm/> SELECT  DISTINCT  ?snameConceptArtist5 ?ConceptArtist5 ?snameArtefact3 ?Artefact3 WHERE { {{?Artefact3 cidoc:P131_is_identified_by ?nameArtefact3 . ?nameArtefact3 rdf:value ?snameArtefact3 .}  UNION {?Artefact3 rdfs:label ?snameArtefact3 .}}  filter(regex(?snameArtefact3,""Rosebud"",""i"")) . ?prod cidoc:P14_carried_out_by ?Artist4 . ?Artefact3 cidoc:P108i_was_produced_by ?prod . ?Artist4 rdfs:label ?snameArtist4 . ?Artist4 cidoc:P107i_is_current_or_former_member_of ?ConceptArtist5. ?ConceptArtist5 rdfs:label ?snameConceptArtist5. }",true
331,Which is the nationality of the creator of Royal Oak?," X1-be-is-null,X2-which-Which-null,X5-Royal Oak-Royal Oak-null,X4-creator-creator-the,X3-nationality-nationality-the, X1-subj-X2,X5-has_name-Royal Oak,X4-of-X5,X3-of-X4,X1-obj-X3, X1-be-is-null,X2-which-Which-null,X3-nationality-nationality-the,X5-Royal Oak-Royal Oak-null,X4-creator-creator-the, X1-subj-X2,X1-obj-X3,X5-has_name-Royal Oak,X4-of-X5,X1-obl_of-X4, X1-be-is-null,X2-which-Which-null,X3-nationality-nationality-the,X4-creator-creator-the,X5-Royal Oak-Royal Oak-null, X1-subj-X2,X1-obj-X3,X1-obl_of-X4,X5-has_name-Royal Oak,X1-obl_of-X5, X1-be-is-null,X2-which-Which-null,X4-creator-creator-the,X5-Royal Oak-Royal Oak-null,X3-nationality-nationality-the, X1-subj-X2,X3-of-X4,X5-has_name-Royal Oak,X3-of-X5,X1-obj-X3, X1-be-is-null,X2-which-Which-null,X4-Royal Oak-Royal Oak-null,X3-nationality-nationality-the,X5-creator-creator-the, X1-subj-X2,X4-has_name-Royal Oak,X3-of-X4,X1-obj-X3,X1-obl_of-X5, X1-be-is-null,X2-which-Which-null,X4-creator-creator-the,X3-nationality-nationality-the,X5-Royal Oak-Royal Oak-null, X1-subj-X2,X3-of-X4,X1-obj-X3,X5-has_name-Royal Oak,X1-obl_of-X5,","Drs [
 tokens=[],
 dEntities=[
DEntity(X1, be, is, VERB, null, false, Query1, Query), 
DEntity(X2, which, Which, PRON, null, false, Qualifier2, Qualifier), 
DEntity(X5, Oak, Oak, PROPN, null, false, Artefact3, Artefact), 
DEntity(X4, creator, creator, NOUN, the, false, Artist4, Artist), 
DEntity(X3, nationality, nationality, NOUN, the, false, ConceptArtist5, ConceptArtist)],
 dConditions=[
DCondition(X1, subj, X2, propriedades= [qQualifier] --- []), 
DCondition(X5, Royal, true, propriedades= [] --- [has_name, has_text, who]), 
DCondition(X5, has_name, Oak, propriedades= [] --- [has_name, has_text, who]), 
DCondition(X4, of, X5, propriedades= [author_of] --- []), 
DCondition(X3, of, X4, propriedades= [conc_of_Artist] --- []), 
DCondition(X1, obj, X3, propriedades= [select] --- []), 
DCondition(X1, has_text, be, propriedades= [] --- [has_name, has_text, who]), 
DCondition(X2, has_text, which, propriedades= [] --- [has_name, has_text, who]), 
DCondition(X5, has_text, Oak, propriedades= [] --- [has_name, has_text, who]), 
DCondition(X4, has_text, creator, propriedades= [] --- [has_name, has_text, who]), 
DCondition(X3, has_text, nationality, propriedades= [] --- [has_name, has_text, who]), 
DCondition(X2, has_name, null list, propriedades= [] --- [has_name, has_text, who]), 
DCondition(X1, obj, X2, propriedades= [qQualifier] --- [])]
 solu��es = []
 numeroFrase = 0
 numHasNames = 2
 numIndividuals = 5
 numEntitiesOk = 10
 numIsClass = 0
 numPropsOk = 5
 numEntitiesNOk = 0
 numClassesOk = 4]"," PREFIX rdf: <http://www.w3.org/1999/02/22-rdf-syntax-ns#> PREFIX xsd: <http://www.w3.org/2001/XMLSchema#> PREFIX rdfs: <http://www.w3.org/2000/01/rdf-schema#> PREFIX cidoc: <http://www.cidoc-crm.org/cidoc-crm/> SELECT  DISTINCT  ?snameConceptArtist5 ?ConceptArtist5 ?snameArtefact3 ?Artefact3 WHERE { {{?Artefact3 cidoc:P131_is_identified_by ?nameArtefact3 . ?nameArtefact3 rdf:value ?snameArtefact3 .}  UNION {?Artefact3 rdfs:label ?snameArtefact3 .}}  filter(regex(?snameArtefact3,""Oak"",""i"")) . ?prod cidoc:P14_carried_out_by ?Artist4 . ?Artefact3 cidoc:P108i_was_produced_by ?prod . ?Artist4 rdfs:label ?snameArtist4 . ?Artist4 cidoc:P107i_is_current_or_former_member_of ?ConceptArtist5. ?ConceptArtist5 rdfs:label ?snameConceptArtist5. }",true
332,Which is the nationality of the creator of Rubenesque?," X1-be-is-null,X2-which-Which-null,X5-Rubenesque-Rubenesque-null,X4-creator-creator-the,X3-nationality-nationality-the, X1-subj-X2,X5-has_name-Rubenesque,X4-of-X5,X3-of-X4,X1-obj-X3, X1-be-is-null,X2-which-Which-null,X3-nationality-nationality-the,X5-Rubenesque-Rubenesque-null,X4-creator-creator-the, X1-subj-X2,X1-obj-X3,X5-has_name-Rubenesque,X4-of-X5,X1-obl_of-X4, X1-be-is-null,X2-which-Which-null,X3-nationality-nationality-the,X4-creator-creator-the,X5-Rubenesque-Rubenesque-null, X1-subj-X2,X1-obj-X3,X1-obl_of-X4,X5-has_name-Rubenesque,X1-obl_of-X5, X1-be-is-null,X2-which-Which-null,X4-creator-creator-the,X5-Rubenesque-Rubenesque-null,X3-nationality-nationality-the, X1-subj-X2,X3-of-X4,X5-has_name-Rubenesque,X3-of-X5,X1-obj-X3, X1-be-is-null,X2-which-Which-null,X4-Rubenesque-Rubenesque-null,X3-nationality-nationality-the,X5-creator-creator-the, X1-subj-X2,X4-has_name-Rubenesque,X3-of-X4,X1-obj-X3,X1-obl_of-X5, X1-be-is-null,X2-which-Which-null,X4-creator-creator-the,X3-nationality-nationality-the,X5-Rubenesque-Rubenesque-null, X1-subj-X2,X3-of-X4,X1-obj-X3,X5-has_name-Rubenesque,X1-obl_of-X5,","Drs [
 tokens=[],
 dEntities=[
DEntity(X1, be, is, VERB, null, false, Query1, Query), 
DEntity(X2, which, Which, PRON, null, false, Qualifier2, Qualifier), 
DEntity(X5, Rubenesque, Rubenesque, PROPN, null, false, Artefact3, Artefact), 
DEntity(X4, creator, creator, NOUN, the, false, Artist4, Artist), 
DEntity(X3, nationality, nationality, NOUN, the, false, ConceptArtist5, ConceptArtist)],
 dConditions=[
DCondition(X1, subj, X2, propriedades= [qQualifier] --- []), 
DCondition(X5, has_name, Rubenesque, propriedades= [] --- [has_name, has_text, who]), 
DCondition(X4, of, X5, propriedades= [author_of] --- []), 
DCondition(X3, of, X4, propriedades= [conc_of_Artist] --- []), 
DCondition(X1, obj, X3, propriedades= [select] --- []), 
DCondition(X1, has_text, be, propriedades= [] --- [has_name, has_text, who]), 
DCondition(X2, has_text, which, propriedades= [] --- [has_name, has_text, who]), 
DCondition(X5, has_text, Rubenesque, propriedades= [] --- [has_name, has_text, who]), 
DCondition(X4, has_text, creator, propriedades= [] --- [has_name, has_text, who]), 
DCondition(X3, has_text, nationality, propriedades= [] --- [has_name, has_text, who]), 
DCondition(X2, has_name, null list, propriedades= [] --- [has_name, has_text, who]), 
DCondition(X1, obj, X2, propriedades= [qQualifier] --- [])]
 solu��es = []
 numeroFrase = 0
 numHasNames = 2
 numIndividuals = 5
 numEntitiesOk = 10
 numIsClass = 0
 numPropsOk = 5
 numEntitiesNOk = 0
 numClassesOk = 4]"," PREFIX rdf: <http://www.w3.org/1999/02/22-rdf-syntax-ns#> PREFIX xsd: <http://www.w3.org/2001/XMLSchema#> PREFIX rdfs: <http://www.w3.org/2000/01/rdf-schema#> PREFIX cidoc: <http://www.cidoc-crm.org/cidoc-crm/> SELECT  DISTINCT  ?snameConceptArtist5 ?ConceptArtist5 ?snameArtefact3 ?Artefact3 WHERE { {{?Artefact3 cidoc:P131_is_identified_by ?nameArtefact3 . ?nameArtefact3 rdf:value ?snameArtefact3 .}  UNION {?Artefact3 rdfs:label ?snameArtefact3 .}}  filter(regex(?snameArtefact3,""Rubenesque"",""i"")) . ?prod cidoc:P14_carried_out_by ?Artist4 . ?Artefact3 cidoc:P108i_was_produced_by ?prod . ?Artist4 rdfs:label ?snameArtist4 . ?Artist4 cidoc:P107i_is_current_or_former_member_of ?ConceptArtist5. ?ConceptArtist5 rdfs:label ?snameConceptArtist5. }",true
333,Which is the nationality of the creator of Rusty and Corrosion?," X1-be-is-null,X2-which-Which-null,X6-Corrosion-Corrosion-null,X5-Rusty-Rusty-null,X4-creator-creator-the,X3-nationality-nationality-the, X1-subj-X2,X6-has_name-Corrosion,X4-of-X6,X5-has_name-Rusty,X4-of-X5,X3-of-X4,X1-obj-X3, X1-be-is-null,X2-which-Which-null,X3-nationality-nationality-the,X6-Corrosion-Corrosion-null,X5-Rusty-Rusty-null,X4-creator-creator-the, X1-subj-X2,X1-obj-X3,X6-has_name-Corrosion,X4-of-X6,X5-has_name-Rusty,X4-of-X5,X1-obl_of-X4, X1-be-is-null,X2-which-Which-null,X3-nationality-nationality-the,X4-creator-creator-the,X6-Corrosion-Corrosion-null,X5-Rusty-Rusty-null, X1-subj-X2,X1-obj-X3,X1-obl_of-X4,X6-has_name-Corrosion,X1-obl_of-X6,X5-has_name-Rusty,X1-obl_of-X5, X1-be-is-null,X2-which-Which-null,X4-creator-creator-the,X6-Corrosion-Corrosion-null,X5-Rusty-Rusty-null,X3-nationality-nationality-the, X1-subj-X2,X3-of-X4,X6-has_name-Corrosion,X3-of-X6,X5-has_name-Rusty,X3-of-X5,X1-obj-X3, X1-be-is-null,X2-which-Which-null,X5-Corrosion-Corrosion-null,X4-Rusty-Rusty-null,X3-nationality-nationality-the,X6-creator-creator-the, X1-subj-X2,X5-has_name-Corrosion,X3-of-X5,X4-has_name-Rusty,X3-of-X4,X1-obj-X3,X1-obl_of-X6, X1-be-is-null,X2-which-Which-null,X4-creator-creator-the,X3-nationality-nationality-the,X6-Corrosion-Corrosion-null,X5-Rusty-Rusty-null, X1-subj-X2,X3-of-X4,X1-obj-X3,X6-has_name-Corrosion,X1-obl_of-X6,X5-has_name-Rusty,X1-obl_of-X5,",Incorrect partial DRS,null,null
334,Which is the nationality of the creator of SPIN (orange)?," X1-be-is-null,X2-which-Which-null,X5-spin-SPIN-null,X4-creator-creator-the,X3-nationality-nationality-the, X1-subj-X2,X5-has_name-orange,X4-of-X5,X3-of-X4,X1-obj-X3, X1-be-is-null,X2-which-Which-null,X3-nationality-nationality-the,X5-spin-SPIN-null,X4-creator-creator-the, X1-subj-X2,X1-obj-X3,X5-has_name-orange,X4-of-X5,X1-obl_of-X4, X1-be-is-null,X2-which-Which-null,X3-nationality-nationality-the,X4-creator-creator-the,X5-spin-SPIN-null, X1-subj-X2,X1-obj-X3,X1-obl_of-X4,X5-has_name-orange,X1-obl_of-X5, X1-be-is-null,X2-which-Which-null,X4-creator-creator-the,X5-spin-SPIN-null,X3-nationality-nationality-the, X1-subj-X2,X3-of-X4,X5-has_name-orange,X3-of-X5,X1-obj-X3, X1-be-is-null,X2-which-Which-null,X4-spin-SPIN-null,X3-nationality-nationality-the,X5-creator-creator-the, X1-subj-X2,X4-has_name-orange,X3-of-X4,X1-obj-X3,X1-obl_of-X5, X1-be-is-null,X2-which-Which-null,X4-creator-creator-the,X3-nationality-nationality-the,X5-spin-SPIN-null, X1-subj-X2,X3-of-X4,X1-obj-X3,X5-has_name-orange,X1-obl_of-X5,","Drs [
 tokens=[],
 dEntities=[
DEntity(X1, be, is, VERB, null, false, Query1, Query), 
DEntity(X2, which, Which, PRON, null, false, Qualifier2, Qualifier), 
DEntity(X4, creator, creator, NOUN, the, false, Artist3, Artist), 
DEntity(X6, orange, orange, NOUN, null, false, Artefact4, Artefact), 
DEntity(X5, spin, SPIN, NOUN, null, false, Artist5, Artist), 
DEntity(X3, nationality, nationality, NOUN, the, false, ConceptArtist6, ConceptArtist)],
 dConditions=[
DCondition(X1, subj, X2, propriedades= [qQualifier] --- []), 
DCondition(X3, of, X4, propriedades= [conc_of_Artist] --- []), 
DCondition(X5, rel, X6, propriedades= [author_of] --- []), 
DCondition(X3, of, X5, propriedades= [conc_of_Artist] --- []), 
DCondition(X1, obj, X3, propriedades= [select] --- []), 
DCondition(X1, has_text, be, propriedades= [] --- [has_name, has_text, who]), 
DCondition(X2, has_text, which, propriedades= [] --- [has_name, has_text, who]), 
DCondition(X4, has_text, creator, propriedades= [] --- [has_name, has_text, who]), 
DCondition(X6, has_text, orange, propriedades= [] --- [has_name, has_text, who]), 
DCondition(X5, has_text, spin, propriedades= [] --- [has_name, has_text, who]), 
DCondition(X3, has_text, nationality, propriedades= [] --- [has_name, has_text, who]), 
DCondition(X2, has_name, null list, propriedades= [] --- [has_name, has_text, who]), 
DCondition(X1, obj, X2, propriedades= [qQualifier] --- [])]
 solu��es = []
 numeroFrase = 0
 numHasNames = 1
 numIndividuals = 6
 numEntitiesOk = 10
 numIsClass = 0
 numPropsOk = 5
 numEntitiesNOk = 0
 numClassesOk = 4]", PREFIX rdf: <http://www.w3.org/1999/02/22-rdf-syntax-ns#> PREFIX xsd: <http://www.w3.org/2001/XMLSchema#> PREFIX rdfs: <http://www.w3.org/2000/01/rdf-schema#> PREFIX cidoc: <http://www.cidoc-crm.org/cidoc-crm/> SELECT  DISTINCT  ?snameConceptArtist6 ?ConceptArtist6 WHERE { ?prod cidoc:P14_carried_out_by ?Artist5 . ?Artefact4 cidoc:P108i_was_produced_by ?prod . ?Artist5 rdfs:label ?snameArtist5 . ?Artist5 cidoc:P107i_is_current_or_former_member_of ?ConceptArtist6. ?ConceptArtist6 rdfs:label ?snameConceptArtist6. ?Artist3 cidoc:P107i_is_current_or_former_member_of ?ConceptArtist6. ?ConceptArtist6 rdfs:label ?snameConceptArtist6. },false
335,Which is the nationality of the creator of Sad Man?," X1-be-is-null,X2-which-Which-null,X5-man-Man-null,X4-creator-creator-the,X3-nationality-nationality-the, X1-subj-X2,X5-sad-true,X4-of-X5,X3-of-X4,X1-obj-X3, X1-be-is-null,X2-which-Which-null,X5-man-Man-null,X4-creator-creator-the,X3-nationality-nationality-the, X1-subj-X2,X5-has_name-Sad,X4-of-X5,X3-of-X4,X1-obj-X3, X1-be-is-null,X2-which-Which-null,X5-Sad Man-Sad Man-null,X4-creator-creator-the,X3-nationality-nationality-the, X1-subj-X2,X4-of-X5,X3-of-X4,X1-obj-X3, X1-be-is-null,X2-which-Which-null,X3-nationality-nationality-the,X5-man-Man-null,X4-creator-creator-the, X1-subj-X2,X1-obj-X3,X5-sad-true,X4-of-X5,X1-obl_of-X4, X1-be-is-null,X2-which-Which-null,X3-nationality-nationality-the,X5-man-Man-null,X4-creator-creator-the, X1-subj-X2,X1-obj-X3,X5-has_name-Sad,X4-of-X5,X1-obl_of-X4, X1-be-is-null,X2-which-Which-null,X3-nationality-nationality-the,X5-Sad Man-Sad Man-null,X4-creator-creator-the, X1-subj-X2,X1-obj-X3,X4-of-X5,X1-obl_of-X4, X1-be-is-null,X2-which-Which-null,X3-nationality-nationality-the,X4-creator-creator-the,X5-man-Man-null, X1-subj-X2,X1-obj-X3,X1-obl_of-X4,X5-sad-true,X1-obl_of-X5, X1-be-is-null,X2-which-Which-null,X3-nationality-nationality-the,X4-creator-creator-the,X5-man-Man-null, X1-subj-X2,X1-obj-X3,X1-obl_of-X4,X5-has_name-Sad,X1-obl_of-X5, X1-be-is-null,X2-which-Which-null,X3-nationality-nationality-the,X4-creator-creator-the,X5-Sad Man-Sad Man-null, X1-subj-X2,X1-obj-X3,X1-obl_of-X4,X1-obl_of-X5, X1-be-is-null,X2-which-Which-null,X4-creator-creator-the,X5-man-Man-null,X3-nationality-nationality-the, X1-subj-X2,X3-of-X4,X5-sad-true,X3-of-X5,X1-obj-X3, X1-be-is-null,X2-which-Which-null,X4-creator-creator-the,X5-man-Man-null,X3-nationality-nationality-the, X1-subj-X2,X3-of-X4,X5-has_name-Sad,X3-of-X5,X1-obj-X3, X1-be-is-null,X2-which-Which-null,X4-creator-creator-the,X5-Sad Man-Sad Man-null,X3-nationality-nationality-the, X1-subj-X2,X3-of-X4,X3-of-X5,X1-obj-X3, X1-be-is-null,X2-which-Which-null,X4-man-Man-null,X3-nationality-nationality-the,X5-creator-creator-the, X1-subj-X2,X4-sad-true,X3-of-X4,X1-obj-X3,X1-obl_of-X5, X1-be-is-null,X2-which-Which-null,X4-man-Man-null,X3-nationality-nationality-the,X5-creator-creator-the, X1-subj-X2,X4-has_name-Sad,X3-of-X4,X1-obj-X3,X1-obl_of-X5, X1-be-is-null,X2-which-Which-null,X4-Sad Man-Sad Man-null,X3-nationality-nationality-the,X5-creator-creator-the, X1-subj-X2,X3-of-X4,X1-obj-X3,X1-obl_of-X5, X1-be-is-null,X2-which-Which-null,X4-creator-creator-the,X3-nationality-nationality-the,X5-man-Man-null, X1-subj-X2,X3-of-X4,X1-obj-X3,X5-sad-true,X1-obl_of-X5, X1-be-is-null,X2-which-Which-null,X4-creator-creator-the,X3-nationality-nationality-the,X5-man-Man-null, X1-subj-X2,X3-of-X4,X1-obj-X3,X5-has_name-Sad,X1-obl_of-X5, X1-be-is-null,X2-which-Which-null,X4-creator-creator-the,X3-nationality-nationality-the,X5-Sad Man-Sad Man-null, X1-subj-X2,X3-of-X4,X1-obj-X3,X1-obl_of-X5,","Drs [
 tokens=[],
 dEntities=[
DEntity(X1, be, is, VERB, null, false, Query1, Query), 
DEntity(X2, which, Which, PRON, null, false, Qualifier2, Qualifier), 
DEntity(X5, man, Man, NOUN, null, false, Artefact3, Artefact), 
DEntity(X4, creator, creator, NOUN, the, false, Artist4, Artist), 
DEntity(X3, nationality, nationality, NOUN, the, false, ConceptArtist5, ConceptArtist)],
 dConditions=[
DCondition(X1, subj, X2, propriedades= [qQualifier] --- []), 
DCondition(X5, sad, true, propriedades= [] --- [has_name, has_text, who]), 
DCondition(X4, of, X5, propriedades= [author_of] --- []), 
DCondition(X3, of, X4, propriedades= [conc_of_Artist] --- []), 
DCondition(X1, obj, X3, propriedades= [select] --- []), 
DCondition(X1, has_text, be, propriedades= [] --- [has_name, has_text, who]), 
DCondition(X2, has_text, which, propriedades= [] --- [has_name, has_text, who]), 
DCondition(X5, has_text, man, propriedades= [] --- [has_name, has_text, who]), 
DCondition(X4, has_text, creator, propriedades= [] --- [has_name, has_text, who]), 
DCondition(X3, has_text, nationality, propriedades= [] --- [has_name, has_text, who]), 
DCondition(X2, has_name, null list, propriedades= [] --- [has_name, has_text, who]), 
DCondition(X1, obj, X2, propriedades= [qQualifier] --- [])]
 solu��es = []
 numeroFrase = 0
 numHasNames = 1
 numIndividuals = 5
 numEntitiesOk = 10
 numIsClass = 0
 numPropsOk = 5
 numEntitiesNOk = 0
 numClassesOk = 4]", PREFIX rdf: <http://www.w3.org/1999/02/22-rdf-syntax-ns#> PREFIX xsd: <http://www.w3.org/2001/XMLSchema#> PREFIX rdfs: <http://www.w3.org/2000/01/rdf-schema#> PREFIX cidoc: <http://www.cidoc-crm.org/cidoc-crm/> SELECT  DISTINCT  ?snameConceptArtist5 ?ConceptArtist5 WHERE { ?prod cidoc:P14_carried_out_by ?Artist4 . ?Artefact3 cidoc:P108i_was_produced_by ?prod . ?Artist4 rdfs:label ?snameArtist4 . ?Artist4 cidoc:P107i_is_current_or_former_member_of ?ConceptArtist5. ?ConceptArtist5 rdfs:label ?snameConceptArtist5. },false
336,Which is the nationality of the creator of Salton Sea (Triangle)?," X1-be-is-null,X2-which-Which-null,X5-Salton Sea-Salton Sea-null,X4-creator-creator-the,X3-nationality-nationality-the, X1-subj-X2,X5-has_name-Triangle,X5-has_name-Salton Sea,X4-of-X5,X3-of-X4,X1-obj-X3, X1-be-is-null,X2-which-Which-null,X3-nationality-nationality-the,X5-Salton Sea-Salton Sea-null,X4-creator-creator-the, X1-subj-X2,X1-obj-X3,X5-has_name-Triangle,X5-has_name-Salton Sea,X4-of-X5,X1-obl_of-X4, X1-be-is-null,X2-which-Which-null,X3-nationality-nationality-the,X4-creator-creator-the,X5-Salton Sea-Salton Sea-null, X1-subj-X2,X1-obj-X3,X1-obl_of-X4,X5-has_name-Triangle,X5-has_name-Salton Sea,X1-obl_of-X5, X1-be-is-null,X2-which-Which-null,X4-creator-creator-the,X5-Salton Sea-Salton Sea-null,X3-nationality-nationality-the, X1-subj-X2,X3-of-X4,X5-has_name-Triangle,X5-has_name-Salton Sea,X3-of-X5,X1-obj-X3, X1-be-is-null,X2-which-Which-null,X4-Salton Sea-Salton Sea-null,X3-nationality-nationality-the,X5-creator-creator-the, X1-subj-X2,X4-has_name-Triangle,X4-has_name-Salton Sea,X3-of-X4,X1-obj-X3,X1-obl_of-X5, X1-be-is-null,X2-which-Which-null,X4-creator-creator-the,X3-nationality-nationality-the,X5-Salton Sea-Salton Sea-null, X1-subj-X2,X3-of-X4,X1-obj-X3,X5-has_name-Triangle,X5-has_name-Salton Sea,X1-obl_of-X5,","Drs [
 tokens=[],
 dEntities=[
DEntity(X1, be, is, VERB, null, false, Query1, Query), 
DEntity(X2, which, Which, PRON, null, false, Qualifier2, Qualifier), 
DEntity(X5, Salton Sea, Salton Sea, PROPN, null, false, Artefact3, Artefact), 
DEntity(X4, creator, creator, NOUN, the, false, Artist4, Artist), 
DEntity(X3, nationality, nationality, NOUN, the, false, ConceptArtist5, ConceptArtist)],
 dConditions=[
DCondition(X1, subj, X2, propriedades= [qQualifier] --- []), 
DCondition(X5, has_name, Triangle, propriedades= [] --- [has_name, has_text, who]), 
DCondition(X5, has_name, Salton Sea, propriedades= [] --- [has_name, has_text, who]), 
DCondition(X4, of, X5, propriedades= [author_of] --- []), 
DCondition(X3, of, X4, propriedades= [conc_of_Artist] --- []), 
DCondition(X1, obj, X3, propriedades= [select] --- []), 
DCondition(X1, has_text, be, propriedades= [] --- [has_name, has_text, who]), 
DCondition(X2, has_text, which, propriedades= [] --- [has_name, has_text, who]), 
DCondition(X5, has_text, Salton Sea, propriedades= [] --- [has_name, has_text, who]), 
DCondition(X4, has_text, creator, propriedades= [] --- [has_name, has_text, who]), 
DCondition(X3, has_text, nationality, propriedades= [] --- [has_name, has_text, who]), 
DCondition(X2, has_name, null list, propriedades= [] --- [has_name, has_text, who]), 
DCondition(X1, obj, X2, propriedades= [qQualifier] --- [])]
 solu��es = []
 numeroFrase = 0
 numHasNames = 3
 numIndividuals = 5
 numEntitiesOk = 10
 numIsClass = 0
 numPropsOk = 5
 numEntitiesNOk = 0
 numClassesOk = 4]"," PREFIX rdf: <http://www.w3.org/1999/02/22-rdf-syntax-ns#> PREFIX xsd: <http://www.w3.org/2001/XMLSchema#> PREFIX rdfs: <http://www.w3.org/2000/01/rdf-schema#> PREFIX cidoc: <http://www.cidoc-crm.org/cidoc-crm/> SELECT  DISTINCT  ?snameConceptArtist5 ?ConceptArtist5 ?snameArtefact3 ?Artefact3 WHERE { {{?Artefact3 cidoc:P131_is_identified_by ?nameArtefact3 . ?nameArtefact3 rdf:value ?snameArtefact3 .}  UNION {?Artefact3 rdfs:label ?snameArtefact3 .}}  filter(regex(?snameArtefact3,""Salton Sea"",""i"")) . {{?Artefact3 cidoc:P131_is_identified_by ?nameArtefact3 . ?nameArtefact3 rdf:value ?snameArtefact3 .}  UNION {?Artefact3 rdfs:label ?snameArtefact3 .}}  filter(regex(?snameArtefact3,""Triangle"",""i"")) . ?prod cidoc:P14_carried_out_by ?Artist4 . ?Artefact3 cidoc:P108i_was_produced_by ?prod . ?Artist4 rdfs:label ?snameArtist4 . ?Artist4 cidoc:P107i_is_current_or_former_member_of ?ConceptArtist5. ?ConceptArtist5 rdfs:label ?snameConceptArtist5. }",true
337,Which is the nationality of the creator of Santa Maria della Salute?,,Incorrect Stanza Parsing,null,null
338,Which is the nationality of the creator of Sara in a Green Bonnet?," X1-be-is-null,X2-which-Which-null,X5-Sara-Sara-null,X6-Bonnet-Bonnet-a,X4-creator-creator-the,X3-nationality-nationality-the, X1-subj-X2,X5-has_name-Sara,X4-of-X5,X6-Green-true,X6-has_name-Bonnet,X4-in-X6,X3-of-X4,X1-obj-X3, X1-be-is-null,X2-which-Which-null,X5-Sara-Sara-null,X6-Bonnet-Bonnet-a,X4-creator-creator-the,X3-nationality-nationality-the, X1-subj-X2,X5-has_name-Sara,X4-of-X5,X6-has_name-Green,X6-has_name-Bonnet,X4-in-X6,X3-of-X4,X1-obj-X3, X1-be-is-null,X2-which-Which-null,X3-nationality-nationality-the,X5-Sara-Sara-null,X6-Bonnet-Bonnet-a,X4-creator-creator-the, X1-subj-X2,X1-obj-X3,X5-has_name-Sara,X4-of-X5,X6-Green-true,X6-has_name-Bonnet,X4-in-X6,X1-obl_of-X4, X1-be-is-null,X2-which-Which-null,X3-nationality-nationality-the,X5-Sara-Sara-null,X6-Bonnet-Bonnet-a,X4-creator-creator-the, X1-subj-X2,X1-obj-X3,X5-has_name-Sara,X4-of-X5,X6-has_name-Green,X6-has_name-Bonnet,X4-in-X6,X1-obl_of-X4, X1-be-is-null,X2-which-Which-null,X3-nationality-nationality-the,X5-Bonnet-Bonnet-a,X4-creator-creator-the,X6-Sara-Sara-null, X1-subj-X2,X1-obj-X3,X5-Green-true,X5-has_name-Bonnet,X4-in-X5,X1-obl_of-X4,X6-has_name-Sara,X1-obl_of-X6, X1-be-is-null,X2-which-Which-null,X3-nationality-nationality-the,X5-Bonnet-Bonnet-a,X4-creator-creator-the,X6-Sara-Sara-null, X1-subj-X2,X1-obj-X3,X5-has_name-Green,X5-has_name-Bonnet,X4-in-X5,X1-obl_of-X4,X6-has_name-Sara,X1-obl_of-X6, X1-be-is-null,X2-which-Which-null,X3-nationality-nationality-the,X4-creator-creator-the,X5-Sara-Sara-null,X6-Bonnet-Bonnet-a, X1-subj-X2,X1-obj-X3,X1-obl_of-X4,X5-has_name-Sara,X1-obl_of-X5,X6-Green-true,X6-has_name-Bonnet,X1-obl_in-X6, X1-be-is-null,X2-which-Which-null,X3-nationality-nationality-the,X4-creator-creator-the,X5-Sara-Sara-null,X6-Bonnet-Bonnet-a, X1-subj-X2,X1-obj-X3,X1-obl_of-X4,X5-has_name-Sara,X1-obl_of-X5,X6-has_name-Green,X6-has_name-Bonnet,X1-obl_in-X6, X1-be-is-null,X2-which-Which-null,X3-nationality-nationality-the,X5-Sara-Sara-null,X4-creator-creator-the,X6-Bonnet-Bonnet-a, X1-subj-X2,X1-obj-X3,X5-has_name-Sara,X4-of-X5,X1-obl_of-X4,X6-Green-true,X6-has_name-Bonnet,X1-obl_in-X6, X1-be-is-null,X2-which-Which-null,X3-nationality-nationality-the,X5-Sara-Sara-null,X4-creator-creator-the,X6-Bonnet-Bonnet-a, X1-subj-X2,X1-obj-X3,X5-has_name-Sara,X4-of-X5,X1-obl_of-X4,X6-has_name-Green,X6-has_name-Bonnet,X1-obl_in-X6, X1-be-is-null,X2-which-Which-null,X5-Bonnet-Bonnet-a,X4-creator-creator-the,X6-Sara-Sara-null,X3-nationality-nationality-the, X1-subj-X2,X5-Green-true,X5-has_name-Bonnet,X4-in-X5,X3-of-X4,X6-has_name-Sara,X3-of-X6,X1-obj-X3, X1-be-is-null,X2-which-Which-null,X5-Bonnet-Bonnet-a,X4-creator-creator-the,X6-Sara-Sara-null,X3-nationality-nationality-the, X1-subj-X2,X5-has_name-Green,X5-has_name-Bonnet,X4-in-X5,X3-of-X4,X6-has_name-Sara,X3-of-X6,X1-obj-X3, X1-be-is-null,X2-which-Which-null,X4-Sara-Sara-null,X3-nationality-nationality-the,X6-Bonnet-Bonnet-a,X5-creator-creator-the, X1-subj-X2,X4-has_name-Sara,X3-of-X4,X1-obj-X3,X6-Green-true,X6-has_name-Bonnet,X5-in-X6,X1-obl_of-X5, X1-be-is-null,X2-which-Which-null,X4-Sara-Sara-null,X3-nationality-nationality-the,X6-Bonnet-Bonnet-a,X5-creator-creator-the, X1-subj-X2,X4-has_name-Sara,X3-of-X4,X1-obj-X3,X6-has_name-Green,X6-has_name-Bonnet,X5-in-X6,X1-obl_of-X5, X1-be-is-null,X2-which-Which-null,X5-Bonnet-Bonnet-a,X4-creator-creator-the,X3-nationality-nationality-the,X6-Sara-Sara-null, X1-subj-X2,X5-Green-true,X5-has_name-Bonnet,X4-in-X5,X3-of-X4,X1-obj-X3,X6-has_name-Sara,X1-obl_of-X6, X1-be-is-null,X2-which-Which-null,X5-Bonnet-Bonnet-a,X4-creator-creator-the,X3-nationality-nationality-the,X6-Sara-Sara-null, X1-subj-X2,X5-has_name-Green,X5-has_name-Bonnet,X4-in-X5,X3-of-X4,X1-obj-X3,X6-has_name-Sara,X1-obl_of-X6, X1-be-is-null,X2-which-Which-null,X4-creator-creator-the,X5-Sara-Sara-null,X6-Bonnet-Bonnet-a,X3-nationality-nationality-the, X1-subj-X2,X3-of-X4,X5-has_name-Sara,X3-of-X5,X6-Green-true,X6-has_name-Bonnet,X3-in-X6,X1-obj-X3, X1-be-is-null,X2-which-Which-null,X4-creator-creator-the,X5-Sara-Sara-null,X6-Bonnet-Bonnet-a,X3-nationality-nationality-the, X1-subj-X2,X3-of-X4,X5-has_name-Sara,X3-of-X5,X6-has_name-Green,X6-has_name-Bonnet,X3-in-X6,X1-obj-X3, X1-be-is-null,X2-which-Which-null,X5-Sara-Sara-null,X4-creator-creator-the,X6-Bonnet-Bonnet-a,X3-nationality-nationality-the, X1-subj-X2,X5-has_name-Sara,X4-of-X5,X3-of-X4,X6-Green-true,X6-has_name-Bonnet,X3-in-X6,X1-obj-X3, X1-be-is-null,X2-which-Which-null,X5-Sara-Sara-null,X4-creator-creator-the,X6-Bonnet-Bonnet-a,X3-nationality-nationality-the, X1-subj-X2,X5-has_name-Sara,X4-of-X5,X3-of-X4,X6-has_name-Green,X6-has_name-Bonnet,X3-in-X6,X1-obj-X3,",Incorrect partial DRS,null,null
339,Which is the nationality of the creator of Sawyers?," X1-be-is-null,X2-which-Which-null,X5-Sawyers-Sawyers-null,X4-creator-creator-the,X3-nationality-nationality-the, X1-subj-X2,X5-has_name-Sawyers,X4-of-X5,X3-of-X4,X1-obj-X3, X1-be-is-null,X2-which-Which-null,X3-nationality-nationality-the,X5-Sawyers-Sawyers-null,X4-creator-creator-the, X1-subj-X2,X1-obj-X3,X5-has_name-Sawyers,X4-of-X5,X1-obl_of-X4, X1-be-is-null,X2-which-Which-null,X3-nationality-nationality-the,X4-creator-creator-the,X5-Sawyers-Sawyers-null, X1-subj-X2,X1-obj-X3,X1-obl_of-X4,X5-has_name-Sawyers,X1-obl_of-X5, X1-be-is-null,X2-which-Which-null,X4-creator-creator-the,X5-Sawyers-Sawyers-null,X3-nationality-nationality-the, X1-subj-X2,X3-of-X4,X5-has_name-Sawyers,X3-of-X5,X1-obj-X3, X1-be-is-null,X2-which-Which-null,X4-Sawyers-Sawyers-null,X3-nationality-nationality-the,X5-creator-creator-the, X1-subj-X2,X4-has_name-Sawyers,X3-of-X4,X1-obj-X3,X1-obl_of-X5, X1-be-is-null,X2-which-Which-null,X4-creator-creator-the,X3-nationality-nationality-the,X5-Sawyers-Sawyers-null, X1-subj-X2,X3-of-X4,X1-obj-X3,X5-has_name-Sawyers,X1-obl_of-X5,","Drs [
 tokens=[],
 dEntities=[
DEntity(X1, be, is, VERB, null, false, Query1, Query), 
DEntity(X2, which, Which, PRON, null, false, Qualifier2, Qualifier), 
DEntity(X5, Sawyers, Sawyers, PROPN, null, false, Artefact3, Artefact), 
DEntity(X4, creator, creator, NOUN, the, false, Artist4, Artist), 
DEntity(X3, nationality, nationality, NOUN, the, false, ConceptArtist5, ConceptArtist)],
 dConditions=[
DCondition(X1, subj, X2, propriedades= [qQualifier] --- []), 
DCondition(X5, has_name, Sawyers, propriedades= [] --- [has_name, has_text, who]), 
DCondition(X4, of, X5, propriedades= [author_of] --- []), 
DCondition(X3, of, X4, propriedades= [conc_of_Artist] --- []), 
DCondition(X1, obj, X3, propriedades= [select] --- []), 
DCondition(X1, has_text, be, propriedades= [] --- [has_name, has_text, who]), 
DCondition(X2, has_text, which, propriedades= [] --- [has_name, has_text, who]), 
DCondition(X5, has_text, Sawyers, propriedades= [] --- [has_name, has_text, who]), 
DCondition(X4, has_text, creator, propriedades= [] --- [has_name, has_text, who]), 
DCondition(X3, has_text, nationality, propriedades= [] --- [has_name, has_text, who]), 
DCondition(X2, has_name, null list, propriedades= [] --- [has_name, has_text, who]), 
DCondition(X1, obj, X2, propriedades= [qQualifier] --- [])]
 solu��es = []
 numeroFrase = 0
 numHasNames = 2
 numIndividuals = 5
 numEntitiesOk = 10
 numIsClass = 0
 numPropsOk = 5
 numEntitiesNOk = 0
 numClassesOk = 4]"," PREFIX rdf: <http://www.w3.org/1999/02/22-rdf-syntax-ns#> PREFIX xsd: <http://www.w3.org/2001/XMLSchema#> PREFIX rdfs: <http://www.w3.org/2000/01/rdf-schema#> PREFIX cidoc: <http://www.cidoc-crm.org/cidoc-crm/> SELECT  DISTINCT  ?snameConceptArtist5 ?ConceptArtist5 ?snameArtefact3 ?Artefact3 WHERE { {{?Artefact3 cidoc:P131_is_identified_by ?nameArtefact3 . ?nameArtefact3 rdf:value ?snameArtefact3 .}  UNION {?Artefact3 rdfs:label ?snameArtefact3 .}}  filter(regex(?snameArtefact3,""Sawyers"",""i"")) . ?prod cidoc:P14_carried_out_by ?Artist4 . ?Artefact3 cidoc:P108i_was_produced_by ?prod . ?Artist4 rdfs:label ?snameArtist4 . ?Artist4 cidoc:P107i_is_current_or_former_member_of ?ConceptArtist5. ?ConceptArtist5 rdfs:label ?snameConceptArtist5. }",true
340,Which is the nationality of the creator of Sculpture of a Bather?," X1-be-is-null,X2-which-Which-null,X6-Bather-Bather-a,X5-Sculpture-Sculpture-null,X4-creator-creator-the,X3-nationality-nationality-the, X1-subj-X2,X6-has_name-Bather,X5-of-X6,X5-has_name-Sculpture,X4-of-X5,X3-of-X4,X1-obj-X3, X1-be-is-null,X2-which-Which-null,X3-nationality-nationality-the,X6-Bather-Bather-a,X5-Sculpture-Sculpture-null,X4-creator-creator-the, X1-subj-X2,X1-obj-X3,X6-has_name-Bather,X5-of-X6,X5-has_name-Sculpture,X4-of-X5,X1-obl_of-X4, X1-be-is-null,X2-which-Which-null,X3-nationality-nationality-the,X4-creator-creator-the,X6-Bather-Bather-a,X5-Sculpture-Sculpture-null, X1-subj-X2,X1-obj-X3,X1-obl_of-X4,X6-has_name-Bather,X5-of-X6,X5-has_name-Sculpture,X1-obl_of-X5, X1-be-is-null,X2-which-Which-null,X3-nationality-nationality-the,X4-creator-creator-the,X5-Sculpture-Sculpture-null,X6-Bather-Bather-a, X1-subj-X2,X1-obj-X3,X1-obl_of-X4,X5-has_name-Sculpture,X1-obl_of-X5,X6-has_name-Bather,X1-obl_of-X6, X1-be-is-null,X2-which-Which-null,X3-nationality-nationality-the,X5-Sculpture-Sculpture-null,X6-Bather-Bather-a,X4-creator-creator-the, X1-subj-X2,X1-obj-X3,X5-has_name-Sculpture,X4-of-X5,X6-has_name-Bather,X4-of-X6,X1-obl_of-X4, X1-be-is-null,X2-which-Which-null,X4-creator-creator-the,X6-Bather-Bather-a,X5-Sculpture-Sculpture-null,X3-nationality-nationality-the, X1-subj-X2,X3-of-X4,X6-has_name-Bather,X5-of-X6,X5-has_name-Sculpture,X3-of-X5,X1-obj-X3, X1-be-is-null,X2-which-Which-null,X5-Bather-Bather-a,X4-Sculpture-Sculpture-null,X3-nationality-nationality-the,X6-creator-creator-the, X1-subj-X2,X5-has_name-Bather,X4-of-X5,X4-has_name-Sculpture,X3-of-X4,X1-obj-X3,X1-obl_of-X6, X1-be-is-null,X2-which-Which-null,X4-creator-creator-the,X3-nationality-nationality-the,X6-Bather-Bather-a,X5-Sculpture-Sculpture-null, X1-subj-X2,X3-of-X4,X1-obj-X3,X6-has_name-Bather,X5-of-X6,X5-has_name-Sculpture,X1-obl_of-X5, X1-be-is-null,X2-which-Which-null,X4-creator-creator-the,X5-Sculpture-Sculpture-null,X6-Bather-Bather-a,X3-nationality-nationality-the, X1-subj-X2,X3-of-X4,X5-has_name-Sculpture,X3-of-X5,X6-has_name-Bather,X3-of-X6,X1-obj-X3, X1-be-is-null,X2-which-Which-null,X5-Sculpture-Sculpture-null,X6-Bather-Bather-a,X4-creator-creator-the,X3-nationality-nationality-the, X1-subj-X2,X5-has_name-Sculpture,X4-of-X5,X6-has_name-Bather,X4-of-X6,X3-of-X4,X1-obj-X3,",Incorrect partial DRS,null,null
341,Which is the nationality of the creator of Sea Wall?," X1-be-is-null,X2-which-Which-null,X5-Sea Wall-Sea Wall-null,X4-creator-creator-the,X3-nationality-nationality-the, X1-subj-X2,X5-has_name-Sea Wall,X4-of-X5,X3-of-X4,X1-obj-X3, X1-be-is-null,X2-which-Which-null,X3-nationality-nationality-the,X5-Sea Wall-Sea Wall-null,X4-creator-creator-the, X1-subj-X2,X1-obj-X3,X5-has_name-Sea Wall,X4-of-X5,X1-obl_of-X4, X1-be-is-null,X2-which-Which-null,X3-nationality-nationality-the,X4-creator-creator-the,X5-Sea Wall-Sea Wall-null, X1-subj-X2,X1-obj-X3,X1-obl_of-X4,X5-has_name-Sea Wall,X1-obl_of-X5, X1-be-is-null,X2-which-Which-null,X4-creator-creator-the,X5-Sea Wall-Sea Wall-null,X3-nationality-nationality-the, X1-subj-X2,X3-of-X4,X5-has_name-Sea Wall,X3-of-X5,X1-obj-X3, X1-be-is-null,X2-which-Which-null,X4-Sea Wall-Sea Wall-null,X3-nationality-nationality-the,X5-creator-creator-the, X1-subj-X2,X4-has_name-Sea Wall,X3-of-X4,X1-obj-X3,X1-obl_of-X5, X1-be-is-null,X2-which-Which-null,X4-creator-creator-the,X3-nationality-nationality-the,X5-Sea Wall-Sea Wall-null, X1-subj-X2,X3-of-X4,X1-obj-X3,X5-has_name-Sea Wall,X1-obl_of-X5,","Drs [
 tokens=[],
 dEntities=[
DEntity(X1, be, is, VERB, null, false, Query1, Query), 
DEntity(X2, which, Which, PRON, null, false, Qualifier2, Qualifier), 
DEntity(X5, Sea Wall, Sea Wall, PROPN, null, false, Artefact3, Artefact), 
DEntity(X4, creator, creator, NOUN, the, false, Artist4, Artist), 
DEntity(X3, nationality, nationality, NOUN, the, false, ConceptArtist5, ConceptArtist)],
 dConditions=[
DCondition(X1, subj, X2, propriedades= [qQualifier] --- []), 
DCondition(X5, has_name, Sea Wall, propriedades= [] --- [has_name, has_text, who]), 
DCondition(X4, of, X5, propriedades= [author_of] --- []), 
DCondition(X3, of, X4, propriedades= [conc_of_Artist] --- []), 
DCondition(X1, obj, X3, propriedades= [select] --- []), 
DCondition(X1, has_text, be, propriedades= [] --- [has_name, has_text, who]), 
DCondition(X2, has_text, which, propriedades= [] --- [has_name, has_text, who]), 
DCondition(X5, has_text, Sea Wall, propriedades= [] --- [has_name, has_text, who]), 
DCondition(X4, has_text, creator, propriedades= [] --- [has_name, has_text, who]), 
DCondition(X3, has_text, nationality, propriedades= [] --- [has_name, has_text, who]), 
DCondition(X2, has_name, null list, propriedades= [] --- [has_name, has_text, who]), 
DCondition(X1, obj, X2, propriedades= [qQualifier] --- [])]
 solu��es = []
 numeroFrase = 0
 numHasNames = 2
 numIndividuals = 5
 numEntitiesOk = 10
 numIsClass = 0
 numPropsOk = 5
 numEntitiesNOk = 0
 numClassesOk = 4]"," PREFIX rdf: <http://www.w3.org/1999/02/22-rdf-syntax-ns#> PREFIX xsd: <http://www.w3.org/2001/XMLSchema#> PREFIX rdfs: <http://www.w3.org/2000/01/rdf-schema#> PREFIX cidoc: <http://www.cidoc-crm.org/cidoc-crm/> SELECT  DISTINCT  ?snameConceptArtist5 ?ConceptArtist5 ?snameArtefact3 ?Artefact3 WHERE { {{?Artefact3 cidoc:P131_is_identified_by ?nameArtefact3 . ?nameArtefact3 rdf:value ?snameArtefact3 .}  UNION {?Artefact3 rdfs:label ?snameArtefact3 .}}  filter(regex(?snameArtefact3,""Sea Wall"",""i"")) . ?prod cidoc:P14_carried_out_by ?Artist4 . ?Artefact3 cidoc:P108i_was_produced_by ?prod . ?Artist4 rdfs:label ?snameArtist4 . ?Artist4 cidoc:P107i_is_current_or_former_member_of ?ConceptArtist5. ?ConceptArtist5 rdfs:label ?snameConceptArtist5. }",true
342,Which is the nationality of the creator of Seabird?," X1-be-is-null,X2-which-Which-null,X5-Seabird-Seabird-null,X4-creator-creator-the,X3-nationality-nationality-the, X1-subj-X2,X5-has_name-Seabird,X4-of-X5,X3-of-X4,X1-obj-X3, X1-be-is-null,X2-which-Which-null,X3-nationality-nationality-the,X5-Seabird-Seabird-null,X4-creator-creator-the, X1-subj-X2,X1-obj-X3,X5-has_name-Seabird,X4-of-X5,X1-obl_of-X4, X1-be-is-null,X2-which-Which-null,X3-nationality-nationality-the,X4-creator-creator-the,X5-Seabird-Seabird-null, X1-subj-X2,X1-obj-X3,X1-obl_of-X4,X5-has_name-Seabird,X1-obl_of-X5, X1-be-is-null,X2-which-Which-null,X4-creator-creator-the,X5-Seabird-Seabird-null,X3-nationality-nationality-the, X1-subj-X2,X3-of-X4,X5-has_name-Seabird,X3-of-X5,X1-obj-X3, X1-be-is-null,X2-which-Which-null,X4-Seabird-Seabird-null,X3-nationality-nationality-the,X5-creator-creator-the, X1-subj-X2,X4-has_name-Seabird,X3-of-X4,X1-obj-X3,X1-obl_of-X5, X1-be-is-null,X2-which-Which-null,X4-creator-creator-the,X3-nationality-nationality-the,X5-Seabird-Seabird-null, X1-subj-X2,X3-of-X4,X1-obj-X3,X5-has_name-Seabird,X1-obl_of-X5,","Drs [
 tokens=[],
 dEntities=[
DEntity(X1, be, is, VERB, null, false, Query1, Query), 
DEntity(X2, which, Which, PRON, null, false, Qualifier2, Qualifier), 
DEntity(X5, Seabird, Seabird, PROPN, null, false, Artefact3, Artefact), 
DEntity(X4, creator, creator, NOUN, the, false, Artist4, Artist), 
DEntity(X3, nationality, nationality, NOUN, the, false, ConceptArtist5, ConceptArtist)],
 dConditions=[
DCondition(X1, subj, X2, propriedades= [qQualifier] --- []), 
DCondition(X5, has_name, Seabird, propriedades= [] --- [has_name, has_text, who]), 
DCondition(X4, of, X5, propriedades= [author_of] --- []), 
DCondition(X3, of, X4, propriedades= [conc_of_Artist] --- []), 
DCondition(X1, obj, X3, propriedades= [select] --- []), 
DCondition(X1, has_text, be, propriedades= [] --- [has_name, has_text, who]), 
DCondition(X2, has_text, which, propriedades= [] --- [has_name, has_text, who]), 
DCondition(X5, has_text, Seabird, propriedades= [] --- [has_name, has_text, who]), 
DCondition(X4, has_text, creator, propriedades= [] --- [has_name, has_text, who]), 
DCondition(X3, has_text, nationality, propriedades= [] --- [has_name, has_text, who]), 
DCondition(X2, has_name, null list, propriedades= [] --- [has_name, has_text, who]), 
DCondition(X1, obj, X2, propriedades= [qQualifier] --- [])]
 solu��es = []
 numeroFrase = 0
 numHasNames = 2
 numIndividuals = 5
 numEntitiesOk = 10
 numIsClass = 0
 numPropsOk = 5
 numEntitiesNOk = 0
 numClassesOk = 4]"," PREFIX rdf: <http://www.w3.org/1999/02/22-rdf-syntax-ns#> PREFIX xsd: <http://www.w3.org/2001/XMLSchema#> PREFIX rdfs: <http://www.w3.org/2000/01/rdf-schema#> PREFIX cidoc: <http://www.cidoc-crm.org/cidoc-crm/> SELECT  DISTINCT  ?snameConceptArtist5 ?ConceptArtist5 ?snameArtefact3 ?Artefact3 WHERE { {{?Artefact3 cidoc:P131_is_identified_by ?nameArtefact3 . ?nameArtefact3 rdf:value ?snameArtefact3 .}  UNION {?Artefact3 rdfs:label ?snameArtefact3 .}}  filter(regex(?snameArtefact3,""Seabird"",""i"")) . ?prod cidoc:P14_carried_out_by ?Artist4 . ?Artefact3 cidoc:P108i_was_produced_by ?prod . ?Artist4 rdfs:label ?snameArtist4 . ?Artist4 cidoc:P107i_is_current_or_former_member_of ?ConceptArtist5. ?ConceptArtist5 rdfs:label ?snameConceptArtist5. }",true
343,Which is the nationality of the creator of Seiners - Provincetown?," X1-be-is-null,X2-which-Which-null,X5-Seiners-Seiners-null,X4-creator Provincetown-creator-the,X3-nationality-nationality-the, X1-subj-X2,X5-has_name-Seiners,X4-of-X5,X3-of-X4,X1-obj-X3, X1-be-is-null,X2-which-Which-null,X3-nationality-nationality-the,X5-Seiners-Seiners-null,X4-creator Provincetown-creator-the, X1-subj-X2,X1-obj-X3,X5-has_name-Seiners,X4-of-X5,X1-obl_of-X4, X1-be-is-null,X2-which-Which-null,X3-nationality-nationality-the,X4-creator Provincetown-creator-the,X5-Seiners-Seiners-null, X1-subj-X2,X1-obj-X3,X1-obl_of-X4,X5-has_name-Seiners,X1-obl_of-X5, X1-be-is-null,X2-which-Which-null,X4-creator Provincetown-creator-the,X5-Seiners-Seiners-null,X3-nationality-nationality-the, X1-subj-X2,X3-of-X4,X5-has_name-Seiners,X3-of-X5,X1-obj-X3, X1-be-is-null,X2-which-Which-null,X4-Seiners-Seiners-null,X3-nationality-nationality-the,X5-creator Provincetown-creator-the, X1-subj-X2,X4-has_name-Seiners,X3-of-X4,X1-obj-X3,X1-obl_of-X5, X1-be-is-null,X2-which-Which-null,X4-creator Provincetown-creator-the,X3-nationality-nationality-the,X5-Seiners-Seiners-null, X1-subj-X2,X3-of-X4,X1-obj-X3,X5-has_name-Seiners,X1-obl_of-X5,",Incorrect partial DRS,null,null
344,"Which is the nationality of the creator of Seiners, Chioggia?"," X1-be-is-null,X2-which-Which-null,X5-Seiners-Seiners-null,X4-creator-creator-the,X3-nationality-nationality-the, X1-subj-X2,X5-has_name-Chioggia,X5-has_name-Seiners,X4-of-X5,X3-of-X4,X1-obj-X3, X1-be-is-null,X2-which-Which-null,X3-nationality-nationality-the,X5-Seiners-Seiners-null,X4-creator-creator-the, X1-subj-X2,X1-obj-X3,X5-has_name-Chioggia,X5-has_name-Seiners,X4-of-X5,X1-obl_of-X4, X1-be-is-null,X2-which-Which-null,X3-nationality-nationality-the,X4-creator-creator-the,X5-Seiners-Seiners-null, X1-subj-X2,X1-obj-X3,X1-obl_of-X4,X5-has_name-Chioggia,X5-has_name-Seiners,X1-obl_of-X5, X1-be-is-null,X2-which-Which-null,X4-creator-creator-the,X5-Seiners-Seiners-null,X3-nationality-nationality-the, X1-subj-X2,X3-of-X4,X5-has_name-Chioggia,X5-has_name-Seiners,X3-of-X5,X1-obj-X3, X1-be-is-null,X2-which-Which-null,X4-Seiners-Seiners-null,X3-nationality-nationality-the,X5-creator-creator-the, X1-subj-X2,X4-has_name-Chioggia,X4-has_name-Seiners,X3-of-X4,X1-obj-X3,X1-obl_of-X5, X1-be-is-null,X2-which-Which-null,X4-creator-creator-the,X3-nationality-nationality-the,X5-Seiners-Seiners-null, X1-subj-X2,X3-of-X4,X1-obj-X3,X5-has_name-Chioggia,X5-has_name-Seiners,X1-obl_of-X5,","Drs [
 tokens=[],
 dEntities=[
DEntity(X1, be, is, VERB, null, false, Query1, Query), 
DEntity(X2, which, Which, PRON, null, false, Qualifier2, Qualifier), 
DEntity(X5, Seiners, Seiners, PROPN, null, false, Artefact3, Artefact), 
DEntity(X4, creator, creator, NOUN, the, false, Artist4, Artist), 
DEntity(X3, nationality, nationality, NOUN, the, false, ConceptArtist5, ConceptArtist)],
 dConditions=[
DCondition(X1, subj, X2, propriedades= [qQualifier] --- []), 
DCondition(X5, has_name, Chioggia, propriedades= [] --- [has_name, has_text, who]), 
DCondition(X5, has_name, Seiners, propriedades= [] --- [has_name, has_text, who]), 
DCondition(X4, of, X5, propriedades= [author_of] --- []), 
DCondition(X3, of, X4, propriedades= [conc_of_Artist] --- []), 
DCondition(X1, obj, X3, propriedades= [select] --- []), 
DCondition(X1, has_text, be, propriedades= [] --- [has_name, has_text, who]), 
DCondition(X2, has_text, which, propriedades= [] --- [has_name, has_text, who]), 
DCondition(X5, has_text, Seiners, propriedades= [] --- [has_name, has_text, who]), 
DCondition(X4, has_text, creator, propriedades= [] --- [has_name, has_text, who]), 
DCondition(X3, has_text, nationality, propriedades= [] --- [has_name, has_text, who]), 
DCondition(X2, has_name, null list, propriedades= [] --- [has_name, has_text, who]), 
DCondition(X1, obj, X2, propriedades= [qQualifier] --- [])]
 solu��es = []
 numeroFrase = 0
 numHasNames = 3
 numIndividuals = 5
 numEntitiesOk = 10
 numIsClass = 0
 numPropsOk = 5
 numEntitiesNOk = 0
 numClassesOk = 4]"," PREFIX rdf: <http://www.w3.org/1999/02/22-rdf-syntax-ns#> PREFIX xsd: <http://www.w3.org/2001/XMLSchema#> PREFIX rdfs: <http://www.w3.org/2000/01/rdf-schema#> PREFIX cidoc: <http://www.cidoc-crm.org/cidoc-crm/> SELECT  DISTINCT  ?snameConceptArtist5 ?ConceptArtist5 ?snameArtefact3 ?Artefact3 WHERE { {{?Artefact3 cidoc:P131_is_identified_by ?nameArtefact3 . ?nameArtefact3 rdf:value ?snameArtefact3 .}  UNION {?Artefact3 rdfs:label ?snameArtefact3 .}}  filter(regex(?snameArtefact3,""Chioggia"",""i"")) . {{?Artefact3 cidoc:P131_is_identified_by ?nameArtefact3 . ?nameArtefact3 rdf:value ?snameArtefact3 .}  UNION {?Artefact3 rdfs:label ?snameArtefact3 .}}  filter(regex(?snameArtefact3,""Seiners"",""i"")) . ?prod cidoc:P14_carried_out_by ?Artist4 . ?Artefact3 cidoc:P108i_was_produced_by ?prod . ?Artist4 rdfs:label ?snameArtist4 . ?Artist4 cidoc:P107i_is_current_or_former_member_of ?ConceptArtist5. ?ConceptArtist5 rdfs:label ?snameConceptArtist5. }",true
345,Which is the nationality of the creator of Self-Portrait with Red Scarf?," X1-be-is-null,X2-which-Which-null,X4-creator-creator-the,X6-Scarf-Scarf-null,X5-self portrait-Self Portrait-null,X3-nationality-nationality-the, X1-subj-X2,X3-of-X4,X6-Red-true,X6-has_name-Scarf,X5-with-X6,X5-has_name-self portrait,X3-of-X5,X1-obj-X3, X1-be-is-null,X2-which-Which-null,X4-creator-creator-the,X6-Scarf-Scarf-null,X5-self portrait-Self Portrait-null,X3-nationality-nationality-the, X1-subj-X2,X3-of-X4,X6-has_name-Red,X6-has_name-Scarf,X5-with-X6,X5-has_name-self portrait,X3-of-X5,X1-obj-X3, X1-be-is-null,X2-which-Which-null,X4-creator-creator-the,X6-Red Scarf-Red Scarf-null,X5-self portrait-Self Portrait-null,X3-nationality-nationality-the, X1-subj-X2,X3-of-X4,X6-has_name-Red Scarf,X5-with-X6,X5-has_name-self portrait,X3-of-X5,X1-obj-X3, X1-be-is-null,X2-which-Which-null,X5-Scarf-Scarf-null,X4-self portrait-Self Portrait-null,X3-nationality-nationality-the,X6-creator-creator-the, X1-subj-X2,X5-Red-true,X5-has_name-Scarf,X4-with-X5,X4-has_name-self portrait,X3-of-X4,X1-obj-X3,X1-obl_of-X6, X1-be-is-null,X2-which-Which-null,X5-Scarf-Scarf-null,X4-self portrait-Self Portrait-null,X3-nationality-nationality-the,X6-creator-creator-the, X1-subj-X2,X5-has_name-Red,X5-has_name-Scarf,X4-with-X5,X4-has_name-self portrait,X3-of-X4,X1-obj-X3,X1-obl_of-X6, X1-be-is-null,X2-which-Which-null,X5-Red Scarf-Red Scarf-null,X4-self portrait-Self Portrait-null,X3-nationality-nationality-the,X6-creator-creator-the, X1-subj-X2,X5-has_name-Red Scarf,X4-with-X5,X4-has_name-self portrait,X3-of-X4,X1-obj-X3,X1-obl_of-X6, X1-be-is-null,X2-which-Which-null,X3-nationality-nationality-the,X4-creator-creator-the,X6-Scarf-Scarf-null,X5-self portrait-Self Portrait-null, X1-subj-X2,X1-obj-X3,X1-obl_of-X4,X6-Red-true,X6-has_name-Scarf,X5-with-X6,X5-has_name-self portrait,X1-obl_of-X5, X1-be-is-null,X2-which-Which-null,X3-nationality-nationality-the,X4-creator-creator-the,X6-Scarf-Scarf-null,X5-self portrait-Self Portrait-null, X1-subj-X2,X1-obj-X3,X1-obl_of-X4,X6-has_name-Red,X6-has_name-Scarf,X5-with-X6,X5-has_name-self portrait,X1-obl_of-X5, X1-be-is-null,X2-which-Which-null,X3-nationality-nationality-the,X4-creator-creator-the,X6-Red Scarf-Red Scarf-null,X5-self portrait-Self Portrait-null, X1-subj-X2,X1-obj-X3,X1-obl_of-X4,X6-has_name-Red Scarf,X5-with-X6,X5-has_name-self portrait,X1-obl_of-X5, X1-be-is-null,X2-which-Which-null,X3-nationality-nationality-the,X4-creator-creator-the,X5-self portrait-Self Portrait-null,X6-Scarf-Scarf-null, X1-subj-X2,X1-obj-X3,X1-obl_of-X4,X5-has_name-self portrait,X1-obl_of-X5,X6-Red-true,X6-has_name-Scarf,X1-obl_with-X6, X1-be-is-null,X2-which-Which-null,X3-nationality-nationality-the,X4-creator-creator-the,X5-self portrait-Self Portrait-null,X6-Scarf-Scarf-null, X1-subj-X2,X1-obj-X3,X1-obl_of-X4,X5-has_name-self portrait,X1-obl_of-X5,X6-has_name-Red,X6-has_name-Scarf,X1-obl_with-X6, X1-be-is-null,X2-which-Which-null,X3-nationality-nationality-the,X4-creator-creator-the,X5-self portrait-Self Portrait-null,X6-Red Scarf-Red Scarf-null, X1-subj-X2,X1-obj-X3,X1-obl_of-X4,X5-has_name-self portrait,X1-obl_of-X5,X6-has_name-Red Scarf,X1-obl_with-X6, X1-be-is-null,X2-which-Which-null,X4-self portrait-Self Portrait-null,X5-Scarf-Scarf-null,X3-nationality-nationality-the,X6-creator-creator-the, X1-subj-X2,X4-has_name-self portrait,X3-of-X4,X5-Red-true,X5-has_name-Scarf,X3-with-X5,X1-obj-X3,X1-obl_of-X6, X1-be-is-null,X2-which-Which-null,X4-self portrait-Self Portrait-null,X5-Scarf-Scarf-null,X3-nationality-nationality-the,X6-creator-creator-the, X1-subj-X2,X4-has_name-self portrait,X3-of-X4,X5-has_name-Red,X5-has_name-Scarf,X3-with-X5,X1-obj-X3,X1-obl_of-X6, X1-be-is-null,X2-which-Which-null,X4-self portrait-Self Portrait-null,X5-Red Scarf-Red Scarf-null,X3-nationality-nationality-the,X6-creator-creator-the, X1-subj-X2,X4-has_name-self portrait,X3-of-X4,X5-has_name-Red Scarf,X3-with-X5,X1-obj-X3,X1-obl_of-X6, X1-be-is-null,X2-which-Which-null,X4-creator-creator-the,X3-nationality-nationality-the,X6-Scarf-Scarf-null,X5-self portrait-Self Portrait-null, X1-subj-X2,X3-of-X4,X1-obj-X3,X6-Red-true,X6-has_name-Scarf,X5-with-X6,X5-has_name-self portrait,X1-obl_of-X5, X1-be-is-null,X2-which-Which-null,X4-creator-creator-the,X3-nationality-nationality-the,X6-Scarf-Scarf-null,X5-self portrait-Self Portrait-null, X1-subj-X2,X3-of-X4,X1-obj-X3,X6-has_name-Red,X6-has_name-Scarf,X5-with-X6,X5-has_name-self portrait,X1-obl_of-X5, X1-be-is-null,X2-which-Which-null,X4-creator-creator-the,X3-nationality-nationality-the,X6-Red Scarf-Red Scarf-null,X5-self portrait-Self Portrait-null, X1-subj-X2,X3-of-X4,X1-obj-X3,X6-has_name-Red Scarf,X5-with-X6,X5-has_name-self portrait,X1-obl_of-X5, X1-be-is-null,X2-which-Which-null,X4-creator-creator-the,X3-nationality-nationality-the,X5-self portrait-Self Portrait-null,X6-Scarf-Scarf-null, X1-subj-X2,X3-of-X4,X1-obj-X3,X5-has_name-self portrait,X1-obl_of-X5,X6-Red-true,X6-has_name-Scarf,X1-obl_with-X6, X1-be-is-null,X2-which-Which-null,X4-creator-creator-the,X3-nationality-nationality-the,X5-self portrait-Self Portrait-null,X6-Scarf-Scarf-null, X1-subj-X2,X3-of-X4,X1-obj-X3,X5-has_name-self portrait,X1-obl_of-X5,X6-has_name-Red,X6-has_name-Scarf,X1-obl_with-X6, X1-be-is-null,X2-which-Which-null,X4-creator-creator-the,X3-nationality-nationality-the,X5-self portrait-Self Portrait-null,X6-Red Scarf-Red Scarf-null, X1-subj-X2,X3-of-X4,X1-obj-X3,X5-has_name-self portrait,X1-obl_of-X5,X6-has_name-Red Scarf,X1-obl_with-X6, X1-be-is-null,X2-which-Which-null,X4-creator-creator-the,X5-self portrait-Self Portrait-null,X6-Scarf-Scarf-null,X3-nationality-nationality-the, X1-subj-X2,X3-of-X4,X5-has_name-self portrait,X3-of-X5,X6-Red-true,X6-has_name-Scarf,X3-with-X6,X1-obj-X3, X1-be-is-null,X2-which-Which-null,X4-creator-creator-the,X5-self portrait-Self Portrait-null,X6-Scarf-Scarf-null,X3-nationality-nationality-the, X1-subj-X2,X3-of-X4,X5-has_name-self portrait,X3-of-X5,X6-has_name-Red,X6-has_name-Scarf,X3-with-X6,X1-obj-X3, X1-be-is-null,X2-which-Which-null,X4-creator-creator-the,X5-self portrait-Self Portrait-null,X6-Red Scarf-Red Scarf-null,X3-nationality-nationality-the, X1-subj-X2,X3-of-X4,X5-has_name-self portrait,X3-of-X5,X6-has_name-Red Scarf,X3-with-X6,X1-obj-X3,",Incorrect partial DRS,null,null
346,Which is the nationality of the creator of Setting a Beaver Trap?," X1-be-is-null,X2-which-Which-null,X5-set-Setting-of,X6-Beaver trap-Beaver Trap-a,X4-creator-creator-the,X3-nationality-nationality-the, X1-subj-X2,X5-obj-X6,X3-of-X4,X1-obj-X3,X5-obl-X4, X1-be-is-null,X2-which-Which-null,X3-nationality-nationality-the,X5-set-Setting-of,X6-Beaver trap-Beaver Trap-a,X4-creator-creator-the, X1-subj-X2,X1-obj-X3,X5-obj-X6,X1-obl_of-X4,X5-obl-X4,X1-obl-X4,X1-obl-X4,X1-obl-X4,",Incorrect partial DRS,null,null
347,Which is the nationality of the creator of Seven Chimneys?," X1-be-is-null,X2-which-Which-null,X5-Chimneys-Chimneys-seven,X4-creator-creator-the,X3-nationality-nationality-the, X1-subj-X2,X5-has_name-Chimneys,X4-of-X5,X3-of-X4,X1-obj-X3, X1-be-is-null,X2-which-Which-null,X3-nationality-nationality-the,X5-Chimneys-Chimneys-seven,X4-creator-creator-the, X1-subj-X2,X1-obj-X3,X5-has_name-Chimneys,X4-of-X5,X1-obl_of-X4, X1-be-is-null,X2-which-Which-null,X3-nationality-nationality-the,X4-creator-creator-the,X5-Chimneys-Chimneys-seven, X1-subj-X2,X1-obj-X3,X1-obl_of-X4,X5-has_name-Chimneys,X1-obl_of-X5, X1-be-is-null,X2-which-Which-null,X4-creator-creator-the,X5-Chimneys-Chimneys-seven,X3-nationality-nationality-the, X1-subj-X2,X3-of-X4,X5-has_name-Chimneys,X3-of-X5,X1-obj-X3, X1-be-is-null,X2-which-Which-null,X4-Chimneys-Chimneys-seven,X3-nationality-nationality-the,X5-creator-creator-the, X1-subj-X2,X4-has_name-Chimneys,X3-of-X4,X1-obj-X3,X1-obl_of-X5, X1-be-is-null,X2-which-Which-null,X4-creator-creator-the,X3-nationality-nationality-the,X5-Chimneys-Chimneys-seven, X1-subj-X2,X3-of-X4,X1-obj-X3,X5-has_name-Chimneys,X1-obl_of-X5,","Drs [
 tokens=[],
 dEntities=[
DEntity(X1, be, is, VERB, null, false, Query1, Query), 
DEntity(X2, which, Which, PRON, null, false, Qualifier2, Qualifier), 
DEntity(X5, Chimneys, Chimneys, PROPN, seven, false, Artefact3, Artefact), 
DEntity(X4, creator, creator, NOUN, the, false, Artist4, Artist), 
DEntity(X3, nationality, nationality, NOUN, the, false, ConceptArtist5, ConceptArtist)],
 dConditions=[
DCondition(X1, subj, X2, propriedades= [qQualifier] --- []), 
DCondition(X5, has_name, Chimneys, propriedades= [] --- [has_name, has_text, who]), 
DCondition(X4, of, X5, propriedades= [author_of] --- []), 
DCondition(X3, of, X4, propriedades= [conc_of_Artist] --- []), 
DCondition(X1, obj, X3, propriedades= [select] --- []), 
DCondition(X1, has_text, be, propriedades= [] --- [has_name, has_text, who]), 
DCondition(X2, has_text, which, propriedades= [] --- [has_name, has_text, who]), 
DCondition(X5, has_text, Chimneys, propriedades= [] --- [has_name, has_text, who]), 
DCondition(X4, has_text, creator, propriedades= [] --- [has_name, has_text, who]), 
DCondition(X3, has_text, nationality, propriedades= [] --- [has_name, has_text, who]), 
DCondition(X2, has_name, null list, propriedades= [] --- [has_name, has_text, who]), 
DCondition(X1, obj, X2, propriedades= [qQualifier] --- [])]
 solu��es = []
 numeroFrase = 0
 numHasNames = 2
 numIndividuals = 5
 numEntitiesOk = 10
 numIsClass = 0
 numPropsOk = 5
 numEntitiesNOk = 0
 numClassesOk = 4]"," PREFIX rdf: <http://www.w3.org/1999/02/22-rdf-syntax-ns#> PREFIX xsd: <http://www.w3.org/2001/XMLSchema#> PREFIX rdfs: <http://www.w3.org/2000/01/rdf-schema#> PREFIX cidoc: <http://www.cidoc-crm.org/cidoc-crm/> SELECT  DISTINCT  ?snameConceptArtist5 ?ConceptArtist5 ?snameArtefact3 ?Artefact3 WHERE { {{?Artefact3 cidoc:P131_is_identified_by ?nameArtefact3 . ?nameArtefact3 rdf:value ?snameArtefact3 .}  UNION {?Artefact3 rdfs:label ?snameArtefact3 .}}  filter(regex(?snameArtefact3,""Chimneys"",""i"")) . ?prod cidoc:P14_carried_out_by ?Artist4 . ?Artefact3 cidoc:P108i_was_produced_by ?prod . ?Artist4 rdfs:label ?snameArtist4 . ?Artist4 cidoc:P107i_is_current_or_former_member_of ?ConceptArtist5. ?ConceptArtist5 rdfs:label ?snameConceptArtist5. }",true
348,Which is the nationality of the creator of Sewing Scissors?," X1-be-is-null,X2-which-Which-null,X5-Sewing Scissors-Sewing Scissors-null,X4-creator-creator-the,X3-nationality-nationality-the, X1-subj-X2,X5-has_name-Sewing Scissors,X4-of-X5,X3-of-X4,X1-obj-X3, X1-be-is-null,X2-which-Which-null,X3-nationality-nationality-the,X5-Sewing Scissors-Sewing Scissors-null,X4-creator-creator-the, X1-subj-X2,X1-obj-X3,X5-has_name-Sewing Scissors,X4-of-X5,X1-obl_of-X4, X1-be-is-null,X2-which-Which-null,X3-nationality-nationality-the,X4-creator-creator-the,X5-Sewing Scissors-Sewing Scissors-null, X1-subj-X2,X1-obj-X3,X1-obl_of-X4,X5-has_name-Sewing Scissors,X1-obl_of-X5, X1-be-is-null,X2-which-Which-null,X4-creator-creator-the,X5-Sewing Scissors-Sewing Scissors-null,X3-nationality-nationality-the, X1-subj-X2,X3-of-X4,X5-has_name-Sewing Scissors,X3-of-X5,X1-obj-X3, X1-be-is-null,X2-which-Which-null,X4-Sewing Scissors-Sewing Scissors-null,X3-nationality-nationality-the,X5-creator-creator-the, X1-subj-X2,X4-has_name-Sewing Scissors,X3-of-X4,X1-obj-X3,X1-obl_of-X5, X1-be-is-null,X2-which-Which-null,X4-creator-creator-the,X3-nationality-nationality-the,X5-Sewing Scissors-Sewing Scissors-null, X1-subj-X2,X3-of-X4,X1-obj-X3,X5-has_name-Sewing Scissors,X1-obl_of-X5,","Drs [
 tokens=[],
 dEntities=[
DEntity(X1, be, is, VERB, null, false, Query1, Query), 
DEntity(X2, which, Which, PRON, null, false, Qualifier2, Qualifier), 
DEntity(X5, Sewing Scissors, Sewing Scissors, PROPN, null, false, Artefact3, Artefact), 
DEntity(X4, creator, creator, NOUN, the, false, Artist4, Artist), 
DEntity(X3, nationality, nationality, NOUN, the, false, ConceptArtist5, ConceptArtist)],
 dConditions=[
DCondition(X1, subj, X2, propriedades= [qQualifier] --- []), 
DCondition(X5, has_name, Sewing Scissors, propriedades= [] --- [has_name, has_text, who]), 
DCondition(X4, of, X5, propriedades= [author_of] --- []), 
DCondition(X3, of, X4, propriedades= [conc_of_Artist] --- []), 
DCondition(X1, obj, X3, propriedades= [select] --- []), 
DCondition(X1, has_text, be, propriedades= [] --- [has_name, has_text, who]), 
DCondition(X2, has_text, which, propriedades= [] --- [has_name, has_text, who]), 
DCondition(X5, has_text, Sewing Scissors, propriedades= [] --- [has_name, has_text, who]), 
DCondition(X4, has_text, creator, propriedades= [] --- [has_name, has_text, who]), 
DCondition(X3, has_text, nationality, propriedades= [] --- [has_name, has_text, who]), 
DCondition(X2, has_name, null list, propriedades= [] --- [has_name, has_text, who]), 
DCondition(X1, obj, X2, propriedades= [qQualifier] --- [])]
 solu��es = []
 numeroFrase = 0
 numHasNames = 2
 numIndividuals = 5
 numEntitiesOk = 10
 numIsClass = 0
 numPropsOk = 5
 numEntitiesNOk = 0
 numClassesOk = 4]"," PREFIX rdf: <http://www.w3.org/1999/02/22-rdf-syntax-ns#> PREFIX xsd: <http://www.w3.org/2001/XMLSchema#> PREFIX rdfs: <http://www.w3.org/2000/01/rdf-schema#> PREFIX cidoc: <http://www.cidoc-crm.org/cidoc-crm/> SELECT  DISTINCT  ?snameConceptArtist5 ?ConceptArtist5 ?snameArtefact3 ?Artefact3 WHERE { {{?Artefact3 cidoc:P131_is_identified_by ?nameArtefact3 . ?nameArtefact3 rdf:value ?snameArtefact3 .}  UNION {?Artefact3 rdfs:label ?snameArtefact3 .}}  filter(regex(?snameArtefact3,""Sewing Scissors"",""i"")) . ?prod cidoc:P14_carried_out_by ?Artist4 . ?Artefact3 cidoc:P108i_was_produced_by ?prod . ?Artist4 rdfs:label ?snameArtist4 . ?Artist4 cidoc:P107i_is_current_or_former_member_of ?ConceptArtist5. ?ConceptArtist5 rdfs:label ?snameConceptArtist5. }",true
349,Which is the nationality of the creator of Shee Bushbury?," X1-be-is-null,X2-which-Which-null,X5-Shee Bushbury-Shee-null,X4-creator-creator-the,X3-nationality-nationality-the, X1-subj-X2,X5-has_name-Shee Bushbury,X4-of-X5,X3-of-X4,X1-obj-X3, X1-be-is-null,X2-which-Which-null,X3-nationality-nationality-the,X5-Shee Bushbury-Shee-null,X4-creator-creator-the, X1-subj-X2,X1-obj-X3,X5-has_name-Shee Bushbury,X4-of-X5,X1-obl_of-X4, X1-be-is-null,X2-which-Which-null,X3-nationality-nationality-the,X4-creator-creator-the,X5-Shee Bushbury-Shee-null, X1-subj-X2,X1-obj-X3,X1-obl_of-X4,X5-has_name-Shee Bushbury,X1-obl_of-X5, X1-be-is-null,X2-which-Which-null,X4-creator-creator-the,X5-Shee Bushbury-Shee-null,X3-nationality-nationality-the, X1-subj-X2,X3-of-X4,X5-has_name-Shee Bushbury,X3-of-X5,X1-obj-X3, X1-be-is-null,X2-which-Which-null,X4-Shee Bushbury-Shee-null,X3-nationality-nationality-the,X5-creator-creator-the, X1-subj-X2,X4-has_name-Shee Bushbury,X3-of-X4,X1-obj-X3,X1-obl_of-X5, X1-be-is-null,X2-which-Which-null,X4-creator-creator-the,X3-nationality-nationality-the,X5-Shee Bushbury-Shee-null, X1-subj-X2,X3-of-X4,X1-obj-X3,X5-has_name-Shee Bushbury,X1-obl_of-X5,","Drs [
 tokens=[],
 dEntities=[
DEntity(X1, be, is, VERB, null, false, Query1, Query), 
DEntity(X2, which, Which, PRON, null, false, Qualifier2, Qualifier), 
DEntity(X5, Shee Bushbury, Shee, PROPN, null, false, Artefact3, Artefact), 
DEntity(X4, creator, creator, NOUN, the, false, Artist4, Artist), 
DEntity(X3, nationality, nationality, NOUN, the, false, ConceptArtist5, ConceptArtist)],
 dConditions=[
DCondition(X1, subj, X2, propriedades= [qQualifier] --- []), 
DCondition(X5, has_name, Shee Bushbury, propriedades= [] --- [has_name, has_text, who]), 
DCondition(X4, of, X5, propriedades= [author_of] --- []), 
DCondition(X3, of, X4, propriedades= [conc_of_Artist] --- []), 
DCondition(X1, obj, X3, propriedades= [select] --- []), 
DCondition(X1, has_text, be, propriedades= [] --- [has_name, has_text, who]), 
DCondition(X2, has_text, which, propriedades= [] --- [has_name, has_text, who]), 
DCondition(X5, has_text, Shee Bushbury, propriedades= [] --- [has_name, has_text, who]), 
DCondition(X4, has_text, creator, propriedades= [] --- [has_name, has_text, who]), 
DCondition(X3, has_text, nationality, propriedades= [] --- [has_name, has_text, who]), 
DCondition(X2, has_name, null list, propriedades= [] --- [has_name, has_text, who]), 
DCondition(X1, obj, X2, propriedades= [qQualifier] --- [])]
 solu��es = []
 numeroFrase = 0
 numHasNames = 2
 numIndividuals = 5
 numEntitiesOk = 10
 numIsClass = 0
 numPropsOk = 5
 numEntitiesNOk = 0
 numClassesOk = 4]"," PREFIX rdf: <http://www.w3.org/1999/02/22-rdf-syntax-ns#> PREFIX xsd: <http://www.w3.org/2001/XMLSchema#> PREFIX rdfs: <http://www.w3.org/2000/01/rdf-schema#> PREFIX cidoc: <http://www.cidoc-crm.org/cidoc-crm/> SELECT  DISTINCT  ?snameConceptArtist5 ?ConceptArtist5 ?snameArtefact3 ?Artefact3 WHERE { {{?Artefact3 cidoc:P131_is_identified_by ?nameArtefact3 . ?nameArtefact3 rdf:value ?snameArtefact3 .}  UNION {?Artefact3 rdfs:label ?snameArtefact3 .}}  filter(regex(?snameArtefact3,""Shee Bushbury"",""i"")) . ?prod cidoc:P14_carried_out_by ?Artist4 . ?Artefact3 cidoc:P108i_was_produced_by ?prod . ?Artist4 rdfs:label ?snameArtist4 . ?Artist4 cidoc:P107i_is_current_or_former_member_of ?ConceptArtist5. ?ConceptArtist5 rdfs:label ?snameConceptArtist5. }",true
350,Which is the nationality of the creator of Shoji?," X1-be-is-null,X2-which-Which-null,X5-Shoji-Shoji-null,X4-creator-creator-the,X3-nationality-nationality-the, X1-subj-X2,X5-has_name-Shoji,X4-of-X5,X3-of-X4,X1-obj-X3, X1-be-is-null,X2-which-Which-null,X3-nationality-nationality-the,X5-Shoji-Shoji-null,X4-creator-creator-the, X1-subj-X2,X1-obj-X3,X5-has_name-Shoji,X4-of-X5,X1-obl_of-X4, X1-be-is-null,X2-which-Which-null,X3-nationality-nationality-the,X4-creator-creator-the,X5-Shoji-Shoji-null, X1-subj-X2,X1-obj-X3,X1-obl_of-X4,X5-has_name-Shoji,X1-obl_of-X5, X1-be-is-null,X2-which-Which-null,X4-creator-creator-the,X5-Shoji-Shoji-null,X3-nationality-nationality-the, X1-subj-X2,X3-of-X4,X5-has_name-Shoji,X3-of-X5,X1-obj-X3, X1-be-is-null,X2-which-Which-null,X4-Shoji-Shoji-null,X3-nationality-nationality-the,X5-creator-creator-the, X1-subj-X2,X4-has_name-Shoji,X3-of-X4,X1-obj-X3,X1-obl_of-X5, X1-be-is-null,X2-which-Which-null,X4-creator-creator-the,X3-nationality-nationality-the,X5-Shoji-Shoji-null, X1-subj-X2,X3-of-X4,X1-obj-X3,X5-has_name-Shoji,X1-obl_of-X5,","Drs [
 tokens=[],
 dEntities=[
DEntity(X1, be, is, VERB, null, false, Query1, Query), 
DEntity(X2, which, Which, PRON, null, false, Qualifier2, Qualifier), 
DEntity(X5, Shoji, Shoji, PROPN, null, false, Artefact3, Artefact), 
DEntity(X4, creator, creator, NOUN, the, false, Artist4, Artist), 
DEntity(X3, nationality, nationality, NOUN, the, false, ConceptArtist5, ConceptArtist)],
 dConditions=[
DCondition(X1, subj, X2, propriedades= [qQualifier] --- []), 
DCondition(X5, has_name, Shoji, propriedades= [] --- [has_name, has_text, who]), 
DCondition(X4, of, X5, propriedades= [author_of] --- []), 
DCondition(X3, of, X4, propriedades= [conc_of_Artist] --- []), 
DCondition(X1, obj, X3, propriedades= [select] --- []), 
DCondition(X1, has_text, be, propriedades= [] --- [has_name, has_text, who]), 
DCondition(X2, has_text, which, propriedades= [] --- [has_name, has_text, who]), 
DCondition(X5, has_text, Shoji, propriedades= [] --- [has_name, has_text, who]), 
DCondition(X4, has_text, creator, propriedades= [] --- [has_name, has_text, who]), 
DCondition(X3, has_text, nationality, propriedades= [] --- [has_name, has_text, who]), 
DCondition(X2, has_name, null list, propriedades= [] --- [has_name, has_text, who]), 
DCondition(X1, obj, X2, propriedades= [qQualifier] --- [])]
 solu��es = []
 numeroFrase = 0
 numHasNames = 2
 numIndividuals = 5
 numEntitiesOk = 10
 numIsClass = 0
 numPropsOk = 5
 numEntitiesNOk = 0
 numClassesOk = 4]"," PREFIX rdf: <http://www.w3.org/1999/02/22-rdf-syntax-ns#> PREFIX xsd: <http://www.w3.org/2001/XMLSchema#> PREFIX rdfs: <http://www.w3.org/2000/01/rdf-schema#> PREFIX cidoc: <http://www.cidoc-crm.org/cidoc-crm/> SELECT  DISTINCT  ?snameConceptArtist5 ?ConceptArtist5 ?snameArtefact3 ?Artefact3 WHERE { {{?Artefact3 cidoc:P131_is_identified_by ?nameArtefact3 . ?nameArtefact3 rdf:value ?snameArtefact3 .}  UNION {?Artefact3 rdfs:label ?snameArtefact3 .}}  filter(regex(?snameArtefact3,""Shoji"",""i"")) . ?prod cidoc:P14_carried_out_by ?Artist4 . ?Artefact3 cidoc:P108i_was_produced_by ?prod . ?Artist4 rdfs:label ?snameArtist4 . ?Artist4 cidoc:P107i_is_current_or_former_member_of ?ConceptArtist5. ?ConceptArtist5 rdfs:label ?snameConceptArtist5. }",true
351,"Which is the nationality of the creator of Shop Sign: Shoe, New York?"," X1-be-is-null,X2-which-Which-null,X7-New-New-null,X6-Shoe-Shoe-null,X5-shop sign-Shop Sign-null,X4-creator-creator-the,X3-nationality-nationality-the, X1-subj-X2,X6-rel-X7,X6-has_name-York,X6-has_name-Shoe,X5-rel-X6,X4-of-X5,X3-of-X4,X1-obj-X3, X1-be-is-null,X2-which-Which-null,X7-New-New-null,X8-York-York-null,X6-Shoe-Shoe-null,X5-shop sign-Shop Sign-null,X4-creator-creator-the,X3-nationality-nationality-the, X1-subj-X2,X6-rel-X7,X8-has_name-York,X6-rel-X8,X6-has_name-Shoe,X5-rel-X6,X4-of-X5,X3-of-X4,X1-obj-X3, X1-be-is-null,X2-which-Which-null,X7-York-York-null,X6-Shoe-Shoe-null,X5-shop sign-Shop Sign-null,X4-creator-creator-the,X3-nationality-nationality-the, X1-subj-X2,X7-has_name-York,X6-rel-X7,X6-has_name-New,X6-has_name-Shoe,X5-rel-X6,X4-of-X5,X3-of-X4,X1-obj-X3, X1-be-is-null,X2-which-Which-null,X3-nationality-nationality-the,X7-New-New-null,X6-Shoe-Shoe-null,X5-shop sign-Shop Sign-null,X4-creator-creator-the, X1-subj-X2,X1-obj-X3,X6-rel-X7,X6-has_name-York,X6-has_name-Shoe,X5-rel-X6,X4-of-X5,X1-obl_of-X4, X1-be-is-null,X2-which-Which-null,X3-nationality-nationality-the,X7-New-New-null,X8-York-York-null,X6-Shoe-Shoe-null,X5-shop sign-Shop Sign-null,X4-creator-creator-the, X1-subj-X2,X1-obj-X3,X6-rel-X7,X8-has_name-York,X6-rel-X8,X6-has_name-Shoe,X5-rel-X6,X4-of-X5,X1-obl_of-X4, X1-be-is-null,X2-which-Which-null,X3-nationality-nationality-the,X7-York-York-null,X6-Shoe-Shoe-null,X5-shop sign-Shop Sign-null,X4-creator-creator-the, X1-subj-X2,X1-obj-X3,X7-has_name-York,X6-rel-X7,X6-has_name-New,X6-has_name-Shoe,X5-rel-X6,X4-of-X5,X1-obl_of-X4, X1-be-is-null,X2-which-Which-null,X3-nationality-nationality-the,X4-creator-creator-the,X7-New-New-null,X6-Shoe-Shoe-null,X5-shop sign-Shop Sign-null, X1-subj-X2,X1-obj-X3,X1-obl_of-X4,X6-rel-X7,X6-has_name-York,X6-has_name-Shoe,X5-rel-X6,X1-obl_of-X5, X1-be-is-null,X2-which-Which-null,X3-nationality-nationality-the,X4-creator-creator-the,X7-New-New-null,X8-York-York-null,X6-Shoe-Shoe-null,X5-shop sign-Shop Sign-null, X1-subj-X2,X1-obj-X3,X1-obl_of-X4,X6-rel-X7,X8-has_name-York,X6-rel-X8,X6-has_name-Shoe,X5-rel-X6,X1-obl_of-X5, X1-be-is-null,X2-which-Which-null,X3-nationality-nationality-the,X4-creator-creator-the,X7-York-York-null,X6-Shoe-Shoe-null,X5-shop sign-Shop Sign-null, X1-subj-X2,X1-obj-X3,X1-obl_of-X4,X7-has_name-York,X6-rel-X7,X6-has_name-New,X6-has_name-Shoe,X5-rel-X6,X1-obl_of-X5, X1-be-is-null,X2-which-Which-null,X4-creator-creator-the,X7-New-New-null,X6-Shoe-Shoe-null,X5-shop sign-Shop Sign-null,X3-nationality-nationality-the, X1-subj-X2,X3-of-X4,X6-rel-X7,X6-has_name-York,X6-has_name-Shoe,X5-rel-X6,X3-of-X5,X1-obj-X3, X1-be-is-null,X2-which-Which-null,X4-creator-creator-the,X7-New-New-null,X8-York-York-null,X6-Shoe-Shoe-null,X5-shop sign-Shop Sign-null,X3-nationality-nationality-the, X1-subj-X2,X3-of-X4,X6-rel-X7,X8-has_name-York,X6-rel-X8,X6-has_name-Shoe,X5-rel-X6,X3-of-X5,X1-obj-X3, X1-be-is-null,X2-which-Which-null,X4-creator-creator-the,X7-York-York-null,X6-Shoe-Shoe-null,X5-shop sign-Shop Sign-null,X3-nationality-nationality-the, X1-subj-X2,X3-of-X4,X7-has_name-York,X6-rel-X7,X6-has_name-New,X6-has_name-Shoe,X5-rel-X6,X3-of-X5,X1-obj-X3, X1-be-is-null,X2-which-Which-null,X6-New-New-null,X5-Shoe-Shoe-null,X4-shop sign-Shop Sign-null,X3-nationality-nationality-the,X7-creator-creator-the, X1-subj-X2,X5-rel-X6,X5-has_name-York,X5-has_name-Shoe,X4-rel-X5,X3-of-X4,X1-obj-X3,X1-obl_of-X7, X1-be-is-null,X2-which-Which-null,X6-New-New-null,X7-York-York-null,X5-Shoe-Shoe-null,X4-shop sign-Shop Sign-null,X3-nationality-nationality-the,X8-creator-creator-the, X1-subj-X2,X5-rel-X6,X7-has_name-York,X5-rel-X7,X5-has_name-Shoe,X4-rel-X5,X3-of-X4,X1-obj-X3,X1-obl_of-X8, X1-be-is-null,X2-which-Which-null,X6-York-York-null,X5-Shoe-Shoe-null,X4-shop sign-Shop Sign-null,X3-nationality-nationality-the,X7-creator-creator-the, X1-subj-X2,X6-has_name-York,X5-rel-X6,X5-has_name-New,X5-has_name-Shoe,X4-rel-X5,X3-of-X4,X1-obj-X3,X1-obl_of-X7, X1-be-is-null,X2-which-Which-null,X4-creator-creator-the,X3-nationality-nationality-the,X7-New-New-null,X6-Shoe-Shoe-null,X5-shop sign-Shop Sign-null, X1-subj-X2,X3-of-X4,X1-obj-X3,X6-rel-X7,X6-has_name-York,X6-has_name-Shoe,X5-rel-X6,X1-obl_of-X5, X1-be-is-null,X2-which-Which-null,X4-creator-creator-the,X3-nationality-nationality-the,X7-New-New-null,X8-York-York-null,X6-Shoe-Shoe-null,X5-shop sign-Shop Sign-null, X1-subj-X2,X3-of-X4,X1-obj-X3,X6-rel-X7,X8-has_name-York,X6-rel-X8,X6-has_name-Shoe,X5-rel-X6,X1-obl_of-X5, X1-be-is-null,X2-which-Which-null,X4-creator-creator-the,X3-nationality-nationality-the,X7-York-York-null,X6-Shoe-Shoe-null,X5-shop sign-Shop Sign-null, X1-subj-X2,X3-of-X4,X1-obj-X3,X7-has_name-York,X6-rel-X7,X6-has_name-New,X6-has_name-Shoe,X5-rel-X6,X1-obl_of-X5,",Incorrect partial DRS,null,null
352,Which is the nationality of the creator of Sidewalk Ballet Master?,,Incorrect Stanza Parsing,null,null
353,Which is the nationality of the creator of Sketch Books?," X1-be-is-null,X2-which-Which-null,X5-sketch book-Sketch Books-null,X4-creator-creator-the,X3-nationality-nationality-the, X1-subj-X2,X5-has_name-sketch book,X4-of-X5,X3-of-X4,X1-obj-X3, X1-be-is-null,X2-which-Which-null,X3-nationality-nationality-the,X5-sketch book-Sketch Books-null,X4-creator-creator-the, X1-subj-X2,X1-obj-X3,X5-has_name-sketch book,X4-of-X5,X1-obl_of-X4, X1-be-is-null,X2-which-Which-null,X3-nationality-nationality-the,X4-creator-creator-the,X5-sketch book-Sketch Books-null, X1-subj-X2,X1-obj-X3,X1-obl_of-X4,X5-has_name-sketch book,X1-obl_of-X5, X1-be-is-null,X2-which-Which-null,X4-creator-creator-the,X5-sketch book-Sketch Books-null,X3-nationality-nationality-the, X1-subj-X2,X3-of-X4,X5-has_name-sketch book,X3-of-X5,X1-obj-X3, X1-be-is-null,X2-which-Which-null,X4-sketch book-Sketch Books-null,X3-nationality-nationality-the,X5-creator-creator-the, X1-subj-X2,X4-has_name-sketch book,X3-of-X4,X1-obj-X3,X1-obl_of-X5, X1-be-is-null,X2-which-Which-null,X4-creator-creator-the,X3-nationality-nationality-the,X5-sketch book-Sketch Books-null, X1-subj-X2,X3-of-X4,X1-obj-X3,X5-has_name-sketch book,X1-obl_of-X5,",Incorrect partial DRS,null,null
354,Which is the nationality of the creator of Sketch of Reclining Cats?," X1-be-is-null,X2-which-Which-null,X6-cat-Cats-null,X5-sketch-Sketch-null,X4-creator-creator-the,X3-nationality-nationality-the, X1-subj-X2,X6-recline-true,X5-of-X6,X5-has_name-sketch,X4-of-X5,X3-of-X4,X1-obj-X3, X1-be-is-null,X2-which-Which-null,X6-cat-Cats-null,X5-sketch-Sketch-null,X4-creator-creator-the,X3-nationality-nationality-the, X1-subj-X2,X6-has_name-Reclining,X5-of-X6,X5-has_name-sketch,X4-of-X5,X3-of-X4,X1-obj-X3, X1-be-is-null,X2-which-Which-null,X6-Reclining Cats-Reclining Cats-null,X5-sketch-Sketch-null,X4-creator-creator-the,X3-nationality-nationality-the, X1-subj-X2,X5-of-X6,X5-has_name-sketch,X4-of-X5,X3-of-X4,X1-obj-X3, X1-be-is-null,X2-which-Which-null,X3-nationality-nationality-the,X6-cat-Cats-null,X5-sketch-Sketch-null,X4-creator-creator-the, X1-subj-X2,X1-obj-X3,X6-recline-true,X5-of-X6,X5-has_name-sketch,X4-of-X5,X1-obl_of-X4, X1-be-is-null,X2-which-Which-null,X3-nationality-nationality-the,X6-cat-Cats-null,X5-sketch-Sketch-null,X4-creator-creator-the, X1-subj-X2,X1-obj-X3,X6-has_name-Reclining,X5-of-X6,X5-has_name-sketch,X4-of-X5,X1-obl_of-X4, X1-be-is-null,X2-which-Which-null,X3-nationality-nationality-the,X6-Reclining Cats-Reclining Cats-null,X5-sketch-Sketch-null,X4-creator-creator-the, X1-subj-X2,X1-obj-X3,X5-of-X6,X5-has_name-sketch,X4-of-X5,X1-obl_of-X4, X1-be-is-null,X2-which-Which-null,X3-nationality-nationality-the,X4-creator-creator-the,X6-cat-Cats-null,X5-sketch-Sketch-null, X1-subj-X2,X1-obj-X3,X1-obl_of-X4,X6-recline-true,X5-of-X6,X5-has_name-sketch,X1-obl_of-X5, X1-be-is-null,X2-which-Which-null,X3-nationality-nationality-the,X4-creator-creator-the,X6-cat-Cats-null,X5-sketch-Sketch-null, X1-subj-X2,X1-obj-X3,X1-obl_of-X4,X6-has_name-Reclining,X5-of-X6,X5-has_name-sketch,X1-obl_of-X5, X1-be-is-null,X2-which-Which-null,X3-nationality-nationality-the,X4-creator-creator-the,X6-Reclining Cats-Reclining Cats-null,X5-sketch-Sketch-null, X1-subj-X2,X1-obj-X3,X1-obl_of-X4,X5-of-X6,X5-has_name-sketch,X1-obl_of-X5, X1-be-is-null,X2-which-Which-null,X3-nationality-nationality-the,X4-creator-creator-the,X5-sketch-Sketch-null,X6-cat-Cats-null, X1-subj-X2,X1-obj-X3,X1-obl_of-X4,X5-has_name-sketch,X1-obl_of-X5,X6-recline-true,X1-obl_of-X6, X1-be-is-null,X2-which-Which-null,X3-nationality-nationality-the,X4-creator-creator-the,X5-sketch-Sketch-null,X6-cat-Cats-null, X1-subj-X2,X1-obj-X3,X1-obl_of-X4,X5-has_name-sketch,X1-obl_of-X5,X6-has_name-Reclining,X1-obl_of-X6, X1-be-is-null,X2-which-Which-null,X3-nationality-nationality-the,X4-creator-creator-the,X5-sketch-Sketch-null,X6-Reclining Cats-Reclining Cats-null, X1-subj-X2,X1-obj-X3,X1-obl_of-X4,X5-has_name-sketch,X1-obl_of-X5,X1-obl_of-X6, X1-be-is-null,X2-which-Which-null,X3-nationality-nationality-the,X5-sketch-Sketch-null,X6-cat-Cats-null,X4-creator-creator-the, X1-subj-X2,X1-obj-X3,X5-has_name-sketch,X4-of-X5,X6-recline-true,X4-of-X6,X1-obl_of-X4, X1-be-is-null,X2-which-Which-null,X3-nationality-nationality-the,X5-sketch-Sketch-null,X6-cat-Cats-null,X4-creator-creator-the, X1-subj-X2,X1-obj-X3,X5-has_name-sketch,X4-of-X5,X6-has_name-Reclining,X4-of-X6,X1-obl_of-X4, X1-be-is-null,X2-which-Which-null,X3-nationality-nationality-the,X5-sketch-Sketch-null,X6-Reclining Cats-Reclining Cats-null,X4-creator-creator-the, X1-subj-X2,X1-obj-X3,X5-has_name-sketch,X4-of-X5,X4-of-X6,X1-obl_of-X4, X1-be-is-null,X2-which-Which-null,X4-creator-creator-the,X6-cat-Cats-null,X5-sketch-Sketch-null,X3-nationality-nationality-the, X1-subj-X2,X3-of-X4,X6-recline-true,X5-of-X6,X5-has_name-sketch,X3-of-X5,X1-obj-X3, X1-be-is-null,X2-which-Which-null,X4-creator-creator-the,X6-cat-Cats-null,X5-sketch-Sketch-null,X3-nationality-nationality-the, X1-subj-X2,X3-of-X4,X6-has_name-Reclining,X5-of-X6,X5-has_name-sketch,X3-of-X5,X1-obj-X3, X1-be-is-null,X2-which-Which-null,X4-creator-creator-the,X6-Reclining Cats-Reclining Cats-null,X5-sketch-Sketch-null,X3-nationality-nationality-the, X1-subj-X2,X3-of-X4,X5-of-X6,X5-has_name-sketch,X3-of-X5,X1-obj-X3, X1-be-is-null,X2-which-Which-null,X5-cat-Cats-null,X4-sketch-Sketch-null,X3-nationality-nationality-the,X6-creator-creator-the, X1-subj-X2,X5-recline-true,X4-of-X5,X4-has_name-sketch,X3-of-X4,X1-obj-X3,X1-obl_of-X6, X1-be-is-null,X2-which-Which-null,X5-cat-Cats-null,X4-sketch-Sketch-null,X3-nationality-nationality-the,X6-creator-creator-the, X1-subj-X2,X5-has_name-Reclining,X4-of-X5,X4-has_name-sketch,X3-of-X4,X1-obj-X3,X1-obl_of-X6, X1-be-is-null,X2-which-Which-null,X5-Reclining Cats-Reclining Cats-null,X4-sketch-Sketch-null,X3-nationality-nationality-the,X6-creator-creator-the, X1-subj-X2,X4-of-X5,X4-has_name-sketch,X3-of-X4,X1-obj-X3,X1-obl_of-X6, X1-be-is-null,X2-which-Which-null,X4-creator-creator-the,X3-nationality-nationality-the,X6-cat-Cats-null,X5-sketch-Sketch-null, X1-subj-X2,X3-of-X4,X1-obj-X3,X6-recline-true,X5-of-X6,X5-has_name-sketch,X1-obl_of-X5, X1-be-is-null,X2-which-Which-null,X4-creator-creator-the,X3-nationality-nationality-the,X6-cat-Cats-null,X5-sketch-Sketch-null, X1-subj-X2,X3-of-X4,X1-obj-X3,X6-has_name-Reclining,X5-of-X6,X5-has_name-sketch,X1-obl_of-X5, X1-be-is-null,X2-which-Which-null,X4-creator-creator-the,X3-nationality-nationality-the,X6-Reclining Cats-Reclining Cats-null,X5-sketch-Sketch-null, X1-subj-X2,X3-of-X4,X1-obj-X3,X5-of-X6,X5-has_name-sketch,X1-obl_of-X5, X1-be-is-null,X2-which-Which-null,X4-creator-creator-the,X5-sketch-Sketch-null,X6-cat-Cats-null,X3-nationality-nationality-the, X1-subj-X2,X3-of-X4,X5-has_name-sketch,X3-of-X5,X6-recline-true,X3-of-X6,X1-obj-X3, X1-be-is-null,X2-which-Which-null,X4-creator-creator-the,X5-sketch-Sketch-null,X6-cat-Cats-null,X3-nationality-nationality-the, X1-subj-X2,X3-of-X4,X5-has_name-sketch,X3-of-X5,X6-has_name-Reclining,X3-of-X6,X1-obj-X3, X1-be-is-null,X2-which-Which-null,X4-creator-creator-the,X5-sketch-Sketch-null,X6-Reclining Cats-Reclining Cats-null,X3-nationality-nationality-the, X1-subj-X2,X3-of-X4,X5-has_name-sketch,X3-of-X5,X3-of-X6,X1-obj-X3, X1-be-is-null,X2-which-Which-null,X5-sketch-Sketch-null,X6-cat-Cats-null,X4-creator-creator-the,X3-nationality-nationality-the, X1-subj-X2,X5-has_name-sketch,X4-of-X5,X6-recline-true,X4-of-X6,X3-of-X4,X1-obj-X3, X1-be-is-null,X2-which-Which-null,X5-sketch-Sketch-null,X6-cat-Cats-null,X4-creator-creator-the,X3-nationality-nationality-the, X1-subj-X2,X5-has_name-sketch,X4-of-X5,X6-has_name-Reclining,X4-of-X6,X3-of-X4,X1-obj-X3, X1-be-is-null,X2-which-Which-null,X5-sketch-Sketch-null,X6-Reclining Cats-Reclining Cats-null,X4-creator-creator-the,X3-nationality-nationality-the, X1-subj-X2,X5-has_name-sketch,X4-of-X5,X4-of-X6,X3-of-X4,X1-obj-X3,",Incorrect partial DRS,null,null
355,Which is the nationality of the creator of Sleeve Pressers?," X1-be-is-null,X2-which-Which-null,X5-Sleeve Pressers-Sleeve Pressers-null,X4-creator-creator-the,X3-nationality-nationality-the, X1-subj-X2,X5-has_name-Sleeve Pressers,X4-of-X5,X3-of-X4,X1-obj-X3, X1-be-is-null,X2-which-Which-null,X3-nationality-nationality-the,X5-Sleeve Pressers-Sleeve Pressers-null,X4-creator-creator-the, X1-subj-X2,X1-obj-X3,X5-has_name-Sleeve Pressers,X4-of-X5,X1-obl_of-X4, X1-be-is-null,X2-which-Which-null,X3-nationality-nationality-the,X4-creator-creator-the,X5-Sleeve Pressers-Sleeve Pressers-null, X1-subj-X2,X1-obj-X3,X1-obl_of-X4,X5-has_name-Sleeve Pressers,X1-obl_of-X5, X1-be-is-null,X2-which-Which-null,X4-creator-creator-the,X5-Sleeve Pressers-Sleeve Pressers-null,X3-nationality-nationality-the, X1-subj-X2,X3-of-X4,X5-has_name-Sleeve Pressers,X3-of-X5,X1-obj-X3, X1-be-is-null,X2-which-Which-null,X4-Sleeve Pressers-Sleeve Pressers-null,X3-nationality-nationality-the,X5-creator-creator-the, X1-subj-X2,X4-has_name-Sleeve Pressers,X3-of-X4,X1-obj-X3,X1-obl_of-X5, X1-be-is-null,X2-which-Which-null,X4-creator-creator-the,X3-nationality-nationality-the,X5-Sleeve Pressers-Sleeve Pressers-null, X1-subj-X2,X3-of-X4,X1-obj-X3,X5-has_name-Sleeve Pressers,X1-obl_of-X5,","Drs [
 tokens=[],
 dEntities=[
DEntity(X1, be, is, VERB, null, false, Query1, Query), 
DEntity(X2, which, Which, PRON, null, false, Qualifier2, Qualifier), 
DEntity(X5, Sleeve Pressers, Sleeve Pressers, PROPN, null, false, Artefact3, Artefact), 
DEntity(X4, creator, creator, NOUN, the, false, Artist4, Artist), 
DEntity(X3, nationality, nationality, NOUN, the, false, ConceptArtist5, ConceptArtist)],
 dConditions=[
DCondition(X1, subj, X2, propriedades= [qQualifier] --- []), 
DCondition(X5, has_name, Sleeve Pressers, propriedades= [] --- [has_name, has_text, who]), 
DCondition(X4, of, X5, propriedades= [author_of] --- []), 
DCondition(X3, of, X4, propriedades= [conc_of_Artist] --- []), 
DCondition(X1, obj, X3, propriedades= [select] --- []), 
DCondition(X1, has_text, be, propriedades= [] --- [has_name, has_text, who]), 
DCondition(X2, has_text, which, propriedades= [] --- [has_name, has_text, who]), 
DCondition(X5, has_text, Sleeve Pressers, propriedades= [] --- [has_name, has_text, who]), 
DCondition(X4, has_text, creator, propriedades= [] --- [has_name, has_text, who]), 
DCondition(X3, has_text, nationality, propriedades= [] --- [has_name, has_text, who]), 
DCondition(X2, has_name, null list, propriedades= [] --- [has_name, has_text, who]), 
DCondition(X1, obj, X2, propriedades= [qQualifier] --- [])]
 solu��es = []
 numeroFrase = 0
 numHasNames = 2
 numIndividuals = 5
 numEntitiesOk = 10
 numIsClass = 0
 numPropsOk = 5
 numEntitiesNOk = 0
 numClassesOk = 4]"," PREFIX rdf: <http://www.w3.org/1999/02/22-rdf-syntax-ns#> PREFIX xsd: <http://www.w3.org/2001/XMLSchema#> PREFIX rdfs: <http://www.w3.org/2000/01/rdf-schema#> PREFIX cidoc: <http://www.cidoc-crm.org/cidoc-crm/> SELECT  DISTINCT  ?snameConceptArtist5 ?ConceptArtist5 ?snameArtefact3 ?Artefact3 WHERE { {{?Artefact3 cidoc:P131_is_identified_by ?nameArtefact3 . ?nameArtefact3 rdf:value ?snameArtefact3 .}  UNION {?Artefact3 rdfs:label ?snameArtefact3 .}}  filter(regex(?snameArtefact3,""Sleeve Pressers"",""i"")) . ?prod cidoc:P14_carried_out_by ?Artist4 . ?Artefact3 cidoc:P108i_was_produced_by ?prod . ?Artist4 rdfs:label ?snameArtist4 . ?Artist4 cidoc:P107i_is_current_or_former_member_of ?ConceptArtist5. ?ConceptArtist5 rdfs:label ?snameConceptArtist5. }",true
356,Which is the nationality of the creator of Small Girl?," X1-be-is-null,X2-which-Which-null,X5-Girl-Girl-null,X4-creator-creator-the,X3-nationality-nationality-the, X1-subj-X2,X5-small-true,X5-has_name-Girl,X4-of-X5,X3-of-X4,X1-obj-X3, X1-be-is-null,X2-which-Which-null,X5-Girl-Girl-null,X4-creator-creator-the,X3-nationality-nationality-the, X1-subj-X2,X5-has_name-Small,X5-has_name-Girl,X4-of-X5,X3-of-X4,X1-obj-X3, X1-be-is-null,X2-which-Which-null,X5-Small Girl-Small Girl-null,X4-creator-creator-the,X3-nationality-nationality-the, X1-subj-X2,X5-has_name-Small Girl,X4-of-X5,X3-of-X4,X1-obj-X3, X1-be-is-null,X2-which-Which-null,X3-nationality-nationality-the,X5-Girl-Girl-null,X4-creator-creator-the, X1-subj-X2,X1-obj-X3,X5-small-true,X5-has_name-Girl,X4-of-X5,X1-obl_of-X4, X1-be-is-null,X2-which-Which-null,X3-nationality-nationality-the,X5-Girl-Girl-null,X4-creator-creator-the, X1-subj-X2,X1-obj-X3,X5-has_name-Small,X5-has_name-Girl,X4-of-X5,X1-obl_of-X4, X1-be-is-null,X2-which-Which-null,X3-nationality-nationality-the,X5-Small Girl-Small Girl-null,X4-creator-creator-the, X1-subj-X2,X1-obj-X3,X5-has_name-Small Girl,X4-of-X5,X1-obl_of-X4, X1-be-is-null,X2-which-Which-null,X3-nationality-nationality-the,X4-creator-creator-the,X5-Girl-Girl-null, X1-subj-X2,X1-obj-X3,X1-obl_of-X4,X5-small-true,X5-has_name-Girl,X1-obl_of-X5, X1-be-is-null,X2-which-Which-null,X3-nationality-nationality-the,X4-creator-creator-the,X5-Girl-Girl-null, X1-subj-X2,X1-obj-X3,X1-obl_of-X4,X5-has_name-Small,X5-has_name-Girl,X1-obl_of-X5, X1-be-is-null,X2-which-Which-null,X3-nationality-nationality-the,X4-creator-creator-the,X5-Small Girl-Small Girl-null, X1-subj-X2,X1-obj-X3,X1-obl_of-X4,X5-has_name-Small Girl,X1-obl_of-X5, X1-be-is-null,X2-which-Which-null,X4-creator-creator-the,X5-Girl-Girl-null,X3-nationality-nationality-the, X1-subj-X2,X3-of-X4,X5-small-true,X5-has_name-Girl,X3-of-X5,X1-obj-X3, X1-be-is-null,X2-which-Which-null,X4-creator-creator-the,X5-Girl-Girl-null,X3-nationality-nationality-the, X1-subj-X2,X3-of-X4,X5-has_name-Small,X5-has_name-Girl,X3-of-X5,X1-obj-X3, X1-be-is-null,X2-which-Which-null,X4-creator-creator-the,X5-Small Girl-Small Girl-null,X3-nationality-nationality-the, X1-subj-X2,X3-of-X4,X5-has_name-Small Girl,X3-of-X5,X1-obj-X3, X1-be-is-null,X2-which-Which-null,X4-Girl-Girl-null,X3-nationality-nationality-the,X5-creator-creator-the, X1-subj-X2,X4-small-true,X4-has_name-Girl,X3-of-X4,X1-obj-X3,X1-obl_of-X5, X1-be-is-null,X2-which-Which-null,X4-Girl-Girl-null,X3-nationality-nationality-the,X5-creator-creator-the, X1-subj-X2,X4-has_name-Small,X4-has_name-Girl,X3-of-X4,X1-obj-X3,X1-obl_of-X5, X1-be-is-null,X2-which-Which-null,X4-Small Girl-Small Girl-null,X3-nationality-nationality-the,X5-creator-creator-the, X1-subj-X2,X4-has_name-Small Girl,X3-of-X4,X1-obj-X3,X1-obl_of-X5, X1-be-is-null,X2-which-Which-null,X4-creator-creator-the,X3-nationality-nationality-the,X5-Girl-Girl-null, X1-subj-X2,X3-of-X4,X1-obj-X3,X5-small-true,X5-has_name-Girl,X1-obl_of-X5, X1-be-is-null,X2-which-Which-null,X4-creator-creator-the,X3-nationality-nationality-the,X5-Girl-Girl-null, X1-subj-X2,X3-of-X4,X1-obj-X3,X5-has_name-Small,X5-has_name-Girl,X1-obl_of-X5, X1-be-is-null,X2-which-Which-null,X4-creator-creator-the,X3-nationality-nationality-the,X5-Small Girl-Small Girl-null, X1-subj-X2,X3-of-X4,X1-obj-X3,X5-has_name-Small Girl,X1-obl_of-X5,","Drs [
 tokens=[],
 dEntities=[
DEntity(X1, be, is, VERB, null, false, Query1, Query), 
DEntity(X2, which, Which, PRON, null, false, Qualifier2, Qualifier), 
DEntity(X5, Girl, Girl, PROPN, null, false, Artefact3, Artefact), 
DEntity(X4, creator, creator, NOUN, the, false, Artist4, Artist), 
DEntity(X3, nationality, nationality, NOUN, the, false, ConceptArtist5, ConceptArtist)],
 dConditions=[
DCondition(X1, subj, X2, propriedades= [qQualifier] --- []), 
DCondition(X5, small, true, propriedades= [] --- [has_name, has_text, who]), 
DCondition(X5, has_name, Girl, propriedades= [] --- [has_name, has_text, who]), 
DCondition(X4, of, X5, propriedades= [author_of] --- []), 
DCondition(X3, of, X4, propriedades= [conc_of_Artist] --- []), 
DCondition(X1, obj, X3, propriedades= [select] --- []), 
DCondition(X1, has_text, be, propriedades= [] --- [has_name, has_text, who]), 
DCondition(X2, has_text, which, propriedades= [] --- [has_name, has_text, who]), 
DCondition(X5, has_text, Girl, propriedades= [] --- [has_name, has_text, who]), 
DCondition(X4, has_text, creator, propriedades= [] --- [has_name, has_text, who]), 
DCondition(X3, has_text, nationality, propriedades= [] --- [has_name, has_text, who]), 
DCondition(X2, has_name, null list, propriedades= [] --- [has_name, has_text, who]), 
DCondition(X1, obj, X2, propriedades= [qQualifier] --- [])]
 solu��es = []
 numeroFrase = 0
 numHasNames = 2
 numIndividuals = 5
 numEntitiesOk = 10
 numIsClass = 0
 numPropsOk = 5
 numEntitiesNOk = 0
 numClassesOk = 4]"," PREFIX rdf: <http://www.w3.org/1999/02/22-rdf-syntax-ns#> PREFIX xsd: <http://www.w3.org/2001/XMLSchema#> PREFIX rdfs: <http://www.w3.org/2000/01/rdf-schema#> PREFIX cidoc: <http://www.cidoc-crm.org/cidoc-crm/> SELECT  DISTINCT  ?snameConceptArtist5 ?ConceptArtist5 ?snameArtefact3 ?Artefact3 WHERE { {{?Artefact3 cidoc:P131_is_identified_by ?nameArtefact3 . ?nameArtefact3 rdf:value ?snameArtefact3 .}  UNION {?Artefact3 rdfs:label ?snameArtefact3 .}}  filter(regex(?snameArtefact3,""Girl"",""i"")) . ?prod cidoc:P14_carried_out_by ?Artist4 . ?Artefact3 cidoc:P108i_was_produced_by ?prod . ?Artist4 rdfs:label ?snameArtist4 . ?Artist4 cidoc:P107i_is_current_or_former_member_of ?ConceptArtist5. ?ConceptArtist5 rdfs:label ?snameConceptArtist5. }",true
357,"Which is the nationality of the creator of Small Town, Main Street?"," X1-be-is-null,X2-which-Which-null,X6-Street-Street-null,X5-Town-Town-null,X4-creator-creator-the,X3-nationality-nationality-the, X1-subj-X2,X6-Main-true,X6-has_name-Street,X5-rel-X6,X5-small-true,X5-has_name-Town,X4-of-X5,X3-of-X4,X1-obj-X3, X1-be-is-null,X2-which-Which-null,X6-Street-Street-null,X5-Town-Town-null,X4-creator-creator-the,X3-nationality-nationality-the, X1-subj-X2,X6-Main-true,X6-has_name-Street,X5-rel-X6,X5-has_name-Small,X5-has_name-Town,X4-of-X5,X3-of-X4,X1-obj-X3, X1-be-is-null,X2-which-Which-null,X6-Street-Street-null,X5-Small Town-Small Town-null,X4-creator-creator-the,X3-nationality-nationality-the, X1-subj-X2,X6-Main-true,X6-has_name-Street,X5-rel-X6,X5-has_name-Small Town,X4-of-X5,X3-of-X4,X1-obj-X3, X1-be-is-null,X2-which-Which-null,X6-Street-Street-null,X5-Town-Town-null,X4-creator-creator-the,X3-nationality-nationality-the, X1-subj-X2,X6-has_name-Main,X6-has_name-Street,X5-rel-X6,X5-small-true,X5-has_name-Town,X4-of-X5,X3-of-X4,X1-obj-X3, X1-be-is-null,X2-which-Which-null,X6-Street-Street-null,X5-Town-Town-null,X4-creator-creator-the,X3-nationality-nationality-the, X1-subj-X2,X6-has_name-Main,X6-has_name-Street,X5-rel-X6,X5-has_name-Small,X5-has_name-Town,X4-of-X5,X3-of-X4,X1-obj-X3, X1-be-is-null,X2-which-Which-null,X6-Street-Street-null,X5-Small Town-Small Town-null,X4-creator-creator-the,X3-nationality-nationality-the, X1-subj-X2,X6-has_name-Main,X6-has_name-Street,X5-rel-X6,X5-has_name-Small Town,X4-of-X5,X3-of-X4,X1-obj-X3, X1-be-is-null,X2-which-Which-null,X6-Main Street-Main Street-null,X5-Town-Town-null,X4-creator-creator-the,X3-nationality-nationality-the, X1-subj-X2,X6-has_name-Main Street,X5-rel-X6,X5-small-true,X5-has_name-Town,X4-of-X5,X3-of-X4,X1-obj-X3, X1-be-is-null,X2-which-Which-null,X6-Main Street-Main Street-null,X5-Town-Town-null,X4-creator-creator-the,X3-nationality-nationality-the, X1-subj-X2,X6-has_name-Main Street,X5-rel-X6,X5-has_name-Small,X5-has_name-Town,X4-of-X5,X3-of-X4,X1-obj-X3, X1-be-is-null,X2-which-Which-null,X6-Main Street-Main Street-null,X5-Small Town-Small Town-null,X4-creator-creator-the,X3-nationality-nationality-the, X1-subj-X2,X6-has_name-Main Street,X5-rel-X6,X5-has_name-Small Town,X4-of-X5,X3-of-X4,X1-obj-X3, X1-be-is-null,X2-which-Which-null,X3-nationality-nationality-the,X6-Street-Street-null,X5-Town-Town-null,X4-creator-creator-the, X1-subj-X2,X1-obj-X3,X6-Main-true,X6-has_name-Street,X5-rel-X6,X5-small-true,X5-has_name-Town,X4-of-X5,X1-obl_of-X4, X1-be-is-null,X2-which-Which-null,X3-nationality-nationality-the,X6-Street-Street-null,X5-Town-Town-null,X4-creator-creator-the, X1-subj-X2,X1-obj-X3,X6-Main-true,X6-has_name-Street,X5-rel-X6,X5-has_name-Small,X5-has_name-Town,X4-of-X5,X1-obl_of-X4, X1-be-is-null,X2-which-Which-null,X3-nationality-nationality-the,X6-Street-Street-null,X5-Small Town-Small Town-null,X4-creator-creator-the, X1-subj-X2,X1-obj-X3,X6-Main-true,X6-has_name-Street,X5-rel-X6,X5-has_name-Small Town,X4-of-X5,X1-obl_of-X4, X1-be-is-null,X2-which-Which-null,X3-nationality-nationality-the,X6-Street-Street-null,X5-Town-Town-null,X4-creator-creator-the, X1-subj-X2,X1-obj-X3,X6-has_name-Main,X6-has_name-Street,X5-rel-X6,X5-small-true,X5-has_name-Town,X4-of-X5,X1-obl_of-X4, X1-be-is-null,X2-which-Which-null,X3-nationality-nationality-the,X6-Street-Street-null,X5-Town-Town-null,X4-creator-creator-the, X1-subj-X2,X1-obj-X3,X6-has_name-Main,X6-has_name-Street,X5-rel-X6,X5-has_name-Small,X5-has_name-Town,X4-of-X5,X1-obl_of-X4, X1-be-is-null,X2-which-Which-null,X3-nationality-nationality-the,X6-Street-Street-null,X5-Small Town-Small Town-null,X4-creator-creator-the, X1-subj-X2,X1-obj-X3,X6-has_name-Main,X6-has_name-Street,X5-rel-X6,X5-has_name-Small Town,X4-of-X5,X1-obl_of-X4, X1-be-is-null,X2-which-Which-null,X3-nationality-nationality-the,X6-Main Street-Main Street-null,X5-Town-Town-null,X4-creator-creator-the, X1-subj-X2,X1-obj-X3,X6-has_name-Main Street,X5-rel-X6,X5-small-true,X5-has_name-Town,X4-of-X5,X1-obl_of-X4, X1-be-is-null,X2-which-Which-null,X3-nationality-nationality-the,X6-Main Street-Main Street-null,X5-Town-Town-null,X4-creator-creator-the, X1-subj-X2,X1-obj-X3,X6-has_name-Main Street,X5-rel-X6,X5-has_name-Small,X5-has_name-Town,X4-of-X5,X1-obl_of-X4, X1-be-is-null,X2-which-Which-null,X3-nationality-nationality-the,X6-Main Street-Main Street-null,X5-Small Town-Small Town-null,X4-creator-creator-the, X1-subj-X2,X1-obj-X3,X6-has_name-Main Street,X5-rel-X6,X5-has_name-Small Town,X4-of-X5,X1-obl_of-X4, X1-be-is-null,X2-which-Which-null,X3-nationality-nationality-the,X4-creator-creator-the,X6-Street-Street-null,X5-Town-Town-null, X1-subj-X2,X1-obj-X3,X1-obl_of-X4,X6-Main-true,X6-has_name-Street,X5-rel-X6,X5-small-true,X5-has_name-Town,X1-obl_of-X5, X1-be-is-null,X2-which-Which-null,X3-nationality-nationality-the,X4-creator-creator-the,X6-Street-Street-null,X5-Town-Town-null, X1-subj-X2,X1-obj-X3,X1-obl_of-X4,X6-Main-true,X6-has_name-Street,X5-rel-X6,X5-has_name-Small,X5-has_name-Town,X1-obl_of-X5, X1-be-is-null,X2-which-Which-null,X3-nationality-nationality-the,X4-creator-creator-the,X6-Street-Street-null,X5-Small Town-Small Town-null, X1-subj-X2,X1-obj-X3,X1-obl_of-X4,X6-Main-true,X6-has_name-Street,X5-rel-X6,X5-has_name-Small Town,X1-obl_of-X5, X1-be-is-null,X2-which-Which-null,X3-nationality-nationality-the,X4-creator-creator-the,X6-Street-Street-null,X5-Town-Town-null, X1-subj-X2,X1-obj-X3,X1-obl_of-X4,X6-has_name-Main,X6-has_name-Street,X5-rel-X6,X5-small-true,X5-has_name-Town,X1-obl_of-X5, X1-be-is-null,X2-which-Which-null,X3-nationality-nationality-the,X4-creator-creator-the,X6-Street-Street-null,X5-Town-Town-null, X1-subj-X2,X1-obj-X3,X1-obl_of-X4,X6-has_name-Main,X6-has_name-Street,X5-rel-X6,X5-has_name-Small,X5-has_name-Town,X1-obl_of-X5, X1-be-is-null,X2-which-Which-null,X3-nationality-nationality-the,X4-creator-creator-the,X6-Street-Street-null,X5-Small Town-Small Town-null, X1-subj-X2,X1-obj-X3,X1-obl_of-X4,X6-has_name-Main,X6-has_name-Street,X5-rel-X6,X5-has_name-Small Town,X1-obl_of-X5, X1-be-is-null,X2-which-Which-null,X3-nationality-nationality-the,X4-creator-creator-the,X6-Main Street-Main Street-null,X5-Town-Town-null, X1-subj-X2,X1-obj-X3,X1-obl_of-X4,X6-has_name-Main Street,X5-rel-X6,X5-small-true,X5-has_name-Town,X1-obl_of-X5, X1-be-is-null,X2-which-Which-null,X3-nationality-nationality-the,X4-creator-creator-the,X6-Main Street-Main Street-null,X5-Town-Town-null, X1-subj-X2,X1-obj-X3,X1-obl_of-X4,X6-has_name-Main Street,X5-rel-X6,X5-has_name-Small,X5-has_name-Town,X1-obl_of-X5, X1-be-is-null,X2-which-Which-null,X3-nationality-nationality-the,X4-creator-creator-the,X6-Main Street-Main Street-null,X5-Small Town-Small Town-null, X1-subj-X2,X1-obj-X3,X1-obl_of-X4,X6-has_name-Main Street,X5-rel-X6,X5-has_name-Small Town,X1-obl_of-X5, X1-be-is-null,X2-which-Which-null,X4-creator-creator-the,X6-Street-Street-null,X5-Town-Town-null,X3-nationality-nationality-the, X1-subj-X2,X3-of-X4,X6-Main-true,X6-has_name-Street,X5-rel-X6,X5-small-true,X5-has_name-Town,X3-of-X5,X1-obj-X3, X1-be-is-null,X2-which-Which-null,X4-creator-creator-the,X6-Street-Street-null,X5-Town-Town-null,X3-nationality-nationality-the, X1-subj-X2,X3-of-X4,X6-Main-true,X6-has_name-Street,X5-rel-X6,X5-has_name-Small,X5-has_name-Town,X3-of-X5,X1-obj-X3, X1-be-is-null,X2-which-Which-null,X4-creator-creator-the,X6-Street-Street-null,X5-Small Town-Small Town-null,X3-nationality-nationality-the, X1-subj-X2,X3-of-X4,X6-Main-true,X6-has_name-Street,X5-rel-X6,X5-has_name-Small Town,X3-of-X5,X1-obj-X3, X1-be-is-null,X2-which-Which-null,X4-creator-creator-the,X6-Street-Street-null,X5-Town-Town-null,X3-nationality-nationality-the, X1-subj-X2,X3-of-X4,X6-has_name-Main,X6-has_name-Street,X5-rel-X6,X5-small-true,X5-has_name-Town,X3-of-X5,X1-obj-X3, X1-be-is-null,X2-which-Which-null,X4-creator-creator-the,X6-Street-Street-null,X5-Town-Town-null,X3-nationality-nationality-the, X1-subj-X2,X3-of-X4,X6-has_name-Main,X6-has_name-Street,X5-rel-X6,X5-has_name-Small,X5-has_name-Town,X3-of-X5,X1-obj-X3, X1-be-is-null,X2-which-Which-null,X4-creator-creator-the,X6-Street-Street-null,X5-Small Town-Small Town-null,X3-nationality-nationality-the, X1-subj-X2,X3-of-X4,X6-has_name-Main,X6-has_name-Street,X5-rel-X6,X5-has_name-Small Town,X3-of-X5,X1-obj-X3, X1-be-is-null,X2-which-Which-null,X4-creator-creator-the,X6-Main Street-Main Street-null,X5-Town-Town-null,X3-nationality-nationality-the, X1-subj-X2,X3-of-X4,X6-has_name-Main Street,X5-rel-X6,X5-small-true,X5-has_name-Town,X3-of-X5,X1-obj-X3, X1-be-is-null,X2-which-Which-null,X4-creator-creator-the,X6-Main Street-Main Street-null,X5-Town-Town-null,X3-nationality-nationality-the, X1-subj-X2,X3-of-X4,X6-has_name-Main Street,X5-rel-X6,X5-has_name-Small,X5-has_name-Town,X3-of-X5,X1-obj-X3, X1-be-is-null,X2-which-Which-null,X4-creator-creator-the,X6-Main Street-Main Street-null,X5-Small Town-Small Town-null,X3-nationality-nationality-the, X1-subj-X2,X3-of-X4,X6-has_name-Main Street,X5-rel-X6,X5-has_name-Small Town,X3-of-X5,X1-obj-X3, X1-be-is-null,X2-which-Which-null,X5-Street-Street-null,X4-Town-Town-null,X3-nationality-nationality-the,X6-creator-creator-the, X1-subj-X2,X5-Main-true,X5-has_name-Street,X4-rel-X5,X4-small-true,X4-has_name-Town,X3-of-X4,X1-obj-X3,X1-obl_of-X6, X1-be-is-null,X2-which-Which-null,X5-Street-Street-null,X4-Town-Town-null,X3-nationality-nationality-the,X6-creator-creator-the, X1-subj-X2,X5-Main-true,X5-has_name-Street,X4-rel-X5,X4-has_name-Small,X4-has_name-Town,X3-of-X4,X1-obj-X3,X1-obl_of-X6, X1-be-is-null,X2-which-Which-null,X5-Street-Street-null,X4-Small Town-Small Town-null,X3-nationality-nationality-the,X6-creator-creator-the, X1-subj-X2,X5-Main-true,X5-has_name-Street,X4-rel-X5,X4-has_name-Small Town,X3-of-X4,X1-obj-X3,X1-obl_of-X6, X1-be-is-null,X2-which-Which-null,X5-Street-Street-null,X4-Town-Town-null,X3-nationality-nationality-the,X6-creator-creator-the, X1-subj-X2,X5-has_name-Main,X5-has_name-Street,X4-rel-X5,X4-small-true,X4-has_name-Town,X3-of-X4,X1-obj-X3,X1-obl_of-X6, X1-be-is-null,X2-which-Which-null,X5-Street-Street-null,X4-Town-Town-null,X3-nationality-nationality-the,X6-creator-creator-the, X1-subj-X2,X5-has_name-Main,X5-has_name-Street,X4-rel-X5,X4-has_name-Small,X4-has_name-Town,X3-of-X4,X1-obj-X3,X1-obl_of-X6, X1-be-is-null,X2-which-Which-null,X5-Street-Street-null,X4-Small Town-Small Town-null,X3-nationality-nationality-the,X6-creator-creator-the, X1-subj-X2,X5-has_name-Main,X5-has_name-Street,X4-rel-X5,X4-has_name-Small Town,X3-of-X4,X1-obj-X3,X1-obl_of-X6, X1-be-is-null,X2-which-Which-null,X5-Main Street-Main Street-null,X4-Town-Town-null,X3-nationality-nationality-the,X6-creator-creator-the, X1-subj-X2,X5-has_name-Main Street,X4-rel-X5,X4-small-true,X4-has_name-Town,X3-of-X4,X1-obj-X3,X1-obl_of-X6, X1-be-is-null,X2-which-Which-null,X5-Main Street-Main Street-null,X4-Town-Town-null,X3-nationality-nationality-the,X6-creator-creator-the, X1-subj-X2,X5-has_name-Main Street,X4-rel-X5,X4-has_name-Small,X4-has_name-Town,X3-of-X4,X1-obj-X3,X1-obl_of-X6, X1-be-is-null,X2-which-Which-null,X5-Main Street-Main Street-null,X4-Small Town-Small Town-null,X3-nationality-nationality-the,X6-creator-creator-the, X1-subj-X2,X5-has_name-Main Street,X4-rel-X5,X4-has_name-Small Town,X3-of-X4,X1-obj-X3,X1-obl_of-X6, X1-be-is-null,X2-which-Which-null,X4-creator-creator-the,X3-nationality-nationality-the,X6-Street-Street-null,X5-Town-Town-null, X1-subj-X2,X3-of-X4,X1-obj-X3,X6-Main-true,X6-has_name-Street,X5-rel-X6,X5-small-true,X5-has_name-Town,X1-obl_of-X5, X1-be-is-null,X2-which-Which-null,X4-creator-creator-the,X3-nationality-nationality-the,X6-Street-Street-null,X5-Town-Town-null, X1-subj-X2,X3-of-X4,X1-obj-X3,X6-Main-true,X6-has_name-Street,X5-rel-X6,X5-has_name-Small,X5-has_name-Town,X1-obl_of-X5, X1-be-is-null,X2-which-Which-null,X4-creator-creator-the,X3-nationality-nationality-the,X6-Street-Street-null,X5-Small Town-Small Town-null, X1-subj-X2,X3-of-X4,X1-obj-X3,X6-Main-true,X6-has_name-Street,X5-rel-X6,X5-has_name-Small Town,X1-obl_of-X5, X1-be-is-null,X2-which-Which-null,X4-creator-creator-the,X3-nationality-nationality-the,X6-Street-Street-null,X5-Town-Town-null, X1-subj-X2,X3-of-X4,X1-obj-X3,X6-has_name-Main,X6-has_name-Street,X5-rel-X6,X5-small-true,X5-has_name-Town,X1-obl_of-X5, X1-be-is-null,X2-which-Which-null,X4-creator-creator-the,X3-nationality-nationality-the,X6-Street-Street-null,X5-Town-Town-null, X1-subj-X2,X3-of-X4,X1-obj-X3,X6-has_name-Main,X6-has_name-Street,X5-rel-X6,X5-has_name-Small,X5-has_name-Town,X1-obl_of-X5, X1-be-is-null,X2-which-Which-null,X4-creator-creator-the,X3-nationality-nationality-the,X6-Street-Street-null,X5-Small Town-Small Town-null, X1-subj-X2,X3-of-X4,X1-obj-X3,X6-has_name-Main,X6-has_name-Street,X5-rel-X6,X5-has_name-Small Town,X1-obl_of-X5, X1-be-is-null,X2-which-Which-null,X4-creator-creator-the,X3-nationality-nationality-the,X6-Main Street-Main Street-null,X5-Town-Town-null, X1-subj-X2,X3-of-X4,X1-obj-X3,X6-has_name-Main Street,X5-rel-X6,X5-small-true,X5-has_name-Town,X1-obl_of-X5, X1-be-is-null,X2-which-Which-null,X4-creator-creator-the,X3-nationality-nationality-the,X6-Main Street-Main Street-null,X5-Town-Town-null, X1-subj-X2,X3-of-X4,X1-obj-X3,X6-has_name-Main Street,X5-rel-X6,X5-has_name-Small,X5-has_name-Town,X1-obl_of-X5, X1-be-is-null,X2-which-Which-null,X4-creator-creator-the,X3-nationality-nationality-the,X6-Main Street-Main Street-null,X5-Small Town-Small Town-null, X1-subj-X2,X3-of-X4,X1-obj-X3,X6-has_name-Main Street,X5-rel-X6,X5-has_name-Small Town,X1-obl_of-X5,",Incorrect partial DRS,null,null
358,Which is the nationality of the creator of Southern Farmland?," X1-be-is-null,X2-which-Which-null,X5-Farmland-Farmland-null,X4-creator-creator-the,X3-nationality-nationality-the, X1-subj-X2,X5-Southern-true,X5-has_name-Farmland,X4-of-X5,X3-of-X4,X1-obj-X3, X1-be-is-null,X2-which-Which-null,X5-Farmland-Farmland-null,X4-creator-creator-the,X3-nationality-nationality-the, X1-subj-X2,X5-has_name-Southern,X5-has_name-Farmland,X4-of-X5,X3-of-X4,X1-obj-X3, X1-be-is-null,X2-which-Which-null,X5-Southern Farmland-Southern Farmland-null,X4-creator-creator-the,X3-nationality-nationality-the, X1-subj-X2,X5-has_name-Southern Farmland,X4-of-X5,X3-of-X4,X1-obj-X3, X1-be-is-null,X2-which-Which-null,X3-nationality-nationality-the,X5-Farmland-Farmland-null,X4-creator-creator-the, X1-subj-X2,X1-obj-X3,X5-Southern-true,X5-has_name-Farmland,X4-of-X5,X1-obl_of-X4, X1-be-is-null,X2-which-Which-null,X3-nationality-nationality-the,X5-Farmland-Farmland-null,X4-creator-creator-the, X1-subj-X2,X1-obj-X3,X5-has_name-Southern,X5-has_name-Farmland,X4-of-X5,X1-obl_of-X4, X1-be-is-null,X2-which-Which-null,X3-nationality-nationality-the,X5-Southern Farmland-Southern Farmland-null,X4-creator-creator-the, X1-subj-X2,X1-obj-X3,X5-has_name-Southern Farmland,X4-of-X5,X1-obl_of-X4, X1-be-is-null,X2-which-Which-null,X3-nationality-nationality-the,X4-creator-creator-the,X5-Farmland-Farmland-null, X1-subj-X2,X1-obj-X3,X1-obl_of-X4,X5-Southern-true,X5-has_name-Farmland,X1-obl_of-X5, X1-be-is-null,X2-which-Which-null,X3-nationality-nationality-the,X4-creator-creator-the,X5-Farmland-Farmland-null, X1-subj-X2,X1-obj-X3,X1-obl_of-X4,X5-has_name-Southern,X5-has_name-Farmland,X1-obl_of-X5, X1-be-is-null,X2-which-Which-null,X3-nationality-nationality-the,X4-creator-creator-the,X5-Southern Farmland-Southern Farmland-null, X1-subj-X2,X1-obj-X3,X1-obl_of-X4,X5-has_name-Southern Farmland,X1-obl_of-X5, X1-be-is-null,X2-which-Which-null,X4-creator-creator-the,X5-Farmland-Farmland-null,X3-nationality-nationality-the, X1-subj-X2,X3-of-X4,X5-Southern-true,X5-has_name-Farmland,X3-of-X5,X1-obj-X3, X1-be-is-null,X2-which-Which-null,X4-creator-creator-the,X5-Farmland-Farmland-null,X3-nationality-nationality-the, X1-subj-X2,X3-of-X4,X5-has_name-Southern,X5-has_name-Farmland,X3-of-X5,X1-obj-X3, X1-be-is-null,X2-which-Which-null,X4-creator-creator-the,X5-Southern Farmland-Southern Farmland-null,X3-nationality-nationality-the, X1-subj-X2,X3-of-X4,X5-has_name-Southern Farmland,X3-of-X5,X1-obj-X3, X1-be-is-null,X2-which-Which-null,X4-Farmland-Farmland-null,X3-nationality-nationality-the,X5-creator-creator-the, X1-subj-X2,X4-Southern-true,X4-has_name-Farmland,X3-of-X4,X1-obj-X3,X1-obl_of-X5, X1-be-is-null,X2-which-Which-null,X4-Farmland-Farmland-null,X3-nationality-nationality-the,X5-creator-creator-the, X1-subj-X2,X4-has_name-Southern,X4-has_name-Farmland,X3-of-X4,X1-obj-X3,X1-obl_of-X5, X1-be-is-null,X2-which-Which-null,X4-Southern Farmland-Southern Farmland-null,X3-nationality-nationality-the,X5-creator-creator-the, X1-subj-X2,X4-has_name-Southern Farmland,X3-of-X4,X1-obj-X3,X1-obl_of-X5, X1-be-is-null,X2-which-Which-null,X4-creator-creator-the,X3-nationality-nationality-the,X5-Farmland-Farmland-null, X1-subj-X2,X3-of-X4,X1-obj-X3,X5-Southern-true,X5-has_name-Farmland,X1-obl_of-X5, X1-be-is-null,X2-which-Which-null,X4-creator-creator-the,X3-nationality-nationality-the,X5-Farmland-Farmland-null, X1-subj-X2,X3-of-X4,X1-obj-X3,X5-has_name-Southern,X5-has_name-Farmland,X1-obl_of-X5, X1-be-is-null,X2-which-Which-null,X4-creator-creator-the,X3-nationality-nationality-the,X5-Southern Farmland-Southern Farmland-null, X1-subj-X2,X3-of-X4,X1-obj-X3,X5-has_name-Southern Farmland,X1-obl_of-X5,","Drs [
 tokens=[],
 dEntities=[
DEntity(X1, be, is, VERB, null, false, Query1, Query), 
DEntity(X2, which, Which, PRON, null, false, Qualifier2, Qualifier), 
DEntity(X5, Farmland, Farmland, PROPN, null, false, Artefact3, Artefact), 
DEntity(X4, creator, creator, NOUN, the, false, Artist4, Artist), 
DEntity(X3, nationality, nationality, NOUN, the, false, ConceptArtist5, ConceptArtist)],
 dConditions=[
DCondition(X1, subj, X2, propriedades= [qQualifier] --- []), 
DCondition(X5, Southern, true, propriedades= [] --- [has_name, has_text, who]), 
DCondition(X5, has_name, Farmland, propriedades= [] --- [has_name, has_text, who]), 
DCondition(X4, of, X5, propriedades= [author_of] --- []), 
DCondition(X3, of, X4, propriedades= [conc_of_Artist] --- []), 
DCondition(X1, obj, X3, propriedades= [select] --- []), 
DCondition(X1, has_text, be, propriedades= [] --- [has_name, has_text, who]), 
DCondition(X2, has_text, which, propriedades= [] --- [has_name, has_text, who]), 
DCondition(X5, has_text, Farmland, propriedades= [] --- [has_name, has_text, who]), 
DCondition(X4, has_text, creator, propriedades= [] --- [has_name, has_text, who]), 
DCondition(X3, has_text, nationality, propriedades= [] --- [has_name, has_text, who]), 
DCondition(X2, has_name, null list, propriedades= [] --- [has_name, has_text, who]), 
DCondition(X1, obj, X2, propriedades= [qQualifier] --- [])]
 solu��es = []
 numeroFrase = 0
 numHasNames = 2
 numIndividuals = 5
 numEntitiesOk = 10
 numIsClass = 0
 numPropsOk = 5
 numEntitiesNOk = 0
 numClassesOk = 4]"," PREFIX rdf: <http://www.w3.org/1999/02/22-rdf-syntax-ns#> PREFIX xsd: <http://www.w3.org/2001/XMLSchema#> PREFIX rdfs: <http://www.w3.org/2000/01/rdf-schema#> PREFIX cidoc: <http://www.cidoc-crm.org/cidoc-crm/> SELECT  DISTINCT  ?snameConceptArtist5 ?ConceptArtist5 ?snameArtefact3 ?Artefact3 WHERE { {{?Artefact3 cidoc:P131_is_identified_by ?nameArtefact3 . ?nameArtefact3 rdf:value ?snameArtefact3 .}  UNION {?Artefact3 rdfs:label ?snameArtefact3 .}}  filter(regex(?snameArtefact3,""Farmland"",""i"")) . ?prod cidoc:P14_carried_out_by ?Artist4 . ?Artefact3 cidoc:P108i_was_produced_by ?prod . ?Artist4 rdfs:label ?snameArtist4 . ?Artist4 cidoc:P107i_is_current_or_former_member_of ?ConceptArtist5. ?ConceptArtist5 rdfs:label ?snameConceptArtist5. }",true
359,"Which is the nationality of the creator of Souvenez-Vous, obverse?"," X1-be-is-null,X2-which-Which-null,X5-Souvenez-Souvenez-null,X4-creator Vous-creator-the,X3-nationality-nationality-the, X1-subj-X2,X5-has_name-obverse,X5-has_name-Souvenez,X4-of-X5,X3-of-X4,X1-obj-X3, X1-be-is-null,X2-which-Which-null,X3-nationality-nationality-the,X5-Souvenez-Souvenez-null,X4-creator Vous-creator-the, X1-subj-X2,X1-obj-X3,X5-has_name-obverse,X5-has_name-Souvenez,X4-of-X5,X1-obl_of-X4, X1-be-is-null,X2-which-Which-null,X3-nationality-nationality-the,X4-creator Vous-creator-the,X5-Souvenez-Souvenez-null, X1-subj-X2,X1-obj-X3,X1-obl_of-X4,X5-has_name-obverse,X5-has_name-Souvenez,X1-obl_of-X5, X1-be-is-null,X2-which-Which-null,X4-creator Vous-creator-the,X5-Souvenez-Souvenez-null,X3-nationality-nationality-the, X1-subj-X2,X3-of-X4,X5-has_name-obverse,X5-has_name-Souvenez,X3-of-X5,X1-obj-X3, X1-be-is-null,X2-which-Which-null,X4-Souvenez-Souvenez-null,X3-nationality-nationality-the,X5-creator Vous-creator-the, X1-subj-X2,X4-has_name-obverse,X4-has_name-Souvenez,X3-of-X4,X1-obj-X3,X1-obl_of-X5, X1-be-is-null,X2-which-Which-null,X4-creator Vous-creator-the,X3-nationality-nationality-the,X5-Souvenez-Souvenez-null, X1-subj-X2,X3-of-X4,X1-obj-X3,X5-has_name-obverse,X5-has_name-Souvenez,X1-obl_of-X5,","Drs [
 tokens=[],
 dEntities=[
DEntity(X1, be, is, VERB, null, false, Query1, Query), 
DEntity(X2, which, Which, PRON, null, false, Qualifier2, Qualifier), 
DEntity(X4, creator Vous, creator, NOUN, the, false, Artist3, Artist), 
DEntity(X6, obverse, obverse, NOUN, null, false, Artefact4, Artefact), 
DEntity(X5, Souvenez, Souvenez, PROPN, null, false, Artist5, Artist), 
DEntity(X3, nationality, nationality, NOUN, the, false, ConceptArtist6, ConceptArtist)],
 dConditions=[
DCondition(X1, subj, X2, propriedades= [qQualifier] --- []), 
DCondition(X3, of, X4, propriedades= [conc_of_Artist] --- []), 
DCondition(X5, rel, X6, propriedades= [author_of] --- []), 
DCondition(X5, has_name, Souvenez, propriedades= [] --- [has_name, has_text, who]), 
DCondition(X3, of, X5, propriedades= [conc_of_Artist] --- []), 
DCondition(X1, obj, X3, propriedades= [select] --- []), 
DCondition(X1, has_text, be, propriedades= [] --- [has_name, has_text, who]), 
DCondition(X2, has_text, which, propriedades= [] --- [has_name, has_text, who]), 
DCondition(X4, has_text, creator Vous, propriedades= [] --- [has_name, has_text, who]), 
DCondition(X6, has_text, obverse, propriedades= [] --- [has_name, has_text, who]), 
DCondition(X5, has_text, Souvenez, propriedades= [] --- [has_name, has_text, who]), 
DCondition(X3, has_text, nationality, propriedades= [] --- [has_name, has_text, who]), 
DCondition(X2, has_name, null list, propriedades= [] --- [has_name, has_text, who]), 
DCondition(X1, obj, X2, propriedades= [qQualifier] --- [])]
 solu��es = []
 numeroFrase = 0
 numHasNames = 2
 numIndividuals = 6
 numEntitiesOk = 10
 numIsClass = 0
 numPropsOk = 5
 numEntitiesNOk = 0
 numClassesOk = 3]"," PREFIX rdf: <http://www.w3.org/1999/02/22-rdf-syntax-ns#> PREFIX xsd: <http://www.w3.org/2001/XMLSchema#> PREFIX rdfs: <http://www.w3.org/2000/01/rdf-schema#> PREFIX cidoc: <http://www.cidoc-crm.org/cidoc-crm/> SELECT  DISTINCT  ?snameConceptArtist6 ?ConceptArtist6 ?snameArtist5 ?Artist5 WHERE { ?prod cidoc:P14_carried_out_by ?Artist5 . ?Artefact4 cidoc:P108i_was_produced_by ?prod . ?Artist5 rdfs:label ?snameArtist5 . {{?Artist5 cidoc:P131_is_identified_by ?nameArtist5 . ?nameArtist5 rdf:value ?snameArtist5 .}  UNION {?Artist5 rdfs:label ?snameArtist5 .}}  filter(regex(?snameArtist5,""Souvenez"",""i"")) . ?Artist5 cidoc:P107i_is_current_or_former_member_of ?ConceptArtist6. ?ConceptArtist6 rdfs:label ?snameConceptArtist6. ?Artist3 cidoc:P107i_is_current_or_former_member_of ?ConceptArtist6. ?ConceptArtist6 rdfs:label ?snameConceptArtist6. }",false
360,Which is the nationality of the creator of Sowing Sketch?," X1-be-is-null,X2-which-Which-null,X5-Sowing Sketch-Sowing Sketch-null,X4-creator-creator-the,X3-nationality-nationality-the, X1-subj-X2,X5-has_name-Sowing Sketch,X4-of-X5,X3-of-X4,X1-obj-X3, X1-be-is-null,X2-which-Which-null,X3-nationality-nationality-the,X5-Sowing Sketch-Sowing Sketch-null,X4-creator-creator-the, X1-subj-X2,X1-obj-X3,X5-has_name-Sowing Sketch,X4-of-X5,X1-obl_of-X4, X1-be-is-null,X2-which-Which-null,X3-nationality-nationality-the,X4-creator-creator-the,X5-Sowing Sketch-Sowing Sketch-null, X1-subj-X2,X1-obj-X3,X1-obl_of-X4,X5-has_name-Sowing Sketch,X1-obl_of-X5, X1-be-is-null,X2-which-Which-null,X4-creator-creator-the,X5-Sowing Sketch-Sowing Sketch-null,X3-nationality-nationality-the, X1-subj-X2,X3-of-X4,X5-has_name-Sowing Sketch,X3-of-X5,X1-obj-X3, X1-be-is-null,X2-which-Which-null,X4-Sowing Sketch-Sowing Sketch-null,X3-nationality-nationality-the,X5-creator-creator-the, X1-subj-X2,X4-has_name-Sowing Sketch,X3-of-X4,X1-obj-X3,X1-obl_of-X5, X1-be-is-null,X2-which-Which-null,X4-creator-creator-the,X3-nationality-nationality-the,X5-Sowing Sketch-Sowing Sketch-null, X1-subj-X2,X3-of-X4,X1-obj-X3,X5-has_name-Sowing Sketch,X1-obl_of-X5,","Drs [
 tokens=[],
 dEntities=[
DEntity(X1, be, is, VERB, null, false, Query1, Query), 
DEntity(X2, which, Which, PRON, null, false, Qualifier2, Qualifier), 
DEntity(X5, sketch, Sketch, PROPN, null, false, Artefact3, Artefact), 
DEntity(X4, creator, creator, NOUN, the, false, Artist4, Artist), 
DEntity(X3, nationality, nationality, NOUN, the, false, ConceptArtist5, ConceptArtist)],
 dConditions=[
DCondition(X1, subj, X2, propriedades= [qQualifier] --- []), 
DCondition(X5, sow, true, propriedades= [] --- [has_name, has_text, who]), 
DCondition(X5, has_name, sketch, propriedades= [] --- [has_name, has_text, who]), 
DCondition(X4, of, X5, propriedades= [author_of] --- []), 
DCondition(X3, of, X4, propriedades= [conc_of_Artist] --- []), 
DCondition(X1, obj, X3, propriedades= [select] --- []), 
DCondition(X1, has_text, be, propriedades= [] --- [has_name, has_text, who]), 
DCondition(X2, has_text, which, propriedades= [] --- [has_name, has_text, who]), 
DCondition(X5, has_text, sketch, propriedades= [] --- [has_name, has_text, who]), 
DCondition(X4, has_text, creator, propriedades= [] --- [has_name, has_text, who]), 
DCondition(X3, has_text, nationality, propriedades= [] --- [has_name, has_text, who]), 
DCondition(X2, has_name, null list, propriedades= [] --- [has_name, has_text, who]), 
DCondition(X1, obj, X2, propriedades= [qQualifier] --- [])]
 solu��es = []
 numeroFrase = 0
 numHasNames = 2
 numIndividuals = 5
 numEntitiesOk = 10
 numIsClass = 0
 numPropsOk = 5
 numEntitiesNOk = 0
 numClassesOk = 4]"," PREFIX rdf: <http://www.w3.org/1999/02/22-rdf-syntax-ns#> PREFIX xsd: <http://www.w3.org/2001/XMLSchema#> PREFIX rdfs: <http://www.w3.org/2000/01/rdf-schema#> PREFIX cidoc: <http://www.cidoc-crm.org/cidoc-crm/> SELECT  DISTINCT  ?snameConceptArtist5 ?ConceptArtist5 ?snameArtefact3 ?Artefact3 WHERE { {{?Artefact3 cidoc:P131_is_identified_by ?nameArtefact3 . ?nameArtefact3 rdf:value ?snameArtefact3 .}  UNION {?Artefact3 rdfs:label ?snameArtefact3 .}}  filter(regex(?snameArtefact3,""sketch"",""i"")) . ?prod cidoc:P14_carried_out_by ?Artist4 . ?Artefact3 cidoc:P108i_was_produced_by ?prod . ?Artist4 rdfs:label ?snameArtist4 . ?Artist4 cidoc:P107i_is_current_or_former_member_of ?ConceptArtist5. ?ConceptArtist5 rdfs:label ?snameConceptArtist5. }",true
361,Which is the nationality of the creator of Space Tensions?," X1-be-is-null,X2-which-Which-null,X5-Space tension-Space Tensions-null,X4-creator-creator-the,X3-nationality-nationality-the, X1-subj-X2,X4-of-X5,X3-of-X4,X1-obj-X3, X1-be-is-null,X2-which-Which-null,X3-nationality-nationality-the,X5-Space tension-Space Tensions-null,X4-creator-creator-the, X1-subj-X2,X1-obj-X3,X4-of-X5,X1-obl_of-X4, X1-be-is-null,X2-which-Which-null,X3-nationality-nationality-the,X4-creator-creator-the,X5-Space tension-Space Tensions-null, X1-subj-X2,X1-obj-X3,X1-obl_of-X4,X1-obl_of-X5, X1-be-is-null,X2-which-Which-null,X4-creator-creator-the,X5-Space tension-Space Tensions-null,X3-nationality-nationality-the, X1-subj-X2,X3-of-X4,X3-of-X5,X1-obj-X3, X1-be-is-null,X2-which-Which-null,X4-Space tension-Space Tensions-null,X3-nationality-nationality-the,X5-creator-creator-the, X1-subj-X2,X3-of-X4,X1-obj-X3,X1-obl_of-X5, X1-be-is-null,X2-which-Which-null,X4-creator-creator-the,X3-nationality-nationality-the,X5-Space tension-Space Tensions-null, X1-subj-X2,X3-of-X4,X1-obj-X3,X1-obl_of-X5,",Incorrect partial DRS,null,null
362,Which is the nationality of the creator of Spanish Senorita?," X1-be-is-null,X2-which-Which-null,X5-Senorita-Senorita-null,X4-creator-creator-the,X3-nationality-nationality-the, X1-subj-X2,X5-Spanish-true,X5-has_name-Senorita,X4-of-X5,X3-of-X4,X1-obj-X3, X1-be-is-null,X2-which-Which-null,X5-Senorita-Senorita-null,X4-creator-creator-the,X3-nationality-nationality-the, X1-subj-X2,X5-has_name-Spanish,X5-has_name-Senorita,X4-of-X5,X3-of-X4,X1-obj-X3, X1-be-is-null,X2-which-Which-null,X5-Spanish Senorita-Spanish Senorita-null,X4-creator-creator-the,X3-nationality-nationality-the, X1-subj-X2,X5-has_name-Spanish Senorita,X4-of-X5,X3-of-X4,X1-obj-X3, X1-be-is-null,X2-which-Which-null,X3-nationality-nationality-the,X5-Senorita-Senorita-null,X4-creator-creator-the, X1-subj-X2,X1-obj-X3,X5-Spanish-true,X5-has_name-Senorita,X4-of-X5,X1-obl_of-X4, X1-be-is-null,X2-which-Which-null,X3-nationality-nationality-the,X5-Senorita-Senorita-null,X4-creator-creator-the, X1-subj-X2,X1-obj-X3,X5-has_name-Spanish,X5-has_name-Senorita,X4-of-X5,X1-obl_of-X4, X1-be-is-null,X2-which-Which-null,X3-nationality-nationality-the,X5-Spanish Senorita-Spanish Senorita-null,X4-creator-creator-the, X1-subj-X2,X1-obj-X3,X5-has_name-Spanish Senorita,X4-of-X5,X1-obl_of-X4, X1-be-is-null,X2-which-Which-null,X3-nationality-nationality-the,X4-creator-creator-the,X5-Senorita-Senorita-null, X1-subj-X2,X1-obj-X3,X1-obl_of-X4,X5-Spanish-true,X5-has_name-Senorita,X1-obl_of-X5, X1-be-is-null,X2-which-Which-null,X3-nationality-nationality-the,X4-creator-creator-the,X5-Senorita-Senorita-null, X1-subj-X2,X1-obj-X3,X1-obl_of-X4,X5-has_name-Spanish,X5-has_name-Senorita,X1-obl_of-X5, X1-be-is-null,X2-which-Which-null,X3-nationality-nationality-the,X4-creator-creator-the,X5-Spanish Senorita-Spanish Senorita-null, X1-subj-X2,X1-obj-X3,X1-obl_of-X4,X5-has_name-Spanish Senorita,X1-obl_of-X5, X1-be-is-null,X2-which-Which-null,X4-creator-creator-the,X5-Senorita-Senorita-null,X3-nationality-nationality-the, X1-subj-X2,X3-of-X4,X5-Spanish-true,X5-has_name-Senorita,X3-of-X5,X1-obj-X3, X1-be-is-null,X2-which-Which-null,X4-creator-creator-the,X5-Senorita-Senorita-null,X3-nationality-nationality-the, X1-subj-X2,X3-of-X4,X5-has_name-Spanish,X5-has_name-Senorita,X3-of-X5,X1-obj-X3, X1-be-is-null,X2-which-Which-null,X4-creator-creator-the,X5-Spanish Senorita-Spanish Senorita-null,X3-nationality-nationality-the, X1-subj-X2,X3-of-X4,X5-has_name-Spanish Senorita,X3-of-X5,X1-obj-X3, X1-be-is-null,X2-which-Which-null,X4-Senorita-Senorita-null,X3-nationality-nationality-the,X5-creator-creator-the, X1-subj-X2,X4-Spanish-true,X4-has_name-Senorita,X3-of-X4,X1-obj-X3,X1-obl_of-X5, X1-be-is-null,X2-which-Which-null,X4-Senorita-Senorita-null,X3-nationality-nationality-the,X5-creator-creator-the, X1-subj-X2,X4-has_name-Spanish,X4-has_name-Senorita,X3-of-X4,X1-obj-X3,X1-obl_of-X5, X1-be-is-null,X2-which-Which-null,X4-Spanish Senorita-Spanish Senorita-null,X3-nationality-nationality-the,X5-creator-creator-the, X1-subj-X2,X4-has_name-Spanish Senorita,X3-of-X4,X1-obj-X3,X1-obl_of-X5, X1-be-is-null,X2-which-Which-null,X4-creator-creator-the,X3-nationality-nationality-the,X5-Senorita-Senorita-null, X1-subj-X2,X3-of-X4,X1-obj-X3,X5-Spanish-true,X5-has_name-Senorita,X1-obl_of-X5, X1-be-is-null,X2-which-Which-null,X4-creator-creator-the,X3-nationality-nationality-the,X5-Senorita-Senorita-null, X1-subj-X2,X3-of-X4,X1-obj-X3,X5-has_name-Spanish,X5-has_name-Senorita,X1-obl_of-X5, X1-be-is-null,X2-which-Which-null,X4-creator-creator-the,X3-nationality-nationality-the,X5-Spanish Senorita-Spanish Senorita-null, X1-subj-X2,X3-of-X4,X1-obj-X3,X5-has_name-Spanish Senorita,X1-obl_of-X5,","Drs [
 tokens=[],
 dEntities=[
DEntity(X1, be, is, VERB, null, false, Query1, Query), 
DEntity(X2, which, Which, PRON, null, false, Qualifier2, Qualifier), 
DEntity(X5, Senorita, Senorita, PROPN, null, false, Artefact3, Artefact), 
DEntity(X4, creator, creator, NOUN, the, false, Artist4, Artist), 
DEntity(X3, nationality, nationality, NOUN, the, false, ConceptArtist5, ConceptArtist)],
 dConditions=[
DCondition(X1, subj, X2, propriedades= [qQualifier] --- []), 
DCondition(X5, Spanish, true, propriedades= [] --- [has_name, has_text, who]), 
DCondition(X5, has_name, Senorita, propriedades= [] --- [has_name, has_text, who]), 
DCondition(X4, of, X5, propriedades= [author_of] --- []), 
DCondition(X3, of, X4, propriedades= [conc_of_Artist] --- []), 
DCondition(X1, obj, X3, propriedades= [select] --- []), 
DCondition(X1, has_text, be, propriedades= [] --- [has_name, has_text, who]), 
DCondition(X2, has_text, which, propriedades= [] --- [has_name, has_text, who]), 
DCondition(X5, has_text, Senorita, propriedades= [] --- [has_name, has_text, who]), 
DCondition(X4, has_text, creator, propriedades= [] --- [has_name, has_text, who]), 
DCondition(X3, has_text, nationality, propriedades= [] --- [has_name, has_text, who]), 
DCondition(X2, has_name, null list, propriedades= [] --- [has_name, has_text, who]), 
DCondition(X1, obj, X2, propriedades= [qQualifier] --- [])]
 solu��es = []
 numeroFrase = 0
 numHasNames = 2
 numIndividuals = 5
 numEntitiesOk = 10
 numIsClass = 0
 numPropsOk = 5
 numEntitiesNOk = 0
 numClassesOk = 4]"," PREFIX rdf: <http://www.w3.org/1999/02/22-rdf-syntax-ns#> PREFIX xsd: <http://www.w3.org/2001/XMLSchema#> PREFIX rdfs: <http://www.w3.org/2000/01/rdf-schema#> PREFIX cidoc: <http://www.cidoc-crm.org/cidoc-crm/> SELECT  DISTINCT  ?snameConceptArtist5 ?ConceptArtist5 ?snameArtefact3 ?Artefact3 WHERE { {{?Artefact3 cidoc:P131_is_identified_by ?nameArtefact3 . ?nameArtefact3 rdf:value ?snameArtefact3 .}  UNION {?Artefact3 rdfs:label ?snameArtefact3 .}}  filter(regex(?snameArtefact3,""Senorita"",""i"")) . ?prod cidoc:P14_carried_out_by ?Artist4 . ?Artefact3 cidoc:P108i_was_produced_by ?prod . ?Artist4 rdfs:label ?snameArtist4 . ?Artist4 cidoc:P107i_is_current_or_former_member_of ?ConceptArtist5. ?ConceptArtist5 rdfs:label ?snameConceptArtist5. }",true
363,"Which is the nationality of the creator of Sphinx, Thames, London?",,Incorrect Stanza Parsing,null,null
364,Which is the nationality of the creator of Spice Tower?," X1-be-is-null,X2-which-Which-null,X5-Spice Tower-Spice Tower-null,X4-creator-creator-the,X3-nationality-nationality-the, X1-subj-X2,X5-has_name-Spice Tower,X4-of-X5,X3-of-X4,X1-obj-X3, X1-be-is-null,X2-which-Which-null,X3-nationality-nationality-the,X5-Spice Tower-Spice Tower-null,X4-creator-creator-the, X1-subj-X2,X1-obj-X3,X5-has_name-Spice Tower,X4-of-X5,X1-obl_of-X4, X1-be-is-null,X2-which-Which-null,X3-nationality-nationality-the,X4-creator-creator-the,X5-Spice Tower-Spice Tower-null, X1-subj-X2,X1-obj-X3,X1-obl_of-X4,X5-has_name-Spice Tower,X1-obl_of-X5, X1-be-is-null,X2-which-Which-null,X4-creator-creator-the,X5-Spice Tower-Spice Tower-null,X3-nationality-nationality-the, X1-subj-X2,X3-of-X4,X5-has_name-Spice Tower,X3-of-X5,X1-obj-X3, X1-be-is-null,X2-which-Which-null,X4-Spice Tower-Spice Tower-null,X3-nationality-nationality-the,X5-creator-creator-the, X1-subj-X2,X4-has_name-Spice Tower,X3-of-X4,X1-obj-X3,X1-obl_of-X5, X1-be-is-null,X2-which-Which-null,X4-creator-creator-the,X3-nationality-nationality-the,X5-Spice Tower-Spice Tower-null, X1-subj-X2,X3-of-X4,X1-obj-X3,X5-has_name-Spice Tower,X1-obl_of-X5,",Incorrect partial DRS,null,null
365,Which is the nationality of the creator of Squirrel in Tree?," X1-be-is-null,X2-which-Which-null,X5-Squirrel-Squirrel-null,X6-Tree-Tree-null,X4-creator-creator-the,X3-nationality-nationality-the, X1-subj-X2,X5-has_name-Squirrel,X4-of-X5,X6-has_name-Tree,X4-in-X6,X3-of-X4,X1-obj-X3, X1-be-is-null,X2-which-Which-null,X3-nationality-nationality-the,X5-Squirrel-Squirrel-null,X6-Tree-Tree-null,X4-creator-creator-the, X1-subj-X2,X1-obj-X3,X5-has_name-Squirrel,X4-of-X5,X6-has_name-Tree,X4-in-X6,X1-obl_of-X4, X1-be-is-null,X2-which-Which-null,X3-nationality-nationality-the,X5-Tree-Tree-null,X4-creator-creator-the,X6-Squirrel-Squirrel-null, X1-subj-X2,X1-obj-X3,X5-has_name-Tree,X4-in-X5,X1-obl_of-X4,X6-has_name-Squirrel,X1-obl_of-X6, X1-be-is-null,X2-which-Which-null,X3-nationality-nationality-the,X4-creator-creator-the,X5-Squirrel-Squirrel-null,X6-Tree-Tree-null, X1-subj-X2,X1-obj-X3,X1-obl_of-X4,X5-has_name-Squirrel,X1-obl_of-X5,X6-has_name-Tree,X1-obl_in-X6, X1-be-is-null,X2-which-Which-null,X3-nationality-nationality-the,X5-Squirrel-Squirrel-null,X4-creator-creator-the,X6-Tree-Tree-null, X1-subj-X2,X1-obj-X3,X5-has_name-Squirrel,X4-of-X5,X1-obl_of-X4,X6-has_name-Tree,X1-obl_in-X6, X1-be-is-null,X2-which-Which-null,X5-Tree-Tree-null,X4-creator-creator-the,X6-Squirrel-Squirrel-null,X3-nationality-nationality-the, X1-subj-X2,X5-has_name-Tree,X4-in-X5,X3-of-X4,X6-has_name-Squirrel,X3-of-X6,X1-obj-X3, X1-be-is-null,X2-which-Which-null,X4-Squirrel-Squirrel-null,X3-nationality-nationality-the,X6-Tree-Tree-null,X5-creator-creator-the, X1-subj-X2,X4-has_name-Squirrel,X3-of-X4,X1-obj-X3,X6-has_name-Tree,X5-in-X6,X1-obl_of-X5, X1-be-is-null,X2-which-Which-null,X5-Tree-Tree-null,X4-creator-creator-the,X3-nationality-nationality-the,X6-Squirrel-Squirrel-null, X1-subj-X2,X5-has_name-Tree,X4-in-X5,X3-of-X4,X1-obj-X3,X6-has_name-Squirrel,X1-obl_of-X6, X1-be-is-null,X2-which-Which-null,X4-creator-creator-the,X5-Squirrel-Squirrel-null,X6-Tree-Tree-null,X3-nationality-nationality-the, X1-subj-X2,X3-of-X4,X5-has_name-Squirrel,X3-of-X5,X6-has_name-Tree,X3-in-X6,X1-obj-X3, X1-be-is-null,X2-which-Which-null,X5-Squirrel-Squirrel-null,X4-creator-creator-the,X6-Tree-Tree-null,X3-nationality-nationality-the, X1-subj-X2,X5-has_name-Squirrel,X4-of-X5,X3-of-X4,X6-has_name-Tree,X3-in-X6,X1-obj-X3,",Incorrect partial DRS,null,null
366,"Which is the nationality of the creator of St. Severin, Paris?"," X1-be-is-null,X2-which-Which-null,X5-St. Severin-St.-null,X4-creator-creator-the,X3-nationality-nationality-the, X1-subj-X2,X5-has_name-Paris,X5-has_name-St. Severin,X4-of-X5,X3-of-X4,X1-obj-X3, X1-be-is-null,X2-which-Which-null,X3-nationality-nationality-the,X5-St. Severin-St.-null,X4-creator-creator-the, X1-subj-X2,X1-obj-X3,X5-has_name-Paris,X5-has_name-St. Severin,X4-of-X5,X1-obl_of-X4, X1-be-is-null,X2-which-Which-null,X3-nationality-nationality-the,X4-creator-creator-the,X5-St. Severin-St.-null, X1-subj-X2,X1-obj-X3,X1-obl_of-X4,X5-has_name-Paris,X5-has_name-St. Severin,X1-obl_of-X5, X1-be-is-null,X2-which-Which-null,X4-creator-creator-the,X5-St. Severin-St.-null,X3-nationality-nationality-the, X1-subj-X2,X3-of-X4,X5-has_name-Paris,X5-has_name-St. Severin,X3-of-X5,X1-obj-X3, X1-be-is-null,X2-which-Which-null,X4-St. Severin-St.-null,X3-nationality-nationality-the,X5-creator-creator-the, X1-subj-X2,X4-has_name-Paris,X4-has_name-St. Severin,X3-of-X4,X1-obj-X3,X1-obl_of-X5, X1-be-is-null,X2-which-Which-null,X4-creator-creator-the,X3-nationality-nationality-the,X5-St. Severin-St.-null, X1-subj-X2,X3-of-X4,X1-obj-X3,X5-has_name-Paris,X5-has_name-St. Severin,X1-obl_of-X5, X1-be-is-null,X2-which-Which-null,X6-Paris-Paris-null,X5-St. Severin-St.-null,X4-creator-creator-the,X3-nationality-nationality-the, X1-subj-X2,X6-has_name-Paris,X5-rel-X6,X5-has_name-St. Severin,X4-of-X5,X3-of-X4,X1-obj-X3, X1-be-is-null,X2-which-Which-null,X3-nationality-nationality-the,X6-Paris-Paris-null,X5-St. Severin-St.-null,X4-creator-creator-the, X1-subj-X2,X1-obj-X3,X6-has_name-Paris,X5-rel-X6,X5-has_name-St. Severin,X4-of-X5,X1-obl_of-X4, X1-be-is-null,X2-which-Which-null,X3-nationality-nationality-the,X4-creator-creator-the,X6-Paris-Paris-null,X5-St. Severin-St.-null, X1-subj-X2,X1-obj-X3,X1-obl_of-X4,X6-has_name-Paris,X5-rel-X6,X5-has_name-St. Severin,X1-obl_of-X5, X1-be-is-null,X2-which-Which-null,X4-creator-creator-the,X6-Paris-Paris-null,X5-St. Severin-St.-null,X3-nationality-nationality-the, X1-subj-X2,X3-of-X4,X6-has_name-Paris,X5-rel-X6,X5-has_name-St. Severin,X3-of-X5,X1-obj-X3, X1-be-is-null,X2-which-Which-null,X5-Paris-Paris-null,X4-St. Severin-St.-null,X3-nationality-nationality-the,X6-creator-creator-the, X1-subj-X2,X5-has_name-Paris,X4-rel-X5,X4-has_name-St. Severin,X3-of-X4,X1-obj-X3,X1-obl_of-X6, X1-be-is-null,X2-which-Which-null,X4-creator-creator-the,X3-nationality-nationality-the,X6-Paris-Paris-null,X5-St. Severin-St.-null, X1-subj-X2,X3-of-X4,X1-obj-X3,X6-has_name-Paris,X5-rel-X6,X5-has_name-St. Severin,X1-obl_of-X5,",Incorrect partial DRS,null,null
367,Which is the nationality of the creator of St. Valery-Blow-Wild Thyme?,,Incorrect Stanza Parsing,null,null
368,Which is the nationality of the creator of Standing Artist?," X1-be-is-null,X2-which-Which-null,X5-standing artist-Standing Artist-null,X4-creator-creator-the,X3-nationality-nationality-the, X1-subj-X2,X4-of-X5,X3-of-X4,X1-obj-X3, X1-be-is-null,X2-which-Which-null,X3-nationality-nationality-the,X5-standing artist-Standing Artist-null,X4-creator-creator-the, X1-subj-X2,X1-obj-X3,X4-of-X5,X1-obl_of-X4, X1-be-is-null,X2-which-Which-null,X3-nationality-nationality-the,X4-creator-creator-the,X5-standing artist-Standing Artist-null, X1-subj-X2,X1-obj-X3,X1-obl_of-X4,X1-obl_of-X5, X1-be-is-null,X2-which-Which-null,X4-creator-creator-the,X5-standing artist-Standing Artist-null,X3-nationality-nationality-the, X1-subj-X2,X3-of-X4,X3-of-X5,X1-obj-X3, X1-be-is-null,X2-which-Which-null,X4-standing artist-Standing Artist-null,X3-nationality-nationality-the,X5-creator-creator-the, X1-subj-X2,X3-of-X4,X1-obj-X3,X1-obl_of-X5, X1-be-is-null,X2-which-Which-null,X4-creator-creator-the,X3-nationality-nationality-the,X5-standing artist-Standing Artist-null, X1-subj-X2,X3-of-X4,X1-obj-X3,X1-obl_of-X5,","Drs [
 tokens=[],
 dEntities=[
DEntity(X1, be, is, VERB, null, false, Query1, Query), 
DEntity(X2, which, Which, PRON, null, false, Qualifier2, Qualifier), 
DEntity(X5, standing artist, Standing Artist, NOUN, null, false, Artefact3, Artefact), 
DEntity(X4, creator, creator, NOUN, the, false, Artist4, Artist), 
DEntity(X3, nationality, nationality, NOUN, the, false, ConceptArtist5, ConceptArtist)],
 dConditions=[
DCondition(X1, subj, X2, propriedades= [qQualifier] --- []), 
DCondition(X4, of, X5, propriedades= [author_of] --- []), 
DCondition(X3, of, X4, propriedades= [conc_of_Artist] --- []), 
DCondition(X1, obj, X3, propriedades= [select] --- []), 
DCondition(X1, has_text, be, propriedades= [] --- [has_name, has_text, who]), 
DCondition(X2, has_text, which, propriedades= [] --- [has_name, has_text, who]), 
DCondition(X5, has_text, standing artist, propriedades= [] --- [has_name, has_text, who]), 
DCondition(X4, has_text, creator, propriedades= [] --- [has_name, has_text, who]), 
DCondition(X3, has_text, nationality, propriedades= [] --- [has_name, has_text, who]), 
DCondition(X2, has_name, null list, propriedades= [] --- [has_name, has_text, who]), 
DCondition(X1, obj, X2, propriedades= [qQualifier] --- [])]
 solu��es = []
 numeroFrase = 0
 numHasNames = 1
 numIndividuals = 5
 numEntitiesOk = 10
 numIsClass = 0
 numPropsOk = 5
 numEntitiesNOk = 0
 numClassesOk = 4]", PREFIX rdf: <http://www.w3.org/1999/02/22-rdf-syntax-ns#> PREFIX xsd: <http://www.w3.org/2001/XMLSchema#> PREFIX rdfs: <http://www.w3.org/2000/01/rdf-schema#> PREFIX cidoc: <http://www.cidoc-crm.org/cidoc-crm/> SELECT  DISTINCT  ?snameConceptArtist5 ?ConceptArtist5 WHERE { ?prod cidoc:P14_carried_out_by ?Artist4 . ?Artefact3 cidoc:P108i_was_produced_by ?prod . ?Artist4 rdfs:label ?snameArtist4 . ?Artist4 cidoc:P107i_is_current_or_former_member_of ?ConceptArtist5. ?ConceptArtist5 rdfs:label ?snameConceptArtist5. },false
369,Which is the nationality of the creator of Standing Orpheus with Pegasus?," X1-be-is-null,X2-which-Which-null,X5-stand-Standing-of,X6-Orpheus-Orpheus-null,X7-Pegasus-Pegasus-null,X4-creator-creator-the,X3-nationality-nationality-the, X1-subj-X2,X6-has_name-Orpheus,X5-obj-X6,X7-has_name-Pegasus,X5-obl_with-X7,X3-of-X4,X1-obj-X3,X5-obl-X4, X1-be-is-null,X2-which-Which-null,X5-stand-Standing-of,X7-Pegasus-Pegasus-null,X6-Orpheus-Orpheus-null,X4-creator-creator-the,X3-nationality-nationality-the, X1-subj-X2,X7-has_name-Pegasus,X6-with-X7,X6-has_name-Orpheus,X5-obj-X6,X3-of-X4,X1-obj-X3,X5-obl-X4, X1-be-is-null,X2-which-Which-null,X3-nationality-nationality-the,X5-stand-Standing-of,X6-Orpheus-Orpheus-null,X7-Pegasus-Pegasus-null,X4-creator-creator-the, X1-subj-X2,X1-obj-X3,X6-has_name-Orpheus,X5-obj-X6,X7-has_name-Pegasus,X5-obl_with-X7,X1-obl_of-X4,X5-obl-X4,X1-obl-X4,X1-obl-X4,X1-obl-X4, X1-be-is-null,X2-which-Which-null,X3-nationality-nationality-the,X5-stand-Standing-of,X7-Pegasus-Pegasus-null,X6-Orpheus-Orpheus-null,X4-creator-creator-the, X1-subj-X2,X1-obj-X3,X7-has_name-Pegasus,X6-with-X7,X6-has_name-Orpheus,X5-obj-X6,X1-obl_of-X4,X5-obl-X4,X1-obl-X4,X1-obl-X4,X1-obl-X4,",Incorrect partial DRS,null,null
370,Which is the nationality of the creator of Stanislaus?," X1-be-is-null,X2-which-Which-null,X5-Stanislaus-Stanislaus-null,X4-creator-creator-the,X3-nationality-nationality-the, X1-subj-X2,X5-has_name-Stanislaus,X4-of-X5,X3-of-X4,X1-obj-X3, X1-be-is-null,X2-which-Which-null,X3-nationality-nationality-the,X5-Stanislaus-Stanislaus-null,X4-creator-creator-the, X1-subj-X2,X1-obj-X3,X5-has_name-Stanislaus,X4-of-X5,X1-obl_of-X4, X1-be-is-null,X2-which-Which-null,X3-nationality-nationality-the,X4-creator-creator-the,X5-Stanislaus-Stanislaus-null, X1-subj-X2,X1-obj-X3,X1-obl_of-X4,X5-has_name-Stanislaus,X1-obl_of-X5, X1-be-is-null,X2-which-Which-null,X4-creator-creator-the,X5-Stanislaus-Stanislaus-null,X3-nationality-nationality-the, X1-subj-X2,X3-of-X4,X5-has_name-Stanislaus,X3-of-X5,X1-obj-X3, X1-be-is-null,X2-which-Which-null,X4-Stanislaus-Stanislaus-null,X3-nationality-nationality-the,X5-creator-creator-the, X1-subj-X2,X4-has_name-Stanislaus,X3-of-X4,X1-obj-X3,X1-obl_of-X5, X1-be-is-null,X2-which-Which-null,X4-creator-creator-the,X3-nationality-nationality-the,X5-Stanislaus-Stanislaus-null, X1-subj-X2,X3-of-X4,X1-obj-X3,X5-has_name-Stanislaus,X1-obl_of-X5,","Drs [
 tokens=[],
 dEntities=[
DEntity(X1, be, is, VERB, null, false, Query1, Query), 
DEntity(X2, which, Which, PRON, null, false, Qualifier2, Qualifier), 
DEntity(X5, Stanislaus, Stanislaus, PROPN, null, false, Artefact3, Artefact), 
DEntity(X4, creator, creator, NOUN, the, false, Artist4, Artist), 
DEntity(X3, nationality, nationality, NOUN, the, false, ConceptArtist5, ConceptArtist)],
 dConditions=[
DCondition(X1, subj, X2, propriedades= [qQualifier] --- []), 
DCondition(X5, has_name, Stanislaus, propriedades= [] --- [has_name, has_text, who]), 
DCondition(X4, of, X5, propriedades= [author_of] --- []), 
DCondition(X3, of, X4, propriedades= [conc_of_Artist] --- []), 
DCondition(X1, obj, X3, propriedades= [select] --- []), 
DCondition(X1, has_text, be, propriedades= [] --- [has_name, has_text, who]), 
DCondition(X2, has_text, which, propriedades= [] --- [has_name, has_text, who]), 
DCondition(X5, has_text, Stanislaus, propriedades= [] --- [has_name, has_text, who]), 
DCondition(X4, has_text, creator, propriedades= [] --- [has_name, has_text, who]), 
DCondition(X3, has_text, nationality, propriedades= [] --- [has_name, has_text, who]), 
DCondition(X2, has_name, null list, propriedades= [] --- [has_name, has_text, who]), 
DCondition(X1, obj, X2, propriedades= [qQualifier] --- [])]
 solu��es = []
 numeroFrase = 0
 numHasNames = 2
 numIndividuals = 5
 numEntitiesOk = 10
 numIsClass = 0
 numPropsOk = 5
 numEntitiesNOk = 0
 numClassesOk = 4]"," PREFIX rdf: <http://www.w3.org/1999/02/22-rdf-syntax-ns#> PREFIX xsd: <http://www.w3.org/2001/XMLSchema#> PREFIX rdfs: <http://www.w3.org/2000/01/rdf-schema#> PREFIX cidoc: <http://www.cidoc-crm.org/cidoc-crm/> SELECT  DISTINCT  ?snameConceptArtist5 ?ConceptArtist5 ?snameArtefact3 ?Artefact3 WHERE { {{?Artefact3 cidoc:P131_is_identified_by ?nameArtefact3 . ?nameArtefact3 rdf:value ?snameArtefact3 .}  UNION {?Artefact3 rdfs:label ?snameArtefact3 .}}  filter(regex(?snameArtefact3,""Stanislaus"",""i"")) . ?prod cidoc:P14_carried_out_by ?Artist4 . ?Artefact3 cidoc:P108i_was_produced_by ?prod . ?Artist4 rdfs:label ?snameArtist4 . ?Artist4 cidoc:P107i_is_current_or_former_member_of ?ConceptArtist5. ?ConceptArtist5 rdfs:label ?snameConceptArtist5. }",true
371,Which is the nationality of the creator of Still Life with Dogwood?," X1-be-is-null,X2-which-Which-null,X5-life-Life-null,X6-dogwood-Dogwood-null,X4-creator-creator-the,X3-nationality-nationality-the, X1-subj-X2,X5-still-true,X4-of-X5,X6-has_name-dogwood,X4-with-X6,X3-of-X4,X1-obj-X3, X1-be-is-null,X2-which-Which-null,X5-life-Life-null,X6-dogwood-Dogwood-null,X4-creator-creator-the,X3-nationality-nationality-the, X1-subj-X2,X5-has_name-Still,X4-of-X5,X6-has_name-dogwood,X4-with-X6,X3-of-X4,X1-obj-X3, X1-be-is-null,X2-which-Which-null,X5-Still Life-Still Life-null,X6-dogwood-Dogwood-null,X4-creator-creator-the,X3-nationality-nationality-the, X1-subj-X2,X4-of-X5,X6-has_name-dogwood,X4-with-X6,X3-of-X4,X1-obj-X3, X1-be-is-null,X2-which-Which-null,X3-nationality-nationality-the,X5-life-Life-null,X6-dogwood-Dogwood-null,X4-creator-creator-the, X1-subj-X2,X1-obj-X3,X5-still-true,X4-of-X5,X6-has_name-dogwood,X4-with-X6,X1-obl_of-X4, X1-be-is-null,X2-which-Which-null,X3-nationality-nationality-the,X5-life-Life-null,X6-dogwood-Dogwood-null,X4-creator-creator-the, X1-subj-X2,X1-obj-X3,X5-has_name-Still,X4-of-X5,X6-has_name-dogwood,X4-with-X6,X1-obl_of-X4, X1-be-is-null,X2-which-Which-null,X3-nationality-nationality-the,X5-Still Life-Still Life-null,X6-dogwood-Dogwood-null,X4-creator-creator-the, X1-subj-X2,X1-obj-X3,X4-of-X5,X6-has_name-dogwood,X4-with-X6,X1-obl_of-X4, X1-be-is-null,X2-which-Which-null,X3-nationality-nationality-the,X5-dogwood-Dogwood-null,X4-creator-creator-the,X6-life-Life-null, X1-subj-X2,X1-obj-X3,X5-has_name-dogwood,X4-with-X5,X1-obl_of-X4,X6-still-true,X1-obl_of-X6, X1-be-is-null,X2-which-Which-null,X3-nationality-nationality-the,X5-dogwood-Dogwood-null,X4-creator-creator-the,X6-life-Life-null, X1-subj-X2,X1-obj-X3,X5-has_name-dogwood,X4-with-X5,X1-obl_of-X4,X6-has_name-Still,X1-obl_of-X6, X1-be-is-null,X2-which-Which-null,X3-nationality-nationality-the,X5-dogwood-Dogwood-null,X4-creator-creator-the,X6-Still Life-Still Life-null, X1-subj-X2,X1-obj-X3,X5-has_name-dogwood,X4-with-X5,X1-obl_of-X4,X1-obl_of-X6, X1-be-is-null,X2-which-Which-null,X3-nationality-nationality-the,X4-creator-creator-the,X5-life-Life-null,X6-dogwood-Dogwood-null, X1-subj-X2,X1-obj-X3,X1-obl_of-X4,X5-still-true,X1-obl_of-X5,X6-has_name-dogwood,X1-obl_with-X6, X1-be-is-null,X2-which-Which-null,X3-nationality-nationality-the,X4-creator-creator-the,X5-life-Life-null,X6-dogwood-Dogwood-null, X1-subj-X2,X1-obj-X3,X1-obl_of-X4,X5-has_name-Still,X1-obl_of-X5,X6-has_name-dogwood,X1-obl_with-X6, X1-be-is-null,X2-which-Which-null,X3-nationality-nationality-the,X4-creator-creator-the,X5-Still Life-Still Life-null,X6-dogwood-Dogwood-null, X1-subj-X2,X1-obj-X3,X1-obl_of-X4,X1-obl_of-X5,X6-has_name-dogwood,X1-obl_with-X6, X1-be-is-null,X2-which-Which-null,X3-nationality-nationality-the,X5-life-Life-null,X4-creator-creator-the,X6-dogwood-Dogwood-null, X1-subj-X2,X1-obj-X3,X5-still-true,X4-of-X5,X1-obl_of-X4,X6-has_name-dogwood,X1-obl_with-X6, X1-be-is-null,X2-which-Which-null,X3-nationality-nationality-the,X5-life-Life-null,X4-creator-creator-the,X6-dogwood-Dogwood-null, X1-subj-X2,X1-obj-X3,X5-has_name-Still,X4-of-X5,X1-obl_of-X4,X6-has_name-dogwood,X1-obl_with-X6, X1-be-is-null,X2-which-Which-null,X3-nationality-nationality-the,X5-Still Life-Still Life-null,X4-creator-creator-the,X6-dogwood-Dogwood-null, X1-subj-X2,X1-obj-X3,X4-of-X5,X1-obl_of-X4,X6-has_name-dogwood,X1-obl_with-X6, X1-be-is-null,X2-which-Which-null,X5-dogwood-Dogwood-null,X4-creator-creator-the,X6-life-Life-null,X3-nationality-nationality-the, X1-subj-X2,X5-has_name-dogwood,X4-with-X5,X3-of-X4,X6-still-true,X3-of-X6,X1-obj-X3, X1-be-is-null,X2-which-Which-null,X5-dogwood-Dogwood-null,X4-creator-creator-the,X6-life-Life-null,X3-nationality-nationality-the, X1-subj-X2,X5-has_name-dogwood,X4-with-X5,X3-of-X4,X6-has_name-Still,X3-of-X6,X1-obj-X3, X1-be-is-null,X2-which-Which-null,X5-dogwood-Dogwood-null,X4-creator-creator-the,X6-Still Life-Still Life-null,X3-nationality-nationality-the, X1-subj-X2,X5-has_name-dogwood,X4-with-X5,X3-of-X4,X3-of-X6,X1-obj-X3, X1-be-is-null,X2-which-Which-null,X4-life-Life-null,X3-nationality-nationality-the,X6-dogwood-Dogwood-null,X5-creator-creator-the, X1-subj-X2,X4-still-true,X3-of-X4,X1-obj-X3,X6-has_name-dogwood,X5-with-X6,X1-obl_of-X5, X1-be-is-null,X2-which-Which-null,X4-life-Life-null,X3-nationality-nationality-the,X6-dogwood-Dogwood-null,X5-creator-creator-the, X1-subj-X2,X4-has_name-Still,X3-of-X4,X1-obj-X3,X6-has_name-dogwood,X5-with-X6,X1-obl_of-X5, X1-be-is-null,X2-which-Which-null,X4-Still Life-Still Life-null,X3-nationality-nationality-the,X6-dogwood-Dogwood-null,X5-creator-creator-the, X1-subj-X2,X3-of-X4,X1-obj-X3,X6-has_name-dogwood,X5-with-X6,X1-obl_of-X5, X1-be-is-null,X2-which-Which-null,X5-dogwood-Dogwood-null,X4-creator-creator-the,X3-nationality-nationality-the,X6-life-Life-null, X1-subj-X2,X5-has_name-dogwood,X4-with-X5,X3-of-X4,X1-obj-X3,X6-still-true,X1-obl_of-X6, X1-be-is-null,X2-which-Which-null,X5-dogwood-Dogwood-null,X4-creator-creator-the,X3-nationality-nationality-the,X6-life-Life-null, X1-subj-X2,X5-has_name-dogwood,X4-with-X5,X3-of-X4,X1-obj-X3,X6-has_name-Still,X1-obl_of-X6, X1-be-is-null,X2-which-Which-null,X5-dogwood-Dogwood-null,X4-creator-creator-the,X3-nationality-nationality-the,X6-Still Life-Still Life-null, X1-subj-X2,X5-has_name-dogwood,X4-with-X5,X3-of-X4,X1-obj-X3,X1-obl_of-X6, X1-be-is-null,X2-which-Which-null,X4-creator-creator-the,X5-life-Life-null,X6-dogwood-Dogwood-null,X3-nationality-nationality-the, X1-subj-X2,X3-of-X4,X5-still-true,X3-of-X5,X6-has_name-dogwood,X3-with-X6,X1-obj-X3, X1-be-is-null,X2-which-Which-null,X4-creator-creator-the,X5-life-Life-null,X6-dogwood-Dogwood-null,X3-nationality-nationality-the, X1-subj-X2,X3-of-X4,X5-has_name-Still,X3-of-X5,X6-has_name-dogwood,X3-with-X6,X1-obj-X3, X1-be-is-null,X2-which-Which-null,X4-creator-creator-the,X5-Still Life-Still Life-null,X6-dogwood-Dogwood-null,X3-nationality-nationality-the, X1-subj-X2,X3-of-X4,X3-of-X5,X6-has_name-dogwood,X3-with-X6,X1-obj-X3, X1-be-is-null,X2-which-Which-null,X5-life-Life-null,X4-creator-creator-the,X6-dogwood-Dogwood-null,X3-nationality-nationality-the, X1-subj-X2,X5-still-true,X4-of-X5,X3-of-X4,X6-has_name-dogwood,X3-with-X6,X1-obj-X3, X1-be-is-null,X2-which-Which-null,X5-life-Life-null,X4-creator-creator-the,X6-dogwood-Dogwood-null,X3-nationality-nationality-the, X1-subj-X2,X5-has_name-Still,X4-of-X5,X3-of-X4,X6-has_name-dogwood,X3-with-X6,X1-obj-X3, X1-be-is-null,X2-which-Which-null,X5-Still Life-Still Life-null,X4-creator-creator-the,X6-dogwood-Dogwood-null,X3-nationality-nationality-the, X1-subj-X2,X4-of-X5,X3-of-X4,X6-has_name-dogwood,X3-with-X6,X1-obj-X3,",Incorrect partial DRS,null,null
372,Which is the nationality of the creator of Still Life with Menu?," X1-be-is-null,X2-which-Which-null,X5-life-Life-null,X6-Menu-Menu-null,X4-creator-creator-the,X3-nationality-nationality-the, X1-subj-X2,X5-still-true,X4-of-X5,X6-has_name-Menu,X4-with-X6,X3-of-X4,X1-obj-X3, X1-be-is-null,X2-which-Which-null,X5-life-Life-null,X6-Menu-Menu-null,X4-creator-creator-the,X3-nationality-nationality-the, X1-subj-X2,X5-has_name-Still,X4-of-X5,X6-has_name-Menu,X4-with-X6,X3-of-X4,X1-obj-X3, X1-be-is-null,X2-which-Which-null,X5-Still Life-Still Life-null,X6-Menu-Menu-null,X4-creator-creator-the,X3-nationality-nationality-the, X1-subj-X2,X4-of-X5,X6-has_name-Menu,X4-with-X6,X3-of-X4,X1-obj-X3, X1-be-is-null,X2-which-Which-null,X3-nationality-nationality-the,X5-life-Life-null,X6-Menu-Menu-null,X4-creator-creator-the, X1-subj-X2,X1-obj-X3,X5-still-true,X4-of-X5,X6-has_name-Menu,X4-with-X6,X1-obl_of-X4, X1-be-is-null,X2-which-Which-null,X3-nationality-nationality-the,X5-life-Life-null,X6-Menu-Menu-null,X4-creator-creator-the, X1-subj-X2,X1-obj-X3,X5-has_name-Still,X4-of-X5,X6-has_name-Menu,X4-with-X6,X1-obl_of-X4, X1-be-is-null,X2-which-Which-null,X3-nationality-nationality-the,X5-Still Life-Still Life-null,X6-Menu-Menu-null,X4-creator-creator-the, X1-subj-X2,X1-obj-X3,X4-of-X5,X6-has_name-Menu,X4-with-X6,X1-obl_of-X4, X1-be-is-null,X2-which-Which-null,X3-nationality-nationality-the,X5-Menu-Menu-null,X4-creator-creator-the,X6-life-Life-null, X1-subj-X2,X1-obj-X3,X5-has_name-Menu,X4-with-X5,X1-obl_of-X4,X6-still-true,X1-obl_of-X6, X1-be-is-null,X2-which-Which-null,X3-nationality-nationality-the,X5-Menu-Menu-null,X4-creator-creator-the,X6-life-Life-null, X1-subj-X2,X1-obj-X3,X5-has_name-Menu,X4-with-X5,X1-obl_of-X4,X6-has_name-Still,X1-obl_of-X6, X1-be-is-null,X2-which-Which-null,X3-nationality-nationality-the,X5-Menu-Menu-null,X4-creator-creator-the,X6-Still Life-Still Life-null, X1-subj-X2,X1-obj-X3,X5-has_name-Menu,X4-with-X5,X1-obl_of-X4,X1-obl_of-X6, X1-be-is-null,X2-which-Which-null,X3-nationality-nationality-the,X4-creator-creator-the,X5-life-Life-null,X6-Menu-Menu-null, X1-subj-X2,X1-obj-X3,X1-obl_of-X4,X5-still-true,X1-obl_of-X5,X6-has_name-Menu,X1-obl_with-X6, X1-be-is-null,X2-which-Which-null,X3-nationality-nationality-the,X4-creator-creator-the,X5-life-Life-null,X6-Menu-Menu-null, X1-subj-X2,X1-obj-X3,X1-obl_of-X4,X5-has_name-Still,X1-obl_of-X5,X6-has_name-Menu,X1-obl_with-X6, X1-be-is-null,X2-which-Which-null,X3-nationality-nationality-the,X4-creator-creator-the,X5-Still Life-Still Life-null,X6-Menu-Menu-null, X1-subj-X2,X1-obj-X3,X1-obl_of-X4,X1-obl_of-X5,X6-has_name-Menu,X1-obl_with-X6, X1-be-is-null,X2-which-Which-null,X3-nationality-nationality-the,X5-life-Life-null,X4-creator-creator-the,X6-Menu-Menu-null, X1-subj-X2,X1-obj-X3,X5-still-true,X4-of-X5,X1-obl_of-X4,X6-has_name-Menu,X1-obl_with-X6, X1-be-is-null,X2-which-Which-null,X3-nationality-nationality-the,X5-life-Life-null,X4-creator-creator-the,X6-Menu-Menu-null, X1-subj-X2,X1-obj-X3,X5-has_name-Still,X4-of-X5,X1-obl_of-X4,X6-has_name-Menu,X1-obl_with-X6, X1-be-is-null,X2-which-Which-null,X3-nationality-nationality-the,X5-Still Life-Still Life-null,X4-creator-creator-the,X6-Menu-Menu-null, X1-subj-X2,X1-obj-X3,X4-of-X5,X1-obl_of-X4,X6-has_name-Menu,X1-obl_with-X6, X1-be-is-null,X2-which-Which-null,X5-Menu-Menu-null,X4-creator-creator-the,X6-life-Life-null,X3-nationality-nationality-the, X1-subj-X2,X5-has_name-Menu,X4-with-X5,X3-of-X4,X6-still-true,X3-of-X6,X1-obj-X3, X1-be-is-null,X2-which-Which-null,X5-Menu-Menu-null,X4-creator-creator-the,X6-life-Life-null,X3-nationality-nationality-the, X1-subj-X2,X5-has_name-Menu,X4-with-X5,X3-of-X4,X6-has_name-Still,X3-of-X6,X1-obj-X3, X1-be-is-null,X2-which-Which-null,X5-Menu-Menu-null,X4-creator-creator-the,X6-Still Life-Still Life-null,X3-nationality-nationality-the, X1-subj-X2,X5-has_name-Menu,X4-with-X5,X3-of-X4,X3-of-X6,X1-obj-X3, X1-be-is-null,X2-which-Which-null,X4-life-Life-null,X3-nationality-nationality-the,X6-Menu-Menu-null,X5-creator-creator-the, X1-subj-X2,X4-still-true,X3-of-X4,X1-obj-X3,X6-has_name-Menu,X5-with-X6,X1-obl_of-X5, X1-be-is-null,X2-which-Which-null,X4-life-Life-null,X3-nationality-nationality-the,X6-Menu-Menu-null,X5-creator-creator-the, X1-subj-X2,X4-has_name-Still,X3-of-X4,X1-obj-X3,X6-has_name-Menu,X5-with-X6,X1-obl_of-X5, X1-be-is-null,X2-which-Which-null,X4-Still Life-Still Life-null,X3-nationality-nationality-the,X6-Menu-Menu-null,X5-creator-creator-the, X1-subj-X2,X3-of-X4,X1-obj-X3,X6-has_name-Menu,X5-with-X6,X1-obl_of-X5, X1-be-is-null,X2-which-Which-null,X5-Menu-Menu-null,X4-creator-creator-the,X3-nationality-nationality-the,X6-life-Life-null, X1-subj-X2,X5-has_name-Menu,X4-with-X5,X3-of-X4,X1-obj-X3,X6-still-true,X1-obl_of-X6, X1-be-is-null,X2-which-Which-null,X5-Menu-Menu-null,X4-creator-creator-the,X3-nationality-nationality-the,X6-life-Life-null, X1-subj-X2,X5-has_name-Menu,X4-with-X5,X3-of-X4,X1-obj-X3,X6-has_name-Still,X1-obl_of-X6, X1-be-is-null,X2-which-Which-null,X5-Menu-Menu-null,X4-creator-creator-the,X3-nationality-nationality-the,X6-Still Life-Still Life-null, X1-subj-X2,X5-has_name-Menu,X4-with-X5,X3-of-X4,X1-obj-X3,X1-obl_of-X6, X1-be-is-null,X2-which-Which-null,X4-creator-creator-the,X5-life-Life-null,X6-Menu-Menu-null,X3-nationality-nationality-the, X1-subj-X2,X3-of-X4,X5-still-true,X3-of-X5,X6-has_name-Menu,X3-with-X6,X1-obj-X3, X1-be-is-null,X2-which-Which-null,X4-creator-creator-the,X5-life-Life-null,X6-Menu-Menu-null,X3-nationality-nationality-the, X1-subj-X2,X3-of-X4,X5-has_name-Still,X3-of-X5,X6-has_name-Menu,X3-with-X6,X1-obj-X3, X1-be-is-null,X2-which-Which-null,X4-creator-creator-the,X5-Still Life-Still Life-null,X6-Menu-Menu-null,X3-nationality-nationality-the, X1-subj-X2,X3-of-X4,X3-of-X5,X6-has_name-Menu,X3-with-X6,X1-obj-X3, X1-be-is-null,X2-which-Which-null,X5-life-Life-null,X4-creator-creator-the,X6-Menu-Menu-null,X3-nationality-nationality-the, X1-subj-X2,X5-still-true,X4-of-X5,X3-of-X4,X6-has_name-Menu,X3-with-X6,X1-obj-X3, X1-be-is-null,X2-which-Which-null,X5-life-Life-null,X4-creator-creator-the,X6-Menu-Menu-null,X3-nationality-nationality-the, X1-subj-X2,X5-has_name-Still,X4-of-X5,X3-of-X4,X6-has_name-Menu,X3-with-X6,X1-obj-X3, X1-be-is-null,X2-which-Which-null,X5-Still Life-Still Life-null,X4-creator-creator-the,X6-Menu-Menu-null,X3-nationality-nationality-the, X1-subj-X2,X4-of-X5,X3-of-X4,X6-has_name-Menu,X3-with-X6,X1-obj-X3,",Incorrect partial DRS,null,null
373,Which is the nationality of the creator of Stories from the Bible?," X1-be-is-null,X2-which-Which-null,X6-Bible-Bible-the,X5-story-Stories-null,X4-creator-creator-the,X3-nationality-nationality-the, X1-subj-X2,X6-has_name-Bible,X5-from-X6,X5-has_name-story,X4-of-X5,X3-of-X4,X1-obj-X3, X1-be-is-null,X2-which-Which-null,X3-nationality-nationality-the,X6-Bible-Bible-the,X5-story-Stories-null,X4-creator-creator-the, X1-subj-X2,X1-obj-X3,X6-has_name-Bible,X5-from-X6,X5-has_name-story,X4-of-X5,X1-obl_of-X4, X1-be-is-null,X2-which-Which-null,X3-nationality-nationality-the,X4-creator-creator-the,X6-Bible-Bible-the,X5-story-Stories-null, X1-subj-X2,X1-obj-X3,X1-obl_of-X4,X6-has_name-Bible,X5-from-X6,X5-has_name-story,X1-obl_of-X5, X1-be-is-null,X2-which-Which-null,X3-nationality-nationality-the,X4-creator-creator-the,X5-story-Stories-null,X6-Bible-Bible-the, X1-subj-X2,X1-obj-X3,X1-obl_of-X4,X5-has_name-story,X1-obl_of-X5,X6-has_name-Bible,X1-obl_from-X6, X1-be-is-null,X2-which-Which-null,X3-nationality-nationality-the,X5-story-Stories-null,X6-Bible-Bible-the,X4-creator-creator-the, X1-subj-X2,X1-obj-X3,X5-has_name-story,X4-of-X5,X6-has_name-Bible,X4-from-X6,X1-obl_of-X4, X1-be-is-null,X2-which-Which-null,X4-creator-creator-the,X6-Bible-Bible-the,X5-story-Stories-null,X3-nationality-nationality-the, X1-subj-X2,X3-of-X4,X6-has_name-Bible,X5-from-X6,X5-has_name-story,X3-of-X5,X1-obj-X3, X1-be-is-null,X2-which-Which-null,X5-Bible-Bible-the,X4-story-Stories-null,X3-nationality-nationality-the,X6-creator-creator-the, X1-subj-X2,X5-has_name-Bible,X4-from-X5,X4-has_name-story,X3-of-X4,X1-obj-X3,X1-obl_of-X6, X1-be-is-null,X2-which-Which-null,X4-creator-creator-the,X3-nationality-nationality-the,X6-Bible-Bible-the,X5-story-Stories-null, X1-subj-X2,X3-of-X4,X1-obj-X3,X6-has_name-Bible,X5-from-X6,X5-has_name-story,X1-obl_of-X5, X1-be-is-null,X2-which-Which-null,X4-creator-creator-the,X5-story-Stories-null,X6-Bible-Bible-the,X3-nationality-nationality-the, X1-subj-X2,X3-of-X4,X5-has_name-story,X3-of-X5,X6-has_name-Bible,X3-from-X6,X1-obj-X3, X1-be-is-null,X2-which-Which-null,X5-story-Stories-null,X6-Bible-Bible-the,X4-creator-creator-the,X3-nationality-nationality-the, X1-subj-X2,X5-has_name-story,X4-of-X5,X6-has_name-Bible,X4-from-X6,X3-of-X4,X1-obj-X3,",Incorrect partial DRS,null,null
374,Which is the nationality of the creator of Street in Joliet?," X1-be-is-null,X2-which-Which-null,X5-Street-Street-null,X6-Joliet-Joliet-null,X4-creator-creator-the,X3-nationality-nationality-the, X1-subj-X2,X5-has_name-Street,X4-of-X5,X6-has_name-Joliet,X4-in-X6,X3-of-X4,X1-obj-X3, X1-be-is-null,X2-which-Which-null,X3-nationality-nationality-the,X5-Street-Street-null,X6-Joliet-Joliet-null,X4-creator-creator-the, X1-subj-X2,X1-obj-X3,X5-has_name-Street,X4-of-X5,X6-has_name-Joliet,X4-in-X6,X1-obl_of-X4, X1-be-is-null,X2-which-Which-null,X3-nationality-nationality-the,X5-Joliet-Joliet-null,X4-creator-creator-the,X6-Street-Street-null, X1-subj-X2,X1-obj-X3,X5-has_name-Joliet,X4-in-X5,X1-obl_of-X4,X6-has_name-Street,X1-obl_of-X6, X1-be-is-null,X2-which-Which-null,X3-nationality-nationality-the,X4-creator-creator-the,X5-Street-Street-null,X6-Joliet-Joliet-null, X1-subj-X2,X1-obj-X3,X1-obl_of-X4,X5-has_name-Street,X1-obl_of-X5,X6-has_name-Joliet,X1-obl_in-X6, X1-be-is-null,X2-which-Which-null,X3-nationality-nationality-the,X5-Street-Street-null,X4-creator-creator-the,X6-Joliet-Joliet-null, X1-subj-X2,X1-obj-X3,X5-has_name-Street,X4-of-X5,X1-obl_of-X4,X6-has_name-Joliet,X1-obl_in-X6, X1-be-is-null,X2-which-Which-null,X5-Joliet-Joliet-null,X4-creator-creator-the,X6-Street-Street-null,X3-nationality-nationality-the, X1-subj-X2,X5-has_name-Joliet,X4-in-X5,X3-of-X4,X6-has_name-Street,X3-of-X6,X1-obj-X3, X1-be-is-null,X2-which-Which-null,X4-Street-Street-null,X3-nationality-nationality-the,X6-Joliet-Joliet-null,X5-creator-creator-the, X1-subj-X2,X4-has_name-Street,X3-of-X4,X1-obj-X3,X6-has_name-Joliet,X5-in-X6,X1-obl_of-X5, X1-be-is-null,X2-which-Which-null,X5-Joliet-Joliet-null,X4-creator-creator-the,X3-nationality-nationality-the,X6-Street-Street-null, X1-subj-X2,X5-has_name-Joliet,X4-in-X5,X3-of-X4,X1-obj-X3,X6-has_name-Street,X1-obl_of-X6, X1-be-is-null,X2-which-Which-null,X4-creator-creator-the,X5-Street-Street-null,X6-Joliet-Joliet-null,X3-nationality-nationality-the, X1-subj-X2,X3-of-X4,X5-has_name-Street,X3-of-X5,X6-has_name-Joliet,X3-in-X6,X1-obj-X3, X1-be-is-null,X2-which-Which-null,X5-Street-Street-null,X4-creator-creator-the,X6-Joliet-Joliet-null,X3-nationality-nationality-the, X1-subj-X2,X5-has_name-Street,X4-of-X5,X3-of-X4,X6-has_name-Joliet,X3-in-X6,X1-obj-X3,",Incorrect partial DRS,null,null
375,Which is the nationality of the creator of Study for Gargoyle in Flames?," X1-be-is-null,X2-which-Which-null,X7-Flames-Flames-null,X6-Gargoyle-Gargoyle-null,X5-Study-Study-null,X4-creator-creator-the,X3-nationality-nationality-the, X1-subj-X2,X7-has_name-Flames,X6-in-X7,X6-has_name-Gargoyle,X5-for-X6,X5-has_name-Study,X4-of-X5,X3-of-X4,X1-obj-X3, X1-be-is-null,X2-which-Which-null,X3-nationality-nationality-the,X7-Flames-Flames-null,X6-Gargoyle-Gargoyle-null,X5-Study-Study-null,X4-creator-creator-the, X1-subj-X2,X1-obj-X3,X7-has_name-Flames,X6-in-X7,X6-has_name-Gargoyle,X5-for-X6,X5-has_name-Study,X4-of-X5,X1-obl_of-X4, X1-be-is-null,X2-which-Which-null,X3-nationality-nationality-the,X4-creator-creator-the,X7-Flames-Flames-null,X6-Gargoyle-Gargoyle-null,X5-Study-Study-null, X1-subj-X2,X1-obj-X3,X1-obl_of-X4,X7-has_name-Flames,X6-in-X7,X6-has_name-Gargoyle,X5-for-X6,X5-has_name-Study,X1-obl_of-X5, X1-be-is-null,X2-which-Which-null,X3-nationality-nationality-the,X4-creator-creator-the,X5-Study-Study-null,X7-Flames-Flames-null,X6-Gargoyle-Gargoyle-null, X1-subj-X2,X1-obj-X3,X1-obl_of-X4,X5-has_name-Study,X1-obl_of-X5,X7-has_name-Flames,X6-in-X7,X6-has_name-Gargoyle,X1-obl_for-X6, X1-be-is-null,X2-which-Which-null,X3-nationality-nationality-the,X4-creator-creator-the,X6-Gargoyle-Gargoyle-null,X7-Flames-Flames-null,X5-Study-Study-null, X1-subj-X2,X1-obj-X3,X1-obl_of-X4,X6-has_name-Gargoyle,X5-for-X6,X7-has_name-Flames,X5-in-X7,X5-has_name-Study,X1-obl_of-X5, X1-be-is-null,X2-which-Which-null,X3-nationality-nationality-the,X5-Study-Study-null,X7-Flames-Flames-null,X6-Gargoyle-Gargoyle-null,X4-creator-creator-the, X1-subj-X2,X1-obj-X3,X5-has_name-Study,X4-of-X5,X7-has_name-Flames,X6-in-X7,X6-has_name-Gargoyle,X4-for-X6,X1-obl_of-X4, X1-be-is-null,X2-which-Which-null,X3-nationality-nationality-the,X6-Gargoyle-Gargoyle-null,X7-Flames-Flames-null,X5-Study-Study-null,X4-creator-creator-the, X1-subj-X2,X1-obj-X3,X6-has_name-Gargoyle,X5-for-X6,X7-has_name-Flames,X5-in-X7,X5-has_name-Study,X4-of-X5,X1-obl_of-X4, X1-be-is-null,X2-which-Which-null,X4-creator-creator-the,X7-Flames-Flames-null,X6-Gargoyle-Gargoyle-null,X5-Study-Study-null,X3-nationality-nationality-the, X1-subj-X2,X3-of-X4,X7-has_name-Flames,X6-in-X7,X6-has_name-Gargoyle,X5-for-X6,X5-has_name-Study,X3-of-X5,X1-obj-X3, X1-be-is-null,X2-which-Which-null,X6-Flames-Flames-null,X5-Gargoyle-Gargoyle-null,X4-Study-Study-null,X3-nationality-nationality-the,X7-creator-creator-the, X1-subj-X2,X6-has_name-Flames,X5-in-X6,X5-has_name-Gargoyle,X4-for-X5,X4-has_name-Study,X3-of-X4,X1-obj-X3,X1-obl_of-X7, X1-be-is-null,X2-which-Which-null,X4-creator-creator-the,X3-nationality-nationality-the,X7-Flames-Flames-null,X6-Gargoyle-Gargoyle-null,X5-Study-Study-null, X1-subj-X2,X3-of-X4,X1-obj-X3,X7-has_name-Flames,X6-in-X7,X6-has_name-Gargoyle,X5-for-X6,X5-has_name-Study,X1-obl_of-X5, X1-be-is-null,X2-which-Which-null,X4-creator-creator-the,X5-Study-Study-null,X7-Flames-Flames-null,X6-Gargoyle-Gargoyle-null,X3-nationality-nationality-the, X1-subj-X2,X3-of-X4,X5-has_name-Study,X3-of-X5,X7-has_name-Flames,X6-in-X7,X6-has_name-Gargoyle,X3-for-X6,X1-obj-X3, X1-be-is-null,X2-which-Which-null,X4-creator-creator-the,X6-Gargoyle-Gargoyle-null,X7-Flames-Flames-null,X5-Study-Study-null,X3-nationality-nationality-the, X1-subj-X2,X3-of-X4,X6-has_name-Gargoyle,X5-for-X6,X7-has_name-Flames,X5-in-X7,X5-has_name-Study,X3-of-X5,X1-obj-X3, X1-be-is-null,X2-which-Which-null,X5-Study-Study-null,X7-Flames-Flames-null,X6-Gargoyle-Gargoyle-null,X4-creator-creator-the,X3-nationality-nationality-the, X1-subj-X2,X5-has_name-Study,X4-of-X5,X7-has_name-Flames,X6-in-X7,X6-has_name-Gargoyle,X4-for-X6,X3-of-X4,X1-obj-X3, X1-be-is-null,X2-which-Which-null,X6-Gargoyle-Gargoyle-null,X7-Flames-Flames-null,X5-Study-Study-null,X4-creator-creator-the,X3-nationality-nationality-the, X1-subj-X2,X6-has_name-Gargoyle,X5-for-X6,X7-has_name-Flames,X5-in-X7,X5-has_name-Study,X4-of-X5,X3-of-X4,X1-obj-X3,",Incorrect partial DRS,null,null
376,Which is the nationality of the creator of Study for Lobby Mural?," X1-be-is-null,X2-which-Which-null,X6-Lobby Mural-Lobby Mural-null,X5-Study-Study-null,X4-creator-creator-the,X3-nationality-nationality-the, X1-subj-X2,X6-has_name-Lobby Mural,X5-for-X6,X5-has_name-Study,X4-of-X5,X3-of-X4,X1-obj-X3, X1-be-is-null,X2-which-Which-null,X3-nationality-nationality-the,X6-Lobby Mural-Lobby Mural-null,X5-Study-Study-null,X4-creator-creator-the, X1-subj-X2,X1-obj-X3,X6-has_name-Lobby Mural,X5-for-X6,X5-has_name-Study,X4-of-X5,X1-obl_of-X4, X1-be-is-null,X2-which-Which-null,X3-nationality-nationality-the,X4-creator-creator-the,X6-Lobby Mural-Lobby Mural-null,X5-Study-Study-null, X1-subj-X2,X1-obj-X3,X1-obl_of-X4,X6-has_name-Lobby Mural,X5-for-X6,X5-has_name-Study,X1-obl_of-X5, X1-be-is-null,X2-which-Which-null,X3-nationality-nationality-the,X4-creator-creator-the,X5-Study-Study-null,X6-Lobby Mural-Lobby Mural-null, X1-subj-X2,X1-obj-X3,X1-obl_of-X4,X5-has_name-Study,X1-obl_of-X5,X6-has_name-Lobby Mural,X1-obl_for-X6, X1-be-is-null,X2-which-Which-null,X3-nationality-nationality-the,X5-Study-Study-null,X6-Lobby Mural-Lobby Mural-null,X4-creator-creator-the, X1-subj-X2,X1-obj-X3,X5-has_name-Study,X4-of-X5,X6-has_name-Lobby Mural,X4-for-X6,X1-obl_of-X4, X1-be-is-null,X2-which-Which-null,X4-creator-creator-the,X6-Lobby Mural-Lobby Mural-null,X5-Study-Study-null,X3-nationality-nationality-the, X1-subj-X2,X3-of-X4,X6-has_name-Lobby Mural,X5-for-X6,X5-has_name-Study,X3-of-X5,X1-obj-X3, X1-be-is-null,X2-which-Which-null,X5-Lobby Mural-Lobby Mural-null,X4-Study-Study-null,X3-nationality-nationality-the,X6-creator-creator-the, X1-subj-X2,X5-has_name-Lobby Mural,X4-for-X5,X4-has_name-Study,X3-of-X4,X1-obj-X3,X1-obl_of-X6, X1-be-is-null,X2-which-Which-null,X4-creator-creator-the,X3-nationality-nationality-the,X6-Lobby Mural-Lobby Mural-null,X5-Study-Study-null, X1-subj-X2,X3-of-X4,X1-obj-X3,X6-has_name-Lobby Mural,X5-for-X6,X5-has_name-Study,X1-obl_of-X5, X1-be-is-null,X2-which-Which-null,X4-creator-creator-the,X5-Study-Study-null,X6-Lobby Mural-Lobby Mural-null,X3-nationality-nationality-the, X1-subj-X2,X3-of-X4,X5-has_name-Study,X3-of-X5,X6-has_name-Lobby Mural,X3-for-X6,X1-obj-X3, X1-be-is-null,X2-which-Which-null,X5-Study-Study-null,X6-Lobby Mural-Lobby Mural-null,X4-creator-creator-the,X3-nationality-nationality-the, X1-subj-X2,X5-has_name-Study,X4-of-X5,X6-has_name-Lobby Mural,X4-for-X6,X3-of-X4,X1-obj-X3,",Incorrect partial DRS,null,null
377,Which is the nationality of the creator of Study in Auburn?," X1-be-is-null,X2-which-Which-null,X6-Auburn-Auburn-null,X5-Study-Study-null,X4-creator-creator-the,X3-nationality-nationality-the, X1-subj-X2,X6-has_name-Auburn,X5-in-X6,X5-has_name-Study,X4-of-X5,X3-of-X4,X1-obj-X3, X1-be-is-null,X2-which-Which-null,X3-nationality-nationality-the,X6-Auburn-Auburn-null,X5-Study-Study-null,X4-creator-creator-the, X1-subj-X2,X1-obj-X3,X6-has_name-Auburn,X5-in-X6,X5-has_name-Study,X4-of-X5,X1-obl_of-X4, X1-be-is-null,X2-which-Which-null,X3-nationality-nationality-the,X4-creator-creator-the,X6-Auburn-Auburn-null,X5-Study-Study-null, X1-subj-X2,X1-obj-X3,X1-obl_of-X4,X6-has_name-Auburn,X5-in-X6,X5-has_name-Study,X1-obl_of-X5, X1-be-is-null,X2-which-Which-null,X3-nationality-nationality-the,X4-creator-creator-the,X5-Study-Study-null,X6-Auburn-Auburn-null, X1-subj-X2,X1-obj-X3,X1-obl_of-X4,X5-has_name-Study,X1-obl_of-X5,X6-has_name-Auburn,X1-obl_in-X6, X1-be-is-null,X2-which-Which-null,X3-nationality-nationality-the,X5-Study-Study-null,X6-Auburn-Auburn-null,X4-creator-creator-the, X1-subj-X2,X1-obj-X3,X5-has_name-Study,X4-of-X5,X6-has_name-Auburn,X4-in-X6,X1-obl_of-X4, X1-be-is-null,X2-which-Which-null,X4-creator-creator-the,X6-Auburn-Auburn-null,X5-Study-Study-null,X3-nationality-nationality-the, X1-subj-X2,X3-of-X4,X6-has_name-Auburn,X5-in-X6,X5-has_name-Study,X3-of-X5,X1-obj-X3, X1-be-is-null,X2-which-Which-null,X5-Auburn-Auburn-null,X4-Study-Study-null,X3-nationality-nationality-the,X6-creator-creator-the, X1-subj-X2,X5-has_name-Auburn,X4-in-X5,X4-has_name-Study,X3-of-X4,X1-obj-X3,X1-obl_of-X6, X1-be-is-null,X2-which-Which-null,X4-creator-creator-the,X3-nationality-nationality-the,X6-Auburn-Auburn-null,X5-Study-Study-null, X1-subj-X2,X3-of-X4,X1-obj-X3,X6-has_name-Auburn,X5-in-X6,X5-has_name-Study,X1-obl_of-X5, X1-be-is-null,X2-which-Which-null,X4-creator-creator-the,X5-Study-Study-null,X6-Auburn-Auburn-null,X3-nationality-nationality-the, X1-subj-X2,X3-of-X4,X5-has_name-Study,X3-of-X5,X6-has_name-Auburn,X3-in-X6,X1-obj-X3, X1-be-is-null,X2-which-Which-null,X5-Study-Study-null,X6-Auburn-Auburn-null,X4-creator-creator-the,X3-nationality-nationality-the, X1-subj-X2,X5-has_name-Study,X4-of-X5,X6-has_name-Auburn,X4-in-X6,X3-of-X4,X1-obj-X3,",Incorrect partial DRS,null,null
378,Which is the nationality of the creator of Subway Bootblack?," X1-be-is-null,X2-which-Which-null,X5-Subway Bootblack-Subway Bootblack-null,X4-creator-creator-the,X3-nationality-nationality-the, X1-subj-X2,X5-has_name-Subway Bootblack,X4-of-X5,X3-of-X4,X1-obj-X3, X1-be-is-null,X2-which-Which-null,X3-nationality-nationality-the,X5-Subway Bootblack-Subway Bootblack-null,X4-creator-creator-the, X1-subj-X2,X1-obj-X3,X5-has_name-Subway Bootblack,X4-of-X5,X1-obl_of-X4, X1-be-is-null,X2-which-Which-null,X3-nationality-nationality-the,X4-creator-creator-the,X5-Subway Bootblack-Subway Bootblack-null, X1-subj-X2,X1-obj-X3,X1-obl_of-X4,X5-has_name-Subway Bootblack,X1-obl_of-X5, X1-be-is-null,X2-which-Which-null,X4-creator-creator-the,X5-Subway Bootblack-Subway Bootblack-null,X3-nationality-nationality-the, X1-subj-X2,X3-of-X4,X5-has_name-Subway Bootblack,X3-of-X5,X1-obj-X3, X1-be-is-null,X2-which-Which-null,X4-Subway Bootblack-Subway Bootblack-null,X3-nationality-nationality-the,X5-creator-creator-the, X1-subj-X2,X4-has_name-Subway Bootblack,X3-of-X4,X1-obj-X3,X1-obl_of-X5, X1-be-is-null,X2-which-Which-null,X4-creator-creator-the,X3-nationality-nationality-the,X5-Subway Bootblack-Subway Bootblack-null, X1-subj-X2,X3-of-X4,X1-obj-X3,X5-has_name-Subway Bootblack,X1-obl_of-X5,","Drs [
 tokens=[],
 dEntities=[
DEntity(X1, be, is, VERB, null, false, Query1, Query), 
DEntity(X2, which, Which, PRON, null, false, Qualifier2, Qualifier), 
DEntity(X5, Subway Bootblack, Subway Bootblack, PROPN, null, false, Artefact3, Artefact), 
DEntity(X4, creator, creator, NOUN, the, false, Artist4, Artist), 
DEntity(X3, nationality, nationality, NOUN, the, false, ConceptArtist5, ConceptArtist)],
 dConditions=[
DCondition(X1, subj, X2, propriedades= [qQualifier] --- []), 
DCondition(X5, has_name, Subway Bootblack, propriedades= [] --- [has_name, has_text, who]), 
DCondition(X4, of, X5, propriedades= [author_of] --- []), 
DCondition(X3, of, X4, propriedades= [conc_of_Artist] --- []), 
DCondition(X1, obj, X3, propriedades= [select] --- []), 
DCondition(X1, has_text, be, propriedades= [] --- [has_name, has_text, who]), 
DCondition(X2, has_text, which, propriedades= [] --- [has_name, has_text, who]), 
DCondition(X5, has_text, Subway Bootblack, propriedades= [] --- [has_name, has_text, who]), 
DCondition(X4, has_text, creator, propriedades= [] --- [has_name, has_text, who]), 
DCondition(X3, has_text, nationality, propriedades= [] --- [has_name, has_text, who]), 
DCondition(X2, has_name, null list, propriedades= [] --- [has_name, has_text, who]), 
DCondition(X1, obj, X2, propriedades= [qQualifier] --- [])]
 solu��es = []
 numeroFrase = 0
 numHasNames = 2
 numIndividuals = 5
 numEntitiesOk = 10
 numIsClass = 0
 numPropsOk = 5
 numEntitiesNOk = 0
 numClassesOk = 4]"," PREFIX rdf: <http://www.w3.org/1999/02/22-rdf-syntax-ns#> PREFIX xsd: <http://www.w3.org/2001/XMLSchema#> PREFIX rdfs: <http://www.w3.org/2000/01/rdf-schema#> PREFIX cidoc: <http://www.cidoc-crm.org/cidoc-crm/> SELECT  DISTINCT  ?snameConceptArtist5 ?ConceptArtist5 ?snameArtefact3 ?Artefact3 WHERE { {{?Artefact3 cidoc:P131_is_identified_by ?nameArtefact3 . ?nameArtefact3 rdf:value ?snameArtefact3 .}  UNION {?Artefact3 rdfs:label ?snameArtefact3 .}}  filter(regex(?snameArtefact3,""Subway Bootblack"",""i"")) . ?prod cidoc:P14_carried_out_by ?Artist4 . ?Artefact3 cidoc:P108i_was_produced_by ?prod . ?Artist4 rdfs:label ?snameArtist4 . ?Artist4 cidoc:P107i_is_current_or_former_member_of ?ConceptArtist5. ?ConceptArtist5 rdfs:label ?snameConceptArtist5. }",true
379,"Which is the nationality of the creator of Sulphur Mt., Yellowstone?"," X1-be-is-null,X2-which-Which-null,X5-sulphur Mt.-Sulphur Mt.-null,X4-creator-creator-the,X3-nationality-nationality-the, X1-subj-X2,X5-has_name-Yellowstone,X5-has_name-sulphur Mt.,X4-of-X5,X3-of-X4,X1-obj-X3, X1-be-is-null,X2-which-Which-null,X3-nationality-nationality-the,X5-sulphur Mt.-Sulphur Mt.-null,X4-creator-creator-the, X1-subj-X2,X1-obj-X3,X5-has_name-Yellowstone,X5-has_name-sulphur Mt.,X4-of-X5,X1-obl_of-X4, X1-be-is-null,X2-which-Which-null,X3-nationality-nationality-the,X4-creator-creator-the,X5-sulphur Mt.-Sulphur Mt.-null, X1-subj-X2,X1-obj-X3,X1-obl_of-X4,X5-has_name-Yellowstone,X5-has_name-sulphur Mt.,X1-obl_of-X5, X1-be-is-null,X2-which-Which-null,X4-creator-creator-the,X5-sulphur Mt.-Sulphur Mt.-null,X3-nationality-nationality-the, X1-subj-X2,X3-of-X4,X5-has_name-Yellowstone,X5-has_name-sulphur Mt.,X3-of-X5,X1-obj-X3, X1-be-is-null,X2-which-Which-null,X4-sulphur Mt.-Sulphur Mt.-null,X3-nationality-nationality-the,X5-creator-creator-the, X1-subj-X2,X4-has_name-Yellowstone,X4-has_name-sulphur Mt.,X3-of-X4,X1-obj-X3,X1-obl_of-X5, X1-be-is-null,X2-which-Which-null,X4-creator-creator-the,X3-nationality-nationality-the,X5-sulphur Mt.-Sulphur Mt.-null, X1-subj-X2,X3-of-X4,X1-obj-X3,X5-has_name-Yellowstone,X5-has_name-sulphur Mt.,X1-obl_of-X5,","Drs [
 tokens=[],
 dEntities=[
DEntity(X1, be, is, VERB, null, false, Query1, Query), 
DEntity(X2, which, Which, PRON, null, false, Qualifier2, Qualifier), 
DEntity(X5, sulphur Mt., Sulphur Mt., PROPN, null, false, Artefact3, Artefact), 
DEntity(X4, creator, creator, NOUN, the, false, Artist4, Artist), 
DEntity(X3, nationality, nationality, NOUN, the, false, ConceptArtist5, ConceptArtist)],
 dConditions=[
DCondition(X1, subj, X2, propriedades= [qQualifier] --- []), 
DCondition(X5, has_name, Yellowstone, propriedades= [] --- [has_name, has_text, who]), 
DCondition(X5, has_name, sulphur Mt., propriedades= [] --- [has_name, has_text, who]), 
DCondition(X4, of, X5, propriedades= [author_of] --- []), 
DCondition(X3, of, X4, propriedades= [conc_of_Artist] --- []), 
DCondition(X1, obj, X3, propriedades= [select] --- []), 
DCondition(X1, has_text, be, propriedades= [] --- [has_name, has_text, who]), 
DCondition(X2, has_text, which, propriedades= [] --- [has_name, has_text, who]), 
DCondition(X5, has_text, sulphur Mt., propriedades= [] --- [has_name, has_text, who]), 
DCondition(X4, has_text, creator, propriedades= [] --- [has_name, has_text, who]), 
DCondition(X3, has_text, nationality, propriedades= [] --- [has_name, has_text, who]), 
DCondition(X2, has_name, null list, propriedades= [] --- [has_name, has_text, who]), 
DCondition(X1, obj, X2, propriedades= [qQualifier] --- [])]
 solu��es = []
 numeroFrase = 0
 numHasNames = 3
 numIndividuals = 5
 numEntitiesOk = 10
 numIsClass = 0
 numPropsOk = 5
 numEntitiesNOk = 0
 numClassesOk = 4]"," PREFIX rdf: <http://www.w3.org/1999/02/22-rdf-syntax-ns#> PREFIX xsd: <http://www.w3.org/2001/XMLSchema#> PREFIX rdfs: <http://www.w3.org/2000/01/rdf-schema#> PREFIX cidoc: <http://www.cidoc-crm.org/cidoc-crm/> SELECT  DISTINCT  ?snameConceptArtist5 ?ConceptArtist5 ?snameArtefact3 ?Artefact3 WHERE { {{?Artefact3 cidoc:P131_is_identified_by ?nameArtefact3 . ?nameArtefact3 rdf:value ?snameArtefact3 .}  UNION {?Artefact3 rdfs:label ?snameArtefact3 .}}  filter(regex(?snameArtefact3,""sulphur Mt\\."",""i"")) . {{?Artefact3 cidoc:P131_is_identified_by ?nameArtefact3 . ?nameArtefact3 rdf:value ?snameArtefact3 .}  UNION {?Artefact3 rdfs:label ?snameArtefact3 .}}  filter(regex(?snameArtefact3,""Yellowstone"",""i"")) . ?prod cidoc:P14_carried_out_by ?Artist4 . ?Artefact3 cidoc:P108i_was_produced_by ?prod . ?Artist4 rdfs:label ?snameArtist4 . ?Artist4 cidoc:P107i_is_current_or_former_member_of ?ConceptArtist5. ?ConceptArtist5 rdfs:label ?snameConceptArtist5. }",true
380,Which is the nationality of the creator of Sun Flowers?," X1-be-is-null,X2-which-Which-null,X5-Sun Flower-Sun Flowers-null,X4-creator-creator-the,X3-nationality-nationality-the, X1-subj-X2,X5-has_name-Sun Flower,X4-of-X5,X3-of-X4,X1-obj-X3, X1-be-is-null,X2-which-Which-null,X3-nationality-nationality-the,X5-Sun Flower-Sun Flowers-null,X4-creator-creator-the, X1-subj-X2,X1-obj-X3,X5-has_name-Sun Flower,X4-of-X5,X1-obl_of-X4, X1-be-is-null,X2-which-Which-null,X3-nationality-nationality-the,X4-creator-creator-the,X5-Sun Flower-Sun Flowers-null, X1-subj-X2,X1-obj-X3,X1-obl_of-X4,X5-has_name-Sun Flower,X1-obl_of-X5, X1-be-is-null,X2-which-Which-null,X4-creator-creator-the,X5-Sun Flower-Sun Flowers-null,X3-nationality-nationality-the, X1-subj-X2,X3-of-X4,X5-has_name-Sun Flower,X3-of-X5,X1-obj-X3, X1-be-is-null,X2-which-Which-null,X4-Sun Flower-Sun Flowers-null,X3-nationality-nationality-the,X5-creator-creator-the, X1-subj-X2,X4-has_name-Sun Flower,X3-of-X4,X1-obj-X3,X1-obl_of-X5, X1-be-is-null,X2-which-Which-null,X4-creator-creator-the,X3-nationality-nationality-the,X5-Sun Flower-Sun Flowers-null, X1-subj-X2,X3-of-X4,X1-obj-X3,X5-has_name-Sun Flower,X1-obl_of-X5,","Drs [
 tokens=[],
 dEntities=[
DEntity(X1, be, is, VERB, null, false, Query1, Query), 
DEntity(X2, which, Which, PRON, null, false, Qualifier2, Qualifier), 
DEntity(X5, Sun Flower, Sun Flowers, PROPN, null, false, Artefact3, Artefact), 
DEntity(X4, creator, creator, NOUN, the, false, Artist4, Artist), 
DEntity(X3, nationality, nationality, NOUN, the, false, ConceptArtist5, ConceptArtist)],
 dConditions=[
DCondition(X1, subj, X2, propriedades= [qQualifier] --- []), 
DCondition(X5, has_name, Sun Flower, propriedades= [] --- [has_name, has_text, who]), 
DCondition(X4, of, X5, propriedades= [author_of] --- []), 
DCondition(X3, of, X4, propriedades= [conc_of_Artist] --- []), 
DCondition(X1, obj, X3, propriedades= [select] --- []), 
DCondition(X1, has_text, be, propriedades= [] --- [has_name, has_text, who]), 
DCondition(X2, has_text, which, propriedades= [] --- [has_name, has_text, who]), 
DCondition(X5, has_text, Sun Flower, propriedades= [] --- [has_name, has_text, who]), 
DCondition(X4, has_text, creator, propriedades= [] --- [has_name, has_text, who]), 
DCondition(X3, has_text, nationality, propriedades= [] --- [has_name, has_text, who]), 
DCondition(X2, has_name, null list, propriedades= [] --- [has_name, has_text, who]), 
DCondition(X1, obj, X2, propriedades= [qQualifier] --- [])]
 solu��es = []
 numeroFrase = 0
 numHasNames = 2
 numIndividuals = 5
 numEntitiesOk = 10
 numIsClass = 0
 numPropsOk = 5
 numEntitiesNOk = 0
 numClassesOk = 4]"," PREFIX rdf: <http://www.w3.org/1999/02/22-rdf-syntax-ns#> PREFIX xsd: <http://www.w3.org/2001/XMLSchema#> PREFIX rdfs: <http://www.w3.org/2000/01/rdf-schema#> PREFIX cidoc: <http://www.cidoc-crm.org/cidoc-crm/> SELECT  DISTINCT  ?snameConceptArtist5 ?ConceptArtist5 ?snameArtefact3 ?Artefact3 WHERE { {{?Artefact3 cidoc:P131_is_identified_by ?nameArtefact3 . ?nameArtefact3 rdf:value ?snameArtefact3 .}  UNION {?Artefact3 rdfs:label ?snameArtefact3 .}}  filter(regex(?snameArtefact3,""Sun Flower"",""i"")) . ?prod cidoc:P14_carried_out_by ?Artist4 . ?Artefact3 cidoc:P108i_was_produced_by ?prod . ?Artist4 rdfs:label ?snameArtist4 . ?Artist4 cidoc:P107i_is_current_or_former_member_of ?ConceptArtist5. ?ConceptArtist5 rdfs:label ?snameConceptArtist5. }",true
381,Which is the nationality of the creator of Sun Ra?," X1-be-is-null,X2-which-Which-null,X5-Sun Ra-Sun Ra-null,X4-creator-creator-the,X3-nationality-nationality-the, X1-subj-X2,X5-has_name-Sun Ra,X4-of-X5,X3-of-X4,X1-obj-X3, X1-be-is-null,X2-which-Which-null,X3-nationality-nationality-the,X5-Sun Ra-Sun Ra-null,X4-creator-creator-the, X1-subj-X2,X1-obj-X3,X5-has_name-Sun Ra,X4-of-X5,X1-obl_of-X4, X1-be-is-null,X2-which-Which-null,X3-nationality-nationality-the,X4-creator-creator-the,X5-Sun Ra-Sun Ra-null, X1-subj-X2,X1-obj-X3,X1-obl_of-X4,X5-has_name-Sun Ra,X1-obl_of-X5, X1-be-is-null,X2-which-Which-null,X4-creator-creator-the,X5-Sun Ra-Sun Ra-null,X3-nationality-nationality-the, X1-subj-X2,X3-of-X4,X5-has_name-Sun Ra,X3-of-X5,X1-obj-X3, X1-be-is-null,X2-which-Which-null,X4-Sun Ra-Sun Ra-null,X3-nationality-nationality-the,X5-creator-creator-the, X1-subj-X2,X4-has_name-Sun Ra,X3-of-X4,X1-obj-X3,X1-obl_of-X5, X1-be-is-null,X2-which-Which-null,X4-creator-creator-the,X3-nationality-nationality-the,X5-Sun Ra-Sun Ra-null, X1-subj-X2,X3-of-X4,X1-obj-X3,X5-has_name-Sun Ra,X1-obl_of-X5,","Drs [
 tokens=[],
 dEntities=[
DEntity(X1, be, is, VERB, null, false, Query1, Query), 
DEntity(X2, which, Which, PRON, null, false, Qualifier2, Qualifier), 
DEntity(X5, Sun Ra, Sun Ra, PROPN, null, false, Artefact3, Artefact), 
DEntity(X4, creator, creator, NOUN, the, false, Artist4, Artist), 
DEntity(X3, nationality, nationality, NOUN, the, false, ConceptArtist5, ConceptArtist)],
 dConditions=[
DCondition(X1, subj, X2, propriedades= [qQualifier] --- []), 
DCondition(X5, has_name, Sun Ra, propriedades= [] --- [has_name, has_text, who]), 
DCondition(X4, of, X5, propriedades= [author_of] --- []), 
DCondition(X3, of, X4, propriedades= [conc_of_Artist] --- []), 
DCondition(X1, obj, X3, propriedades= [select] --- []), 
DCondition(X1, has_text, be, propriedades= [] --- [has_name, has_text, who]), 
DCondition(X2, has_text, which, propriedades= [] --- [has_name, has_text, who]), 
DCondition(X5, has_text, Sun Ra, propriedades= [] --- [has_name, has_text, who]), 
DCondition(X4, has_text, creator, propriedades= [] --- [has_name, has_text, who]), 
DCondition(X3, has_text, nationality, propriedades= [] --- [has_name, has_text, who]), 
DCondition(X2, has_name, null list, propriedades= [] --- [has_name, has_text, who]), 
DCondition(X1, obj, X2, propriedades= [qQualifier] --- [])]
 solu��es = []
 numeroFrase = 0
 numHasNames = 2
 numIndividuals = 5
 numEntitiesOk = 10
 numIsClass = 0
 numPropsOk = 5
 numEntitiesNOk = 0
 numClassesOk = 4]"," PREFIX rdf: <http://www.w3.org/1999/02/22-rdf-syntax-ns#> PREFIX xsd: <http://www.w3.org/2001/XMLSchema#> PREFIX rdfs: <http://www.w3.org/2000/01/rdf-schema#> PREFIX cidoc: <http://www.cidoc-crm.org/cidoc-crm/> SELECT  DISTINCT  ?snameConceptArtist5 ?ConceptArtist5 ?snameArtefact3 ?Artefact3 WHERE { {{?Artefact3 cidoc:P131_is_identified_by ?nameArtefact3 . ?nameArtefact3 rdf:value ?snameArtefact3 .}  UNION {?Artefact3 rdfs:label ?snameArtefact3 .}}  filter(regex(?snameArtefact3,""Sun Ra"",""i"")) . ?prod cidoc:P14_carried_out_by ?Artist4 . ?Artefact3 cidoc:P108i_was_produced_by ?prod . ?Artist4 rdfs:label ?snameArtist4 . ?Artist4 cidoc:P107i_is_current_or_former_member_of ?ConceptArtist5. ?ConceptArtist5 rdfs:label ?snameConceptArtist5. }",true
382,Which is the nationality of the creator of Sunday Dieterman?," X1-be-is-null,X2-which-Which-null,X5-Sunday Dieterman-Sunday Dieterman-null,X4-creator-creator-the,X3-nationality-nationality-the, X1-subj-X2,X5-has_name-Sunday Dieterman,X4-of-X5,X3-of-X4,X1-obj-X3, X1-be-is-null,X2-which-Which-null,X3-nationality-nationality-the,X5-Sunday Dieterman-Sunday Dieterman-null,X4-creator-creator-the, X1-subj-X2,X1-obj-X3,X5-has_name-Sunday Dieterman,X4-of-X5,X1-obl_of-X4, X1-be-is-null,X2-which-Which-null,X3-nationality-nationality-the,X4-creator-creator-the,X5-Sunday Dieterman-Sunday Dieterman-null, X1-subj-X2,X1-obj-X3,X1-obl_of-X4,X5-has_name-Sunday Dieterman,X1-obl_of-X5, X1-be-is-null,X2-which-Which-null,X4-creator-creator-the,X5-Sunday Dieterman-Sunday Dieterman-null,X3-nationality-nationality-the, X1-subj-X2,X3-of-X4,X5-has_name-Sunday Dieterman,X3-of-X5,X1-obj-X3, X1-be-is-null,X2-which-Which-null,X4-Sunday Dieterman-Sunday Dieterman-null,X3-nationality-nationality-the,X5-creator-creator-the, X1-subj-X2,X4-has_name-Sunday Dieterman,X3-of-X4,X1-obj-X3,X1-obl_of-X5, X1-be-is-null,X2-which-Which-null,X4-creator-creator-the,X3-nationality-nationality-the,X5-Sunday Dieterman-Sunday Dieterman-null, X1-subj-X2,X3-of-X4,X1-obj-X3,X5-has_name-Sunday Dieterman,X1-obl_of-X5,","Drs [
 tokens=[],
 dEntities=[
DEntity(X1, be, is, VERB, null, false, Query1, Query), 
DEntity(X2, which, Which, PRON, null, false, Qualifier2, Qualifier), 
DEntity(X5, Sunday Dieterman, Sunday Dieterman, PROPN, null, false, Artefact3, Artefact), 
DEntity(X4, creator, creator, NOUN, the, false, Artist4, Artist), 
DEntity(X3, nationality, nationality, NOUN, the, false, ConceptArtist5, ConceptArtist)],
 dConditions=[
DCondition(X1, subj, X2, propriedades= [qQualifier] --- []), 
DCondition(X5, has_name, Sunday Dieterman, propriedades= [] --- [has_name, has_text, who]), 
DCondition(X4, of, X5, propriedades= [author_of] --- []), 
DCondition(X3, of, X4, propriedades= [conc_of_Artist] --- []), 
DCondition(X1, obj, X3, propriedades= [select] --- []), 
DCondition(X1, has_text, be, propriedades= [] --- [has_name, has_text, who]), 
DCondition(X2, has_text, which, propriedades= [] --- [has_name, has_text, who]), 
DCondition(X5, has_text, Sunday Dieterman, propriedades= [] --- [has_name, has_text, who]), 
DCondition(X4, has_text, creator, propriedades= [] --- [has_name, has_text, who]), 
DCondition(X3, has_text, nationality, propriedades= [] --- [has_name, has_text, who]), 
DCondition(X2, has_name, null list, propriedades= [] --- [has_name, has_text, who]), 
DCondition(X1, obj, X2, propriedades= [qQualifier] --- [])]
 solu��es = []
 numeroFrase = 0
 numHasNames = 2
 numIndividuals = 5
 numEntitiesOk = 10
 numIsClass = 0
 numPropsOk = 5
 numEntitiesNOk = 0
 numClassesOk = 4]"," PREFIX rdf: <http://www.w3.org/1999/02/22-rdf-syntax-ns#> PREFIX xsd: <http://www.w3.org/2001/XMLSchema#> PREFIX rdfs: <http://www.w3.org/2000/01/rdf-schema#> PREFIX cidoc: <http://www.cidoc-crm.org/cidoc-crm/> SELECT  DISTINCT  ?snameConceptArtist5 ?ConceptArtist5 ?snameArtefact3 ?Artefact3 WHERE { {{?Artefact3 cidoc:P131_is_identified_by ?nameArtefact3 . ?nameArtefact3 rdf:value ?snameArtefact3 .}  UNION {?Artefact3 rdfs:label ?snameArtefact3 .}}  filter(regex(?snameArtefact3,""Sunday Dieterman"",""i"")) . ?prod cidoc:P14_carried_out_by ?Artist4 . ?Artefact3 cidoc:P108i_was_produced_by ?prod . ?Artist4 rdfs:label ?snameArtist4 . ?Artist4 cidoc:P107i_is_current_or_former_member_of ?ConceptArtist5. ?ConceptArtist5 rdfs:label ?snameConceptArtist5. }",true
383,Which is the nationality of the creator of Sunlight?," X1-be-is-null,X2-which-Which-null,X5-sunlight-Sunlight-null,X4-creator-creator-the,X3-nationality-nationality-the, X1-subj-X2,X5-has_name-sunlight,X4-of-X5,X3-of-X4,X1-obj-X3, X1-be-is-null,X2-which-Which-null,X3-nationality-nationality-the,X5-sunlight-Sunlight-null,X4-creator-creator-the, X1-subj-X2,X1-obj-X3,X5-has_name-sunlight,X4-of-X5,X1-obl_of-X4, X1-be-is-null,X2-which-Which-null,X3-nationality-nationality-the,X4-creator-creator-the,X5-sunlight-Sunlight-null, X1-subj-X2,X1-obj-X3,X1-obl_of-X4,X5-has_name-sunlight,X1-obl_of-X5, X1-be-is-null,X2-which-Which-null,X4-creator-creator-the,X5-sunlight-Sunlight-null,X3-nationality-nationality-the, X1-subj-X2,X3-of-X4,X5-has_name-sunlight,X3-of-X5,X1-obj-X3, X1-be-is-null,X2-which-Which-null,X4-sunlight-Sunlight-null,X3-nationality-nationality-the,X5-creator-creator-the, X1-subj-X2,X4-has_name-sunlight,X3-of-X4,X1-obj-X3,X1-obl_of-X5, X1-be-is-null,X2-which-Which-null,X4-creator-creator-the,X3-nationality-nationality-the,X5-sunlight-Sunlight-null, X1-subj-X2,X3-of-X4,X1-obj-X3,X5-has_name-sunlight,X1-obl_of-X5,","Drs [
 tokens=[],
 dEntities=[
DEntity(X1, be, is, VERB, null, false, Query1, Query), 
DEntity(X2, which, Which, PRON, null, false, Qualifier2, Qualifier), 
DEntity(X5, sunlight, Sunlight, PROPN, null, false, Artefact3, Artefact), 
DEntity(X4, creator, creator, NOUN, the, false, Artist4, Artist), 
DEntity(X3, nationality, nationality, NOUN, the, false, ConceptArtist5, ConceptArtist)],
 dConditions=[
DCondition(X1, subj, X2, propriedades= [qQualifier] --- []), 
DCondition(X5, has_name, sunlight, propriedades= [] --- [has_name, has_text, who]), 
DCondition(X4, of, X5, propriedades= [author_of] --- []), 
DCondition(X3, of, X4, propriedades= [conc_of_Artist] --- []), 
DCondition(X1, obj, X3, propriedades= [select] --- []), 
DCondition(X1, has_text, be, propriedades= [] --- [has_name, has_text, who]), 
DCondition(X2, has_text, which, propriedades= [] --- [has_name, has_text, who]), 
DCondition(X5, has_text, sunlight, propriedades= [] --- [has_name, has_text, who]), 
DCondition(X4, has_text, creator, propriedades= [] --- [has_name, has_text, who]), 
DCondition(X3, has_text, nationality, propriedades= [] --- [has_name, has_text, who]), 
DCondition(X2, has_name, null list, propriedades= [] --- [has_name, has_text, who]), 
DCondition(X1, obj, X2, propriedades= [qQualifier] --- [])]
 solu��es = []
 numeroFrase = 0
 numHasNames = 2
 numIndividuals = 5
 numEntitiesOk = 10
 numIsClass = 0
 numPropsOk = 5
 numEntitiesNOk = 0
 numClassesOk = 4]"," PREFIX rdf: <http://www.w3.org/1999/02/22-rdf-syntax-ns#> PREFIX xsd: <http://www.w3.org/2001/XMLSchema#> PREFIX rdfs: <http://www.w3.org/2000/01/rdf-schema#> PREFIX cidoc: <http://www.cidoc-crm.org/cidoc-crm/> SELECT  DISTINCT  ?snameConceptArtist5 ?ConceptArtist5 ?snameArtefact3 ?Artefact3 WHERE { {{?Artefact3 cidoc:P131_is_identified_by ?nameArtefact3 . ?nameArtefact3 rdf:value ?snameArtefact3 .}  UNION {?Artefact3 rdfs:label ?snameArtefact3 .}}  filter(regex(?snameArtefact3,""sunlight"",""i"")) . ?prod cidoc:P14_carried_out_by ?Artist4 . ?Artefact3 cidoc:P108i_was_produced_by ?prod . ?Artist4 rdfs:label ?snameArtist4 . ?Artist4 cidoc:P107i_is_current_or_former_member_of ?ConceptArtist5. ?ConceptArtist5 rdfs:label ?snameConceptArtist5. }",true
384,Which is the nationality of the creator of Sunny Slopes?," X1-be-is-null,X2-which-Which-null,X5-Slopes-Slopes-null,X4-creator-creator-the,X3-nationality-nationality-the, X1-subj-X2,X5-sunny-true,X5-has_name-Slopes,X4-of-X5,X3-of-X4,X1-obj-X3, X1-be-is-null,X2-which-Which-null,X5-Slopes-Slopes-null,X4-creator-creator-the,X3-nationality-nationality-the, X1-subj-X2,X5-has_name-Sunny,X5-has_name-Slopes,X4-of-X5,X3-of-X4,X1-obj-X3, X1-be-is-null,X2-which-Which-null,X5-Sunny Slopes-Sunny Slopes-null,X4-creator-creator-the,X3-nationality-nationality-the, X1-subj-X2,X5-has_name-Sunny Slopes,X4-of-X5,X3-of-X4,X1-obj-X3, X1-be-is-null,X2-which-Which-null,X3-nationality-nationality-the,X5-Slopes-Slopes-null,X4-creator-creator-the, X1-subj-X2,X1-obj-X3,X5-sunny-true,X5-has_name-Slopes,X4-of-X5,X1-obl_of-X4, X1-be-is-null,X2-which-Which-null,X3-nationality-nationality-the,X5-Slopes-Slopes-null,X4-creator-creator-the, X1-subj-X2,X1-obj-X3,X5-has_name-Sunny,X5-has_name-Slopes,X4-of-X5,X1-obl_of-X4, X1-be-is-null,X2-which-Which-null,X3-nationality-nationality-the,X5-Sunny Slopes-Sunny Slopes-null,X4-creator-creator-the, X1-subj-X2,X1-obj-X3,X5-has_name-Sunny Slopes,X4-of-X5,X1-obl_of-X4, X1-be-is-null,X2-which-Which-null,X3-nationality-nationality-the,X4-creator-creator-the,X5-Slopes-Slopes-null, X1-subj-X2,X1-obj-X3,X1-obl_of-X4,X5-sunny-true,X5-has_name-Slopes,X1-obl_of-X5, X1-be-is-null,X2-which-Which-null,X3-nationality-nationality-the,X4-creator-creator-the,X5-Slopes-Slopes-null, X1-subj-X2,X1-obj-X3,X1-obl_of-X4,X5-has_name-Sunny,X5-has_name-Slopes,X1-obl_of-X5, X1-be-is-null,X2-which-Which-null,X3-nationality-nationality-the,X4-creator-creator-the,X5-Sunny Slopes-Sunny Slopes-null, X1-subj-X2,X1-obj-X3,X1-obl_of-X4,X5-has_name-Sunny Slopes,X1-obl_of-X5, X1-be-is-null,X2-which-Which-null,X4-creator-creator-the,X5-Slopes-Slopes-null,X3-nationality-nationality-the, X1-subj-X2,X3-of-X4,X5-sunny-true,X5-has_name-Slopes,X3-of-X5,X1-obj-X3, X1-be-is-null,X2-which-Which-null,X4-creator-creator-the,X5-Slopes-Slopes-null,X3-nationality-nationality-the, X1-subj-X2,X3-of-X4,X5-has_name-Sunny,X5-has_name-Slopes,X3-of-X5,X1-obj-X3, X1-be-is-null,X2-which-Which-null,X4-creator-creator-the,X5-Sunny Slopes-Sunny Slopes-null,X3-nationality-nationality-the, X1-subj-X2,X3-of-X4,X5-has_name-Sunny Slopes,X3-of-X5,X1-obj-X3, X1-be-is-null,X2-which-Which-null,X4-Slopes-Slopes-null,X3-nationality-nationality-the,X5-creator-creator-the, X1-subj-X2,X4-sunny-true,X4-has_name-Slopes,X3-of-X4,X1-obj-X3,X1-obl_of-X5, X1-be-is-null,X2-which-Which-null,X4-Slopes-Slopes-null,X3-nationality-nationality-the,X5-creator-creator-the, X1-subj-X2,X4-has_name-Sunny,X4-has_name-Slopes,X3-of-X4,X1-obj-X3,X1-obl_of-X5, X1-be-is-null,X2-which-Which-null,X4-Sunny Slopes-Sunny Slopes-null,X3-nationality-nationality-the,X5-creator-creator-the, X1-subj-X2,X4-has_name-Sunny Slopes,X3-of-X4,X1-obj-X3,X1-obl_of-X5, X1-be-is-null,X2-which-Which-null,X4-creator-creator-the,X3-nationality-nationality-the,X5-Slopes-Slopes-null, X1-subj-X2,X3-of-X4,X1-obj-X3,X5-sunny-true,X5-has_name-Slopes,X1-obl_of-X5, X1-be-is-null,X2-which-Which-null,X4-creator-creator-the,X3-nationality-nationality-the,X5-Slopes-Slopes-null, X1-subj-X2,X3-of-X4,X1-obj-X3,X5-has_name-Sunny,X5-has_name-Slopes,X1-obl_of-X5, X1-be-is-null,X2-which-Which-null,X4-creator-creator-the,X3-nationality-nationality-the,X5-Sunny Slopes-Sunny Slopes-null, X1-subj-X2,X3-of-X4,X1-obj-X3,X5-has_name-Sunny Slopes,X1-obl_of-X5,","Drs [
 tokens=[],
 dEntities=[
DEntity(X1, be, is, VERB, null, false, Query1, Query), 
DEntity(X2, which, Which, PRON, null, false, Qualifier2, Qualifier), 
DEntity(X5, Slopes, Slopes, PROPN, null, false, Artefact3, Artefact), 
DEntity(X4, creator, creator, NOUN, the, false, Artist4, Artist), 
DEntity(X3, nationality, nationality, NOUN, the, false, ConceptArtist5, ConceptArtist)],
 dConditions=[
DCondition(X1, subj, X2, propriedades= [qQualifier] --- []), 
DCondition(X5, sunny, true, propriedades= [] --- [has_name, has_text, who]), 
DCondition(X5, has_name, Slopes, propriedades= [] --- [has_name, has_text, who]), 
DCondition(X4, of, X5, propriedades= [author_of] --- []), 
DCondition(X3, of, X4, propriedades= [conc_of_Artist] --- []), 
DCondition(X1, obj, X3, propriedades= [select] --- []), 
DCondition(X1, has_text, be, propriedades= [] --- [has_name, has_text, who]), 
DCondition(X2, has_text, which, propriedades= [] --- [has_name, has_text, who]), 
DCondition(X5, has_text, Slopes, propriedades= [] --- [has_name, has_text, who]), 
DCondition(X4, has_text, creator, propriedades= [] --- [has_name, has_text, who]), 
DCondition(X3, has_text, nationality, propriedades= [] --- [has_name, has_text, who]), 
DCondition(X2, has_name, null list, propriedades= [] --- [has_name, has_text, who]), 
DCondition(X1, obj, X2, propriedades= [qQualifier] --- [])]
 solu��es = []
 numeroFrase = 0
 numHasNames = 2
 numIndividuals = 5
 numEntitiesOk = 10
 numIsClass = 0
 numPropsOk = 5
 numEntitiesNOk = 0
 numClassesOk = 4]"," PREFIX rdf: <http://www.w3.org/1999/02/22-rdf-syntax-ns#> PREFIX xsd: <http://www.w3.org/2001/XMLSchema#> PREFIX rdfs: <http://www.w3.org/2000/01/rdf-schema#> PREFIX cidoc: <http://www.cidoc-crm.org/cidoc-crm/> SELECT  DISTINCT  ?snameConceptArtist5 ?ConceptArtist5 ?snameArtefact3 ?Artefact3 WHERE { {{?Artefact3 cidoc:P131_is_identified_by ?nameArtefact3 . ?nameArtefact3 rdf:value ?snameArtefact3 .}  UNION {?Artefact3 rdfs:label ?snameArtefact3 .}}  filter(regex(?snameArtefact3,""Slopes"",""i"")) . ?prod cidoc:P14_carried_out_by ?Artist4 . ?Artefact3 cidoc:P108i_was_produced_by ?prod . ?Artist4 rdfs:label ?snameArtist4 . ?Artist4 cidoc:P107i_is_current_or_former_member_of ?ConceptArtist5. ?ConceptArtist5 rdfs:label ?snameConceptArtist5. }",true
385,Which is the nationality of the creator of Synagogue?," X1-be-is-null,X2-which-Which-null,X5-Synagogue-Synagogue-null,X4-creator-creator-the,X3-nationality-nationality-the, X1-subj-X2,X5-has_name-Synagogue,X4-of-X5,X3-of-X4,X1-obj-X3, X1-be-is-null,X2-which-Which-null,X3-nationality-nationality-the,X5-Synagogue-Synagogue-null,X4-creator-creator-the, X1-subj-X2,X1-obj-X3,X5-has_name-Synagogue,X4-of-X5,X1-obl_of-X4, X1-be-is-null,X2-which-Which-null,X3-nationality-nationality-the,X4-creator-creator-the,X5-Synagogue-Synagogue-null, X1-subj-X2,X1-obj-X3,X1-obl_of-X4,X5-has_name-Synagogue,X1-obl_of-X5, X1-be-is-null,X2-which-Which-null,X4-creator-creator-the,X5-Synagogue-Synagogue-null,X3-nationality-nationality-the, X1-subj-X2,X3-of-X4,X5-has_name-Synagogue,X3-of-X5,X1-obj-X3, X1-be-is-null,X2-which-Which-null,X4-Synagogue-Synagogue-null,X3-nationality-nationality-the,X5-creator-creator-the, X1-subj-X2,X4-has_name-Synagogue,X3-of-X4,X1-obj-X3,X1-obl_of-X5, X1-be-is-null,X2-which-Which-null,X4-creator-creator-the,X3-nationality-nationality-the,X5-Synagogue-Synagogue-null, X1-subj-X2,X3-of-X4,X1-obj-X3,X5-has_name-Synagogue,X1-obl_of-X5,","Drs [
 tokens=[],
 dEntities=[
DEntity(X1, be, is, VERB, null, false, Query1, Query), 
DEntity(X2, which, Which, PRON, null, false, Qualifier2, Qualifier), 
DEntity(X5, Synagogue, Synagogue, PROPN, null, false, Artefact3, Artefact), 
DEntity(X4, creator, creator, NOUN, the, false, Artist4, Artist), 
DEntity(X3, nationality, nationality, NOUN, the, false, ConceptArtist5, ConceptArtist)],
 dConditions=[
DCondition(X1, subj, X2, propriedades= [qQualifier] --- []), 
DCondition(X5, has_name, Synagogue, propriedades= [] --- [has_name, has_text, who]), 
DCondition(X4, of, X5, propriedades= [author_of] --- []), 
DCondition(X3, of, X4, propriedades= [conc_of_Artist] --- []), 
DCondition(X1, obj, X3, propriedades= [select] --- []), 
DCondition(X1, has_text, be, propriedades= [] --- [has_name, has_text, who]), 
DCondition(X2, has_text, which, propriedades= [] --- [has_name, has_text, who]), 
DCondition(X5, has_text, Synagogue, propriedades= [] --- [has_name, has_text, who]), 
DCondition(X4, has_text, creator, propriedades= [] --- [has_name, has_text, who]), 
DCondition(X3, has_text, nationality, propriedades= [] --- [has_name, has_text, who]), 
DCondition(X2, has_name, null list, propriedades= [] --- [has_name, has_text, who]), 
DCondition(X1, obj, X2, propriedades= [qQualifier] --- [])]
 solu��es = []
 numeroFrase = 0
 numHasNames = 2
 numIndividuals = 5
 numEntitiesOk = 10
 numIsClass = 0
 numPropsOk = 5
 numEntitiesNOk = 0
 numClassesOk = 4]"," PREFIX rdf: <http://www.w3.org/1999/02/22-rdf-syntax-ns#> PREFIX xsd: <http://www.w3.org/2001/XMLSchema#> PREFIX rdfs: <http://www.w3.org/2000/01/rdf-schema#> PREFIX cidoc: <http://www.cidoc-crm.org/cidoc-crm/> SELECT  DISTINCT  ?snameConceptArtist5 ?ConceptArtist5 ?snameArtefact3 ?Artefact3 WHERE { {{?Artefact3 cidoc:P131_is_identified_by ?nameArtefact3 . ?nameArtefact3 rdf:value ?snameArtefact3 .}  UNION {?Artefact3 rdfs:label ?snameArtefact3 .}}  filter(regex(?snameArtefact3,""Synagogue"",""i"")) . ?prod cidoc:P14_carried_out_by ?Artist4 . ?Artefact3 cidoc:P108i_was_produced_by ?prod . ?Artist4 rdfs:label ?snameArtist4 . ?Artist4 cidoc:P107i_is_current_or_former_member_of ?ConceptArtist5. ?ConceptArtist5 rdfs:label ?snameConceptArtist5. }",true
386,Which is the nationality of the creator of Tail Piece?," X1-be-is-null,X2-which-Which-null,X5-tail piece-Tail Piece-null,X4-creator-creator-the,X3-nationality-nationality-the, X1-subj-X2,X4-of-X5,X3-of-X4,X1-obj-X3, X1-be-is-null,X2-which-Which-null,X3-nationality-nationality-the,X5-tail piece-Tail Piece-null,X4-creator-creator-the, X1-subj-X2,X1-obj-X3,X4-of-X5,X1-obl_of-X4, X1-be-is-null,X2-which-Which-null,X3-nationality-nationality-the,X4-creator-creator-the,X5-tail piece-Tail Piece-null, X1-subj-X2,X1-obj-X3,X1-obl_of-X4,X1-obl_of-X5, X1-be-is-null,X2-which-Which-null,X4-creator-creator-the,X5-tail piece-Tail Piece-null,X3-nationality-nationality-the, X1-subj-X2,X3-of-X4,X3-of-X5,X1-obj-X3, X1-be-is-null,X2-which-Which-null,X4-tail piece-Tail Piece-null,X3-nationality-nationality-the,X5-creator-creator-the, X1-subj-X2,X3-of-X4,X1-obj-X3,X1-obl_of-X5, X1-be-is-null,X2-which-Which-null,X4-creator-creator-the,X3-nationality-nationality-the,X5-tail piece-Tail Piece-null, X1-subj-X2,X3-of-X4,X1-obj-X3,X1-obl_of-X5,",Incorrect partial DRS,null,null
387,Which is the nationality of the creator of Taking Off?,,Incorrect Stanza Parsing,null,null
388,Which is the nationality of the creator of Tall Case Clock?," X1-be-is-null,X2-which-Which-null,X5-Case Clock-Case Clock-null,X4-creator-creator-the,X3-nationality-nationality-the, X1-subj-X2,X5-tall-true,X5-has_name-Case Clock,X4-of-X5,X3-of-X4,X1-obj-X3, X1-be-is-null,X2-which-Which-null,X5-Case Clock-Case Clock-null,X4-creator-creator-the,X3-nationality-nationality-the, X1-subj-X2,X5-has_name-Tall,X5-has_name-Case Clock,X4-of-X5,X3-of-X4,X1-obj-X3, X1-be-is-null,X2-which-Which-null,X5-Case Tall Clock-Case Tall Clock-null,X4-creator-creator-the,X3-nationality-nationality-the, X1-subj-X2,X5-has_name-Case Tall Clock,X4-of-X5,X3-of-X4,X1-obj-X3, X1-be-is-null,X2-which-Which-null,X3-nationality-nationality-the,X5-Case Clock-Case Clock-null,X4-creator-creator-the, X1-subj-X2,X1-obj-X3,X5-tall-true,X5-has_name-Case Clock,X4-of-X5,X1-obl_of-X4, X1-be-is-null,X2-which-Which-null,X3-nationality-nationality-the,X5-Case Clock-Case Clock-null,X4-creator-creator-the, X1-subj-X2,X1-obj-X3,X5-has_name-Tall,X5-has_name-Case Clock,X4-of-X5,X1-obl_of-X4, X1-be-is-null,X2-which-Which-null,X3-nationality-nationality-the,X5-Case Tall Clock-Case Tall Clock-null,X4-creator-creator-the, X1-subj-X2,X1-obj-X3,X5-has_name-Case Tall Clock,X4-of-X5,X1-obl_of-X4, X1-be-is-null,X2-which-Which-null,X3-nationality-nationality-the,X4-creator-creator-the,X5-Case Clock-Case Clock-null, X1-subj-X2,X1-obj-X3,X1-obl_of-X4,X5-tall-true,X5-has_name-Case Clock,X1-obl_of-X5, X1-be-is-null,X2-which-Which-null,X3-nationality-nationality-the,X4-creator-creator-the,X5-Case Clock-Case Clock-null, X1-subj-X2,X1-obj-X3,X1-obl_of-X4,X5-has_name-Tall,X5-has_name-Case Clock,X1-obl_of-X5, X1-be-is-null,X2-which-Which-null,X3-nationality-nationality-the,X4-creator-creator-the,X5-Case Tall Clock-Case Tall Clock-null, X1-subj-X2,X1-obj-X3,X1-obl_of-X4,X5-has_name-Case Tall Clock,X1-obl_of-X5, X1-be-is-null,X2-which-Which-null,X4-creator-creator-the,X5-Case Clock-Case Clock-null,X3-nationality-nationality-the, X1-subj-X2,X3-of-X4,X5-tall-true,X5-has_name-Case Clock,X3-of-X5,X1-obj-X3, X1-be-is-null,X2-which-Which-null,X4-creator-creator-the,X5-Case Clock-Case Clock-null,X3-nationality-nationality-the, X1-subj-X2,X3-of-X4,X5-has_name-Tall,X5-has_name-Case Clock,X3-of-X5,X1-obj-X3, X1-be-is-null,X2-which-Which-null,X4-creator-creator-the,X5-Case Tall Clock-Case Tall Clock-null,X3-nationality-nationality-the, X1-subj-X2,X3-of-X4,X5-has_name-Case Tall Clock,X3-of-X5,X1-obj-X3, X1-be-is-null,X2-which-Which-null,X4-Case Clock-Case Clock-null,X3-nationality-nationality-the,X5-creator-creator-the, X1-subj-X2,X4-tall-true,X4-has_name-Case Clock,X3-of-X4,X1-obj-X3,X1-obl_of-X5, X1-be-is-null,X2-which-Which-null,X4-Case Clock-Case Clock-null,X3-nationality-nationality-the,X5-creator-creator-the, X1-subj-X2,X4-has_name-Tall,X4-has_name-Case Clock,X3-of-X4,X1-obj-X3,X1-obl_of-X5, X1-be-is-null,X2-which-Which-null,X4-Case Tall Clock-Case Tall Clock-null,X3-nationality-nationality-the,X5-creator-creator-the, X1-subj-X2,X4-has_name-Case Tall Clock,X3-of-X4,X1-obj-X3,X1-obl_of-X5, X1-be-is-null,X2-which-Which-null,X4-creator-creator-the,X3-nationality-nationality-the,X5-Case Clock-Case Clock-null, X1-subj-X2,X3-of-X4,X1-obj-X3,X5-tall-true,X5-has_name-Case Clock,X1-obl_of-X5, X1-be-is-null,X2-which-Which-null,X4-creator-creator-the,X3-nationality-nationality-the,X5-Case Clock-Case Clock-null, X1-subj-X2,X3-of-X4,X1-obj-X3,X5-has_name-Tall,X5-has_name-Case Clock,X1-obl_of-X5, X1-be-is-null,X2-which-Which-null,X4-creator-creator-the,X3-nationality-nationality-the,X5-Case Tall Clock-Case Tall Clock-null, X1-subj-X2,X3-of-X4,X1-obj-X3,X5-has_name-Case Tall Clock,X1-obl_of-X5,",Incorrect partial DRS,null,null
389,Which is the nationality of the creator of Taos Plaza?," X1-be-is-null,X2-which-Which-null,X5-Tao Plaza-Taos Plaza-null,X4-creator-creator-the,X3-nationality-nationality-the, X1-subj-X2,X5-has_name-Tao Plaza,X4-of-X5,X3-of-X4,X1-obj-X3, X1-be-is-null,X2-which-Which-null,X3-nationality-nationality-the,X5-Tao Plaza-Taos Plaza-null,X4-creator-creator-the, X1-subj-X2,X1-obj-X3,X5-has_name-Tao Plaza,X4-of-X5,X1-obl_of-X4, X1-be-is-null,X2-which-Which-null,X3-nationality-nationality-the,X4-creator-creator-the,X5-Tao Plaza-Taos Plaza-null, X1-subj-X2,X1-obj-X3,X1-obl_of-X4,X5-has_name-Tao Plaza,X1-obl_of-X5, X1-be-is-null,X2-which-Which-null,X4-creator-creator-the,X5-Tao Plaza-Taos Plaza-null,X3-nationality-nationality-the, X1-subj-X2,X3-of-X4,X5-has_name-Tao Plaza,X3-of-X5,X1-obj-X3, X1-be-is-null,X2-which-Which-null,X4-Tao Plaza-Taos Plaza-null,X3-nationality-nationality-the,X5-creator-creator-the, X1-subj-X2,X4-has_name-Tao Plaza,X3-of-X4,X1-obj-X3,X1-obl_of-X5, X1-be-is-null,X2-which-Which-null,X4-creator-creator-the,X3-nationality-nationality-the,X5-Tao Plaza-Taos Plaza-null, X1-subj-X2,X3-of-X4,X1-obj-X3,X5-has_name-Tao Plaza,X1-obl_of-X5,","Drs [
 tokens=[],
 dEntities=[
DEntity(X1, be, is, VERB, null, false, Query1, Query), 
DEntity(X2, which, Which, PRON, null, false, Qualifier2, Qualifier), 
DEntity(X5, Tao Plaza, Taos Plaza, PROPN, null, false, Artefact3, Artefact), 
DEntity(X4, creator, creator, NOUN, the, false, Artist4, Artist), 
DEntity(X3, nationality, nationality, NOUN, the, false, ConceptArtist5, ConceptArtist)],
 dConditions=[
DCondition(X1, subj, X2, propriedades= [qQualifier] --- []), 
DCondition(X5, has_name, Tao Plaza, propriedades= [] --- [has_name, has_text, who]), 
DCondition(X4, of, X5, propriedades= [author_of] --- []), 
DCondition(X3, of, X4, propriedades= [conc_of_Artist] --- []), 
DCondition(X1, obj, X3, propriedades= [select] --- []), 
DCondition(X1, has_text, be, propriedades= [] --- [has_name, has_text, who]), 
DCondition(X2, has_text, which, propriedades= [] --- [has_name, has_text, who]), 
DCondition(X5, has_text, Tao Plaza, propriedades= [] --- [has_name, has_text, who]), 
DCondition(X4, has_text, creator, propriedades= [] --- [has_name, has_text, who]), 
DCondition(X3, has_text, nationality, propriedades= [] --- [has_name, has_text, who]), 
DCondition(X2, has_name, null list, propriedades= [] --- [has_name, has_text, who]), 
DCondition(X1, obj, X2, propriedades= [qQualifier] --- [])]
 solu��es = []
 numeroFrase = 0
 numHasNames = 2
 numIndividuals = 5
 numEntitiesOk = 10
 numIsClass = 0
 numPropsOk = 5
 numEntitiesNOk = 0
 numClassesOk = 4]"," PREFIX rdf: <http://www.w3.org/1999/02/22-rdf-syntax-ns#> PREFIX xsd: <http://www.w3.org/2001/XMLSchema#> PREFIX rdfs: <http://www.w3.org/2000/01/rdf-schema#> PREFIX cidoc: <http://www.cidoc-crm.org/cidoc-crm/> SELECT  DISTINCT  ?snameConceptArtist5 ?ConceptArtist5 ?snameArtefact3 ?Artefact3 WHERE { {{?Artefact3 cidoc:P131_is_identified_by ?nameArtefact3 . ?nameArtefact3 rdf:value ?snameArtefact3 .}  UNION {?Artefact3 rdfs:label ?snameArtefact3 .}}  filter(regex(?snameArtefact3,""Tao Plaza"",""i"")) . ?prod cidoc:P14_carried_out_by ?Artist4 . ?Artefact3 cidoc:P108i_was_produced_by ?prod . ?Artist4 rdfs:label ?snameArtist4 . ?Artist4 cidoc:P107i_is_current_or_former_member_of ?ConceptArtist5. ?ConceptArtist5 rdfs:label ?snameConceptArtist5. }",false
390,Which is the nationality of the creator of Tarflower (Befaria racemosa)?," X1-be-is-null,X2-which-Which-null,X6-Befaria racemosa-Befaria racemosa-null,X5-Tarflower-Tarflower-null,X4-creator-creator-the,X3-nationality-nationality-the, X1-subj-X2,X5-rel-X6,X5-has_name-Tarflower,X4-of-X5,X3-of-X4,X1-obj-X3, X1-be-is-null,X2-which-Which-null,X3-nationality-nationality-the,X6-Befaria racemosa-Befaria racemosa-null,X5-Tarflower-Tarflower-null,X4-creator-creator-the, X1-subj-X2,X1-obj-X3,X5-rel-X6,X5-has_name-Tarflower,X4-of-X5,X1-obl_of-X4, X1-be-is-null,X2-which-Which-null,X3-nationality-nationality-the,X4-creator-creator-the,X6-Befaria racemosa-Befaria racemosa-null,X5-Tarflower-Tarflower-null, X1-subj-X2,X1-obj-X3,X1-obl_of-X4,X5-rel-X6,X5-has_name-Tarflower,X1-obl_of-X5, X1-be-is-null,X2-which-Which-null,X4-creator-creator-the,X6-Befaria racemosa-Befaria racemosa-null,X5-Tarflower-Tarflower-null,X3-nationality-nationality-the, X1-subj-X2,X3-of-X4,X5-rel-X6,X5-has_name-Tarflower,X3-of-X5,X1-obj-X3, X1-be-is-null,X2-which-Which-null,X5-Befaria racemosa-Befaria racemosa-null,X4-Tarflower-Tarflower-null,X3-nationality-nationality-the,X6-creator-creator-the, X1-subj-X2,X4-rel-X5,X4-has_name-Tarflower,X3-of-X4,X1-obj-X3,X1-obl_of-X6, X1-be-is-null,X2-which-Which-null,X4-creator-creator-the,X3-nationality-nationality-the,X6-Befaria racemosa-Befaria racemosa-null,X5-Tarflower-Tarflower-null, X1-subj-X2,X3-of-X4,X1-obj-X3,X5-rel-X6,X5-has_name-Tarflower,X1-obl_of-X5,",Incorrect partial DRS,null,null
391,Which is the nationality of the creator of Targets?," X1-be-is-null,X2-which-Which-null,X5-target-Targets-null,X4-creator-creator-the,X3-nationality-nationality-the, X1-subj-X2,X4-of-X5,X3-of-X4,X1-obj-X3, X1-be-is-null,X2-which-Which-null,X3-nationality-nationality-the,X5-target-Targets-null,X4-creator-creator-the, X1-subj-X2,X1-obj-X3,X4-of-X5,X1-obl_of-X4, X1-be-is-null,X2-which-Which-null,X3-nationality-nationality-the,X4-creator-creator-the,X5-target-Targets-null, X1-subj-X2,X1-obj-X3,X1-obl_of-X4,X1-obl_of-X5, X1-be-is-null,X2-which-Which-null,X4-creator-creator-the,X5-target-Targets-null,X3-nationality-nationality-the, X1-subj-X2,X3-of-X4,X3-of-X5,X1-obj-X3, X1-be-is-null,X2-which-Which-null,X4-target-Targets-null,X3-nationality-nationality-the,X5-creator-creator-the, X1-subj-X2,X3-of-X4,X1-obj-X3,X1-obl_of-X5, X1-be-is-null,X2-which-Which-null,X4-creator-creator-the,X3-nationality-nationality-the,X5-target-Targets-null, X1-subj-X2,X3-of-X4,X1-obj-X3,X1-obl_of-X5,",Incorrect partial DRS,null,null
392,Which is the nationality of the creator of Tea Bowl?," X1-be-is-null,X2-which-Which-null,X5-Tea Bowl-Tea Bowl-null,X4-creator-creator-the,X3-nationality-nationality-the, X1-subj-X2,X5-has_name-Tea Bowl,X4-of-X5,X3-of-X4,X1-obj-X3, X1-be-is-null,X2-which-Which-null,X3-nationality-nationality-the,X5-Tea Bowl-Tea Bowl-null,X4-creator-creator-the, X1-subj-X2,X1-obj-X3,X5-has_name-Tea Bowl,X4-of-X5,X1-obl_of-X4, X1-be-is-null,X2-which-Which-null,X3-nationality-nationality-the,X4-creator-creator-the,X5-Tea Bowl-Tea Bowl-null, X1-subj-X2,X1-obj-X3,X1-obl_of-X4,X5-has_name-Tea Bowl,X1-obl_of-X5, X1-be-is-null,X2-which-Which-null,X4-creator-creator-the,X5-Tea Bowl-Tea Bowl-null,X3-nationality-nationality-the, X1-subj-X2,X3-of-X4,X5-has_name-Tea Bowl,X3-of-X5,X1-obj-X3, X1-be-is-null,X2-which-Which-null,X4-Tea Bowl-Tea Bowl-null,X3-nationality-nationality-the,X5-creator-creator-the, X1-subj-X2,X4-has_name-Tea Bowl,X3-of-X4,X1-obj-X3,X1-obl_of-X5, X1-be-is-null,X2-which-Which-null,X4-creator-creator-the,X3-nationality-nationality-the,X5-Tea Bowl-Tea Bowl-null, X1-subj-X2,X3-of-X4,X1-obj-X3,X5-has_name-Tea Bowl,X1-obl_of-X5,","Drs [
 tokens=[],
 dEntities=[
DEntity(X1, be, is, VERB, null, false, Query1, Query), 
DEntity(X2, which, Which, PRON, null, false, Qualifier2, Qualifier), 
DEntity(X5, Tea Bowl, Tea Bowl, PROPN, null, false, Artefact3, Artefact), 
DEntity(X4, creator, creator, NOUN, the, false, Artist4, Artist), 
DEntity(X3, nationality, nationality, NOUN, the, false, ConceptArtist5, ConceptArtist)],
 dConditions=[
DCondition(X1, subj, X2, propriedades= [qQualifier] --- []), 
DCondition(X5, has_name, Tea Bowl, propriedades= [] --- [has_name, has_text, who]), 
DCondition(X4, of, X5, propriedades= [author_of] --- []), 
DCondition(X3, of, X4, propriedades= [conc_of_Artist] --- []), 
DCondition(X1, obj, X3, propriedades= [select] --- []), 
DCondition(X1, has_text, be, propriedades= [] --- [has_name, has_text, who]), 
DCondition(X2, has_text, which, propriedades= [] --- [has_name, has_text, who]), 
DCondition(X5, has_text, Tea Bowl, propriedades= [] --- [has_name, has_text, who]), 
DCondition(X4, has_text, creator, propriedades= [] --- [has_name, has_text, who]), 
DCondition(X3, has_text, nationality, propriedades= [] --- [has_name, has_text, who]), 
DCondition(X2, has_name, null list, propriedades= [] --- [has_name, has_text, who]), 
DCondition(X1, obj, X2, propriedades= [qQualifier] --- [])]
 solu��es = []
 numeroFrase = 0
 numHasNames = 2
 numIndividuals = 5
 numEntitiesOk = 10
 numIsClass = 0
 numPropsOk = 5
 numEntitiesNOk = 0
 numClassesOk = 4]"," PREFIX rdf: <http://www.w3.org/1999/02/22-rdf-syntax-ns#> PREFIX xsd: <http://www.w3.org/2001/XMLSchema#> PREFIX rdfs: <http://www.w3.org/2000/01/rdf-schema#> PREFIX cidoc: <http://www.cidoc-crm.org/cidoc-crm/> SELECT  DISTINCT  ?snameConceptArtist5 ?ConceptArtist5 ?snameArtefact3 ?Artefact3 WHERE { {{?Artefact3 cidoc:P131_is_identified_by ?nameArtefact3 . ?nameArtefact3 rdf:value ?snameArtefact3 .}  UNION {?Artefact3 rdfs:label ?snameArtefact3 .}}  filter(regex(?snameArtefact3,""Tea Bowl"",""i"")) . ?prod cidoc:P14_carried_out_by ?Artist4 . ?Artefact3 cidoc:P108i_was_produced_by ?prod . ?Artist4 rdfs:label ?snameArtist4 . ?Artist4 cidoc:P107i_is_current_or_former_member_of ?ConceptArtist5. ?ConceptArtist5 rdfs:label ?snameConceptArtist5. }",true
393,Which is the nationality of the creator of Teatro Jurutungo?," X1-be-is-null,X2-which-Which-null,X5-Teatro Jurutungo-Teatro-null,X4-creator-creator-the,X3-nationality-nationality-the, X1-subj-X2,X5-has_name-Teatro Jurutungo,X4-of-X5,X3-of-X4,X1-obj-X3, X1-be-is-null,X2-which-Which-null,X3-nationality-nationality-the,X5-Teatro Jurutungo-Teatro-null,X4-creator-creator-the, X1-subj-X2,X1-obj-X3,X5-has_name-Teatro Jurutungo,X4-of-X5,X1-obl_of-X4, X1-be-is-null,X2-which-Which-null,X3-nationality-nationality-the,X4-creator-creator-the,X5-Teatro Jurutungo-Teatro-null, X1-subj-X2,X1-obj-X3,X1-obl_of-X4,X5-has_name-Teatro Jurutungo,X1-obl_of-X5, X1-be-is-null,X2-which-Which-null,X4-creator-creator-the,X5-Teatro Jurutungo-Teatro-null,X3-nationality-nationality-the, X1-subj-X2,X3-of-X4,X5-has_name-Teatro Jurutungo,X3-of-X5,X1-obj-X3, X1-be-is-null,X2-which-Which-null,X4-Teatro Jurutungo-Teatro-null,X3-nationality-nationality-the,X5-creator-creator-the, X1-subj-X2,X4-has_name-Teatro Jurutungo,X3-of-X4,X1-obj-X3,X1-obl_of-X5, X1-be-is-null,X2-which-Which-null,X4-creator-creator-the,X3-nationality-nationality-the,X5-Teatro Jurutungo-Teatro-null, X1-subj-X2,X3-of-X4,X1-obj-X3,X5-has_name-Teatro Jurutungo,X1-obl_of-X5,","Drs [
 tokens=[],
 dEntities=[
DEntity(X1, be, is, VERB, null, false, Query1, Query), 
DEntity(X2, which, Which, PRON, null, false, Qualifier2, Qualifier), 
DEntity(X5, Teatro Jurutungo, Teatro, PROPN, null, false, Artefact3, Artefact), 
DEntity(X4, creator, creator, NOUN, the, false, Artist4, Artist), 
DEntity(X3, nationality, nationality, NOUN, the, false, ConceptArtist5, ConceptArtist)],
 dConditions=[
DCondition(X1, subj, X2, propriedades= [qQualifier] --- []), 
DCondition(X5, has_name, Teatro Jurutungo, propriedades= [] --- [has_name, has_text, who]), 
DCondition(X4, of, X5, propriedades= [author_of] --- []), 
DCondition(X3, of, X4, propriedades= [conc_of_Artist] --- []), 
DCondition(X1, obj, X3, propriedades= [select] --- []), 
DCondition(X1, has_text, be, propriedades= [] --- [has_name, has_text, who]), 
DCondition(X2, has_text, which, propriedades= [] --- [has_name, has_text, who]), 
DCondition(X5, has_text, Teatro Jurutungo, propriedades= [] --- [has_name, has_text, who]), 
DCondition(X4, has_text, creator, propriedades= [] --- [has_name, has_text, who]), 
DCondition(X3, has_text, nationality, propriedades= [] --- [has_name, has_text, who]), 
DCondition(X2, has_name, null list, propriedades= [] --- [has_name, has_text, who]), 
DCondition(X1, obj, X2, propriedades= [qQualifier] --- [])]
 solu��es = []
 numeroFrase = 0
 numHasNames = 2
 numIndividuals = 5
 numEntitiesOk = 10
 numIsClass = 0
 numPropsOk = 5
 numEntitiesNOk = 0
 numClassesOk = 4]"," PREFIX rdf: <http://www.w3.org/1999/02/22-rdf-syntax-ns#> PREFIX xsd: <http://www.w3.org/2001/XMLSchema#> PREFIX rdfs: <http://www.w3.org/2000/01/rdf-schema#> PREFIX cidoc: <http://www.cidoc-crm.org/cidoc-crm/> SELECT  DISTINCT  ?snameConceptArtist5 ?ConceptArtist5 ?snameArtefact3 ?Artefact3 WHERE { {{?Artefact3 cidoc:P131_is_identified_by ?nameArtefact3 . ?nameArtefact3 rdf:value ?snameArtefact3 .}  UNION {?Artefact3 rdfs:label ?snameArtefact3 .}}  filter(regex(?snameArtefact3,""Teatro Jurutungo"",""i"")) . ?prod cidoc:P14_carried_out_by ?Artist4 . ?Artefact3 cidoc:P108i_was_produced_by ?prod . ?Artist4 rdfs:label ?snameArtist4 . ?Artist4 cidoc:P107i_is_current_or_former_member_of ?ConceptArtist5. ?ConceptArtist5 rdfs:label ?snameConceptArtist5. }",true
394,Which is the nationality of the creator of Tel and Tel?," X1-be-is-null,X2-which-Which-null,X6-tel-Tel-null,X5-tel-Tel-null,X4-creator-creator-the,X3-nationality-nationality-the, X1-subj-X2,X4-of-X6,X4-of-X5,X3-of-X4,X1-obj-X3, X1-be-is-null,X2-which-Which-null,X3-nationality-nationality-the,X6-tel-Tel-null,X5-tel-Tel-null,X4-creator-creator-the, X1-subj-X2,X1-obj-X3,X4-of-X6,X4-of-X5,X1-obl_of-X4, X1-be-is-null,X2-which-Which-null,X3-nationality-nationality-the,X4-creator-creator-the,X6-tel-Tel-null,X5-tel-Tel-null, X1-subj-X2,X1-obj-X3,X1-obl_of-X4,X1-obl_of-X6,X1-obl_of-X5, X1-be-is-null,X2-which-Which-null,X4-creator-creator-the,X6-tel-Tel-null,X5-tel-Tel-null,X3-nationality-nationality-the, X1-subj-X2,X3-of-X4,X3-of-X6,X3-of-X5,X1-obj-X3, X1-be-is-null,X2-which-Which-null,X5-tel-Tel-null,X4-tel-Tel-null,X3-nationality-nationality-the,X6-creator-creator-the, X1-subj-X2,X3-of-X5,X3-of-X4,X1-obj-X3,X1-obl_of-X6, X1-be-is-null,X2-which-Which-null,X4-creator-creator-the,X3-nationality-nationality-the,X6-tel-Tel-null,X5-tel-Tel-null, X1-subj-X2,X3-of-X4,X1-obj-X3,X1-obl_of-X6,X1-obl_of-X5,",Incorrect partial DRS,null,null
395,"Which is the nationality of the creator of Temple at Thebes, Egypt?"," X1-be-is-null,X2-which-Which-null,X6-Thebe-Thebes-null,X5-Temple-Temple-null,X4-creator-creator-the,X3-nationality-nationality-the, X1-subj-X2,X6-has_name-Egypt,X6-has_name-Thebe,X5-at-X6,X5-has_name-Temple,X4-of-X5,X3-of-X4,X1-obj-X3, X1-be-is-null,X2-which-Which-null,X3-nationality-nationality-the,X6-Thebe-Thebes-null,X5-Temple-Temple-null,X4-creator-creator-the, X1-subj-X2,X1-obj-X3,X6-has_name-Egypt,X6-has_name-Thebe,X5-at-X6,X5-has_name-Temple,X4-of-X5,X1-obl_of-X4, X1-be-is-null,X2-which-Which-null,X3-nationality-nationality-the,X4-creator-creator-the,X6-Thebe-Thebes-null,X5-Temple-Temple-null, X1-subj-X2,X1-obj-X3,X1-obl_of-X4,X6-has_name-Egypt,X6-has_name-Thebe,X5-at-X6,X5-has_name-Temple,X1-obl_of-X5, X1-be-is-null,X2-which-Which-null,X3-nationality-nationality-the,X4-creator-creator-the,X5-Temple-Temple-null,X6-Thebe-Thebes-null, X1-subj-X2,X1-obj-X3,X1-obl_of-X4,X5-has_name-Temple,X1-obl_of-X5,X6-has_name-Egypt,X6-has_name-Thebe,X1-obl_at-X6, X1-be-is-null,X2-which-Which-null,X3-nationality-nationality-the,X5-Temple-Temple-null,X6-Thebe-Thebes-null,X4-creator-creator-the, X1-subj-X2,X1-obj-X3,X5-has_name-Temple,X4-of-X5,X6-has_name-Egypt,X6-has_name-Thebe,X4-at-X6,X1-obl_of-X4, X1-be-is-null,X2-which-Which-null,X4-creator-creator-the,X6-Thebe-Thebes-null,X5-Temple-Temple-null,X3-nationality-nationality-the, X1-subj-X2,X3-of-X4,X6-has_name-Egypt,X6-has_name-Thebe,X5-at-X6,X5-has_name-Temple,X3-of-X5,X1-obj-X3, X1-be-is-null,X2-which-Which-null,X5-Thebe-Thebes-null,X4-Temple-Temple-null,X3-nationality-nationality-the,X6-creator-creator-the, X1-subj-X2,X5-has_name-Egypt,X5-has_name-Thebe,X4-at-X5,X4-has_name-Temple,X3-of-X4,X1-obj-X3,X1-obl_of-X6, X1-be-is-null,X2-which-Which-null,X4-creator-creator-the,X3-nationality-nationality-the,X6-Thebe-Thebes-null,X5-Temple-Temple-null, X1-subj-X2,X3-of-X4,X1-obj-X3,X6-has_name-Egypt,X6-has_name-Thebe,X5-at-X6,X5-has_name-Temple,X1-obl_of-X5, X1-be-is-null,X2-which-Which-null,X4-creator-creator-the,X5-Temple-Temple-null,X6-Thebe-Thebes-null,X3-nationality-nationality-the, X1-subj-X2,X3-of-X4,X5-has_name-Temple,X3-of-X5,X6-has_name-Egypt,X6-has_name-Thebe,X3-at-X6,X1-obj-X3, X1-be-is-null,X2-which-Which-null,X5-Temple-Temple-null,X6-Thebe-Thebes-null,X4-creator-creator-the,X3-nationality-nationality-the, X1-subj-X2,X5-has_name-Temple,X4-of-X5,X6-has_name-Egypt,X6-has_name-Thebe,X4-at-X6,X3-of-X4,X1-obj-X3, X1-be-is-null,X2-which-Which-null,X7-Egypt-Egypt-null,X6-Thebe-Thebes-null,X5-Temple-Temple-null,X4-creator-creator-the,X3-nationality-nationality-the, X1-subj-X2,X7-has_name-Egypt,X6-rel-X7,X6-has_name-Thebe,X5-at-X6,X5-has_name-Temple,X4-of-X5,X3-of-X4,X1-obj-X3, X1-be-is-null,X2-which-Which-null,X3-nationality-nationality-the,X7-Egypt-Egypt-null,X6-Thebe-Thebes-null,X5-Temple-Temple-null,X4-creator-creator-the, X1-subj-X2,X1-obj-X3,X7-has_name-Egypt,X6-rel-X7,X6-has_name-Thebe,X5-at-X6,X5-has_name-Temple,X4-of-X5,X1-obl_of-X4, X1-be-is-null,X2-which-Which-null,X3-nationality-nationality-the,X4-creator-creator-the,X7-Egypt-Egypt-null,X6-Thebe-Thebes-null,X5-Temple-Temple-null, X1-subj-X2,X1-obj-X3,X1-obl_of-X4,X7-has_name-Egypt,X6-rel-X7,X6-has_name-Thebe,X5-at-X6,X5-has_name-Temple,X1-obl_of-X5, X1-be-is-null,X2-which-Which-null,X3-nationality-nationality-the,X4-creator-creator-the,X5-Temple-Temple-null,X7-Egypt-Egypt-null,X6-Thebe-Thebes-null, X1-subj-X2,X1-obj-X3,X1-obl_of-X4,X5-has_name-Temple,X1-obl_of-X5,X7-has_name-Egypt,X6-rel-X7,X6-has_name-Thebe,X1-obl_at-X6, X1-be-is-null,X2-which-Which-null,X3-nationality-nationality-the,X5-Temple-Temple-null,X7-Egypt-Egypt-null,X6-Thebe-Thebes-null,X4-creator-creator-the, X1-subj-X2,X1-obj-X3,X5-has_name-Temple,X4-of-X5,X7-has_name-Egypt,X6-rel-X7,X6-has_name-Thebe,X4-at-X6,X1-obl_of-X4, X1-be-is-null,X2-which-Which-null,X4-creator-creator-the,X7-Egypt-Egypt-null,X6-Thebe-Thebes-null,X5-Temple-Temple-null,X3-nationality-nationality-the, X1-subj-X2,X3-of-X4,X7-has_name-Egypt,X6-rel-X7,X6-has_name-Thebe,X5-at-X6,X5-has_name-Temple,X3-of-X5,X1-obj-X3, X1-be-is-null,X2-which-Which-null,X6-Egypt-Egypt-null,X5-Thebe-Thebes-null,X4-Temple-Temple-null,X3-nationality-nationality-the,X7-creator-creator-the, X1-subj-X2,X6-has_name-Egypt,X5-rel-X6,X5-has_name-Thebe,X4-at-X5,X4-has_name-Temple,X3-of-X4,X1-obj-X3,X1-obl_of-X7, X1-be-is-null,X2-which-Which-null,X4-creator-creator-the,X3-nationality-nationality-the,X7-Egypt-Egypt-null,X6-Thebe-Thebes-null,X5-Temple-Temple-null, X1-subj-X2,X3-of-X4,X1-obj-X3,X7-has_name-Egypt,X6-rel-X7,X6-has_name-Thebe,X5-at-X6,X5-has_name-Temple,X1-obl_of-X5, X1-be-is-null,X2-which-Which-null,X4-creator-creator-the,X5-Temple-Temple-null,X7-Egypt-Egypt-null,X6-Thebe-Thebes-null,X3-nationality-nationality-the, X1-subj-X2,X3-of-X4,X5-has_name-Temple,X3-of-X5,X7-has_name-Egypt,X6-rel-X7,X6-has_name-Thebe,X3-at-X6,X1-obj-X3, X1-be-is-null,X2-which-Which-null,X5-Temple-Temple-null,X7-Egypt-Egypt-null,X6-Thebe-Thebes-null,X4-creator-creator-the,X3-nationality-nationality-the, X1-subj-X2,X5-has_name-Temple,X4-of-X5,X7-has_name-Egypt,X6-rel-X7,X6-has_name-Thebe,X4-at-X6,X3-of-X4,X1-obj-X3,",Incorrect partial DRS,null,null
396,Which is the nationality of the creator of Ten Doors?," X1-be-is-null,X2-which-Which-null,X5-Door-Doors-ten,X4-creator-creator-the,X3-nationality-nationality-the, X1-subj-X2,X5-has_name-Door,X4-of-X5,X3-of-X4,X1-obj-X3, X1-be-is-null,X2-which-Which-null,X3-nationality-nationality-the,X5-Door-Doors-ten,X4-creator-creator-the, X1-subj-X2,X1-obj-X3,X5-has_name-Door,X4-of-X5,X1-obl_of-X4, X1-be-is-null,X2-which-Which-null,X3-nationality-nationality-the,X4-creator-creator-the,X5-Door-Doors-ten, X1-subj-X2,X1-obj-X3,X1-obl_of-X4,X5-has_name-Door,X1-obl_of-X5, X1-be-is-null,X2-which-Which-null,X4-creator-creator-the,X5-Door-Doors-ten,X3-nationality-nationality-the, X1-subj-X2,X3-of-X4,X5-has_name-Door,X3-of-X5,X1-obj-X3, X1-be-is-null,X2-which-Which-null,X4-Door-Doors-ten,X3-nationality-nationality-the,X5-creator-creator-the, X1-subj-X2,X4-has_name-Door,X3-of-X4,X1-obj-X3,X1-obl_of-X5, X1-be-is-null,X2-which-Which-null,X4-creator-creator-the,X3-nationality-nationality-the,X5-Door-Doors-ten, X1-subj-X2,X3-of-X4,X1-obj-X3,X5-has_name-Door,X1-obl_of-X5,",Incorrect partial DRS,null,null
397,Which is the nationality of the creator of Ten Seconds in Oil and Water?," X1-be-is-null,X2-which-Which-null,X7-Water-Water-null,X6-Oil-Oil-null,X5-Seconds-Seconds-ten,X4-creator-creator-the,X3-nationality-nationality-the, X1-subj-X2,X7-has_name-Water,X5-in-X7,X6-has_name-Oil,X5-in-X6,X5-has_name-Seconds,X4-of-X5,X3-of-X4,X1-obj-X3, X1-be-is-null,X2-which-Which-null,X3-nationality-nationality-the,X7-Water-Water-null,X6-Oil-Oil-null,X5-Seconds-Seconds-ten,X4-creator-creator-the, X1-subj-X2,X1-obj-X3,X7-has_name-Water,X5-in-X7,X6-has_name-Oil,X5-in-X6,X5-has_name-Seconds,X4-of-X5,X1-obl_of-X4, X1-be-is-null,X2-which-Which-null,X3-nationality-nationality-the,X4-creator-creator-the,X7-Water-Water-null,X6-Oil-Oil-null,X5-Seconds-Seconds-ten, X1-subj-X2,X1-obj-X3,X1-obl_of-X4,X7-has_name-Water,X5-in-X7,X6-has_name-Oil,X5-in-X6,X5-has_name-Seconds,X1-obl_of-X5, X1-be-is-null,X2-which-Which-null,X3-nationality-nationality-the,X4-creator-creator-the,X5-Seconds-Seconds-ten,X7-Water-Water-null,X6-Oil-Oil-null, X1-subj-X2,X1-obj-X3,X1-obl_of-X4,X5-has_name-Seconds,X1-obl_of-X5,X7-has_name-Water,X1-obl_in-X7,X6-has_name-Oil,X1-obl_in-X6, X1-be-is-null,X2-which-Which-null,X3-nationality-nationality-the,X5-Seconds-Seconds-ten,X7-Water-Water-null,X6-Oil-Oil-null,X4-creator-creator-the, X1-subj-X2,X1-obj-X3,X5-has_name-Seconds,X4-of-X5,X7-has_name-Water,X4-in-X7,X6-has_name-Oil,X4-in-X6,X1-obl_of-X4, X1-be-is-null,X2-which-Which-null,X4-creator-creator-the,X7-Water-Water-null,X6-Oil-Oil-null,X5-Seconds-Seconds-ten,X3-nationality-nationality-the, X1-subj-X2,X3-of-X4,X7-has_name-Water,X5-in-X7,X6-has_name-Oil,X5-in-X6,X5-has_name-Seconds,X3-of-X5,X1-obj-X3, X1-be-is-null,X2-which-Which-null,X6-Water-Water-null,X5-Oil-Oil-null,X4-Seconds-Seconds-ten,X3-nationality-nationality-the,X7-creator-creator-the, X1-subj-X2,X6-has_name-Water,X4-in-X6,X5-has_name-Oil,X4-in-X5,X4-has_name-Seconds,X3-of-X4,X1-obj-X3,X1-obl_of-X7, X1-be-is-null,X2-which-Which-null,X4-creator-creator-the,X3-nationality-nationality-the,X7-Water-Water-null,X6-Oil-Oil-null,X5-Seconds-Seconds-ten, X1-subj-X2,X3-of-X4,X1-obj-X3,X7-has_name-Water,X5-in-X7,X6-has_name-Oil,X5-in-X6,X5-has_name-Seconds,X1-obl_of-X5, X1-be-is-null,X2-which-Which-null,X4-creator-creator-the,X5-Seconds-Seconds-ten,X7-Water-Water-null,X6-Oil-Oil-null,X3-nationality-nationality-the, X1-subj-X2,X3-of-X4,X5-has_name-Seconds,X3-of-X5,X7-has_name-Water,X3-in-X7,X6-has_name-Oil,X3-in-X6,X1-obj-X3, X1-be-is-null,X2-which-Which-null,X5-Seconds-Seconds-ten,X7-Water-Water-null,X6-Oil-Oil-null,X4-creator-creator-the,X3-nationality-nationality-the, X1-subj-X2,X5-has_name-Seconds,X4-of-X5,X7-has_name-Water,X4-in-X7,X6-has_name-Oil,X4-in-X6,X3-of-X4,X1-obj-X3,",Incorrect partial DRS,null,null
398,Which is the nationality of the creator of The Abandoned House?," X1-be-is-null,X2-which-Which-null,X5-House-House-the,X4-creator-creator-the,X3-nationality-nationality-the, X1-subj-X2,X5-abandoned-true,X5-has_name-House,X4-of-X5,X3-of-X4,X1-obj-X3, X1-be-is-null,X2-which-Which-null,X5-House-House-the,X4-creator-creator-the,X3-nationality-nationality-the, X1-subj-X2,X5-has_name-Abandoned,X5-has_name-House,X4-of-X5,X3-of-X4,X1-obj-X3, X1-be-is-null,X2-which-Which-null,X3-nationality-nationality-the,X5-House-House-the,X4-creator-creator-the, X1-subj-X2,X1-obj-X3,X5-abandoned-true,X5-has_name-House,X4-of-X5,X1-obl_of-X4, X1-be-is-null,X2-which-Which-null,X3-nationality-nationality-the,X5-House-House-the,X4-creator-creator-the, X1-subj-X2,X1-obj-X3,X5-has_name-Abandoned,X5-has_name-House,X4-of-X5,X1-obl_of-X4, X1-be-is-null,X2-which-Which-null,X3-nationality-nationality-the,X4-creator-creator-the,X5-House-House-the, X1-subj-X2,X1-obj-X3,X1-obl_of-X4,X5-abandoned-true,X5-has_name-House,X1-obl_of-X5, X1-be-is-null,X2-which-Which-null,X3-nationality-nationality-the,X4-creator-creator-the,X5-House-House-the, X1-subj-X2,X1-obj-X3,X1-obl_of-X4,X5-has_name-Abandoned,X5-has_name-House,X1-obl_of-X5, X1-be-is-null,X2-which-Which-null,X4-creator-creator-the,X5-House-House-the,X3-nationality-nationality-the, X1-subj-X2,X3-of-X4,X5-abandoned-true,X5-has_name-House,X3-of-X5,X1-obj-X3, X1-be-is-null,X2-which-Which-null,X4-creator-creator-the,X5-House-House-the,X3-nationality-nationality-the, X1-subj-X2,X3-of-X4,X5-has_name-Abandoned,X5-has_name-House,X3-of-X5,X1-obj-X3, X1-be-is-null,X2-which-Which-null,X4-House-House-the,X3-nationality-nationality-the,X5-creator-creator-the, X1-subj-X2,X4-abandoned-true,X4-has_name-House,X3-of-X4,X1-obj-X3,X1-obl_of-X5, X1-be-is-null,X2-which-Which-null,X4-House-House-the,X3-nationality-nationality-the,X5-creator-creator-the, X1-subj-X2,X4-has_name-Abandoned,X4-has_name-House,X3-of-X4,X1-obj-X3,X1-obl_of-X5, X1-be-is-null,X2-which-Which-null,X4-creator-creator-the,X3-nationality-nationality-the,X5-House-House-the, X1-subj-X2,X3-of-X4,X1-obj-X3,X5-abandoned-true,X5-has_name-House,X1-obl_of-X5, X1-be-is-null,X2-which-Which-null,X4-creator-creator-the,X3-nationality-nationality-the,X5-House-House-the, X1-subj-X2,X3-of-X4,X1-obj-X3,X5-has_name-Abandoned,X5-has_name-House,X1-obl_of-X5,","Drs [
 tokens=[],
 dEntities=[
DEntity(X1, be, is, VERB, null, false, Query1, Query), 
DEntity(X2, which, Which, PRON, null, false, Qualifier2, Qualifier), 
DEntity(X5, House, House, PROPN, the, false, Artefact3, Artefact), 
DEntity(X4, creator, creator, NOUN, the, false, Artist4, Artist), 
DEntity(X3, nationality, nationality, NOUN, the, false, ConceptArtist5, ConceptArtist)],
 dConditions=[
DCondition(X1, subj, X2, propriedades= [qQualifier] --- []), 
DCondition(X5, abandoned, true, propriedades= [] --- [has_name, has_text, who]), 
DCondition(X5, has_name, House, propriedades= [] --- [has_name, has_text, who]), 
DCondition(X4, of, X5, propriedades= [author_of] --- []), 
DCondition(X3, of, X4, propriedades= [conc_of_Artist] --- []), 
DCondition(X1, obj, X3, propriedades= [select] --- []), 
DCondition(X1, has_text, be, propriedades= [] --- [has_name, has_text, who]), 
DCondition(X2, has_text, which, propriedades= [] --- [has_name, has_text, who]), 
DCondition(X5, has_text, House, propriedades= [] --- [has_name, has_text, who]), 
DCondition(X4, has_text, creator, propriedades= [] --- [has_name, has_text, who]), 
DCondition(X3, has_text, nationality, propriedades= [] --- [has_name, has_text, who]), 
DCondition(X2, has_name, null list, propriedades= [] --- [has_name, has_text, who]), 
DCondition(X1, obj, X2, propriedades= [qQualifier] --- [])]
 solu��es = []
 numeroFrase = 0
 numHasNames = 2
 numIndividuals = 5
 numEntitiesOk = 10
 numIsClass = 0
 numPropsOk = 5
 numEntitiesNOk = 0
 numClassesOk = 4]"," PREFIX rdf: <http://www.w3.org/1999/02/22-rdf-syntax-ns#> PREFIX xsd: <http://www.w3.org/2001/XMLSchema#> PREFIX rdfs: <http://www.w3.org/2000/01/rdf-schema#> PREFIX cidoc: <http://www.cidoc-crm.org/cidoc-crm/> SELECT  DISTINCT  ?snameConceptArtist5 ?ConceptArtist5 ?snameArtefact3 ?Artefact3 WHERE { {{?Artefact3 cidoc:P131_is_identified_by ?nameArtefact3 . ?nameArtefact3 rdf:value ?snameArtefact3 .}  UNION {?Artefact3 rdfs:label ?snameArtefact3 .}}  filter(regex(?snameArtefact3,""House"",""i"")) . ?prod cidoc:P14_carried_out_by ?Artist4 . ?Artefact3 cidoc:P108i_was_produced_by ?prod . ?Artist4 rdfs:label ?snameArtist4 . ?Artist4 cidoc:P107i_is_current_or_former_member_of ?ConceptArtist5. ?ConceptArtist5 rdfs:label ?snameConceptArtist5. }",true
399,"Which is the nationality of the creator of The Alcantara, Toledo?"," X1-be-is-null,X2-which-Which-null,X5-Alcantara-Alcantara-the,X4-creator-creator-the,X3-nationality-nationality-the, X1-subj-X2,X5-has_name-Toledo,X5-has_name-Alcantara,X4-of-X5,X3-of-X4,X1-obj-X3, X1-be-is-null,X2-which-Which-null,X3-nationality-nationality-the,X5-Alcantara-Alcantara-the,X4-creator-creator-the, X1-subj-X2,X1-obj-X3,X5-has_name-Toledo,X5-has_name-Alcantara,X4-of-X5,X1-obl_of-X4, X1-be-is-null,X2-which-Which-null,X3-nationality-nationality-the,X4-creator-creator-the,X5-Alcantara-Alcantara-the, X1-subj-X2,X1-obj-X3,X1-obl_of-X4,X5-has_name-Toledo,X5-has_name-Alcantara,X1-obl_of-X5, X1-be-is-null,X2-which-Which-null,X4-creator-creator-the,X5-Alcantara-Alcantara-the,X3-nationality-nationality-the, X1-subj-X2,X3-of-X4,X5-has_name-Toledo,X5-has_name-Alcantara,X3-of-X5,X1-obj-X3, X1-be-is-null,X2-which-Which-null,X4-Alcantara-Alcantara-the,X3-nationality-nationality-the,X5-creator-creator-the, X1-subj-X2,X4-has_name-Toledo,X4-has_name-Alcantara,X3-of-X4,X1-obj-X3,X1-obl_of-X5, X1-be-is-null,X2-which-Which-null,X4-creator-creator-the,X3-nationality-nationality-the,X5-Alcantara-Alcantara-the, X1-subj-X2,X3-of-X4,X1-obj-X3,X5-has_name-Toledo,X5-has_name-Alcantara,X1-obl_of-X5, X1-be-is-null,X2-which-Which-null,X6-Toledo-Toledo-null,X5-Alcantara-Alcantara-the,X4-creator-creator-the,X3-nationality-nationality-the, X1-subj-X2,X6-has_name-Toledo,X5-rel-X6,X5-has_name-Alcantara,X4-of-X5,X3-of-X4,X1-obj-X3, X1-be-is-null,X2-which-Which-null,X3-nationality-nationality-the,X6-Toledo-Toledo-null,X5-Alcantara-Alcantara-the,X4-creator-creator-the, X1-subj-X2,X1-obj-X3,X6-has_name-Toledo,X5-rel-X6,X5-has_name-Alcantara,X4-of-X5,X1-obl_of-X4, X1-be-is-null,X2-which-Which-null,X3-nationality-nationality-the,X4-creator-creator-the,X6-Toledo-Toledo-null,X5-Alcantara-Alcantara-the, X1-subj-X2,X1-obj-X3,X1-obl_of-X4,X6-has_name-Toledo,X5-rel-X6,X5-has_name-Alcantara,X1-obl_of-X5, X1-be-is-null,X2-which-Which-null,X4-creator-creator-the,X6-Toledo-Toledo-null,X5-Alcantara-Alcantara-the,X3-nationality-nationality-the, X1-subj-X2,X3-of-X4,X6-has_name-Toledo,X5-rel-X6,X5-has_name-Alcantara,X3-of-X5,X1-obj-X3, X1-be-is-null,X2-which-Which-null,X5-Toledo-Toledo-null,X4-Alcantara-Alcantara-the,X3-nationality-nationality-the,X6-creator-creator-the, X1-subj-X2,X5-has_name-Toledo,X4-rel-X5,X4-has_name-Alcantara,X3-of-X4,X1-obj-X3,X1-obl_of-X6, X1-be-is-null,X2-which-Which-null,X4-creator-creator-the,X3-nationality-nationality-the,X6-Toledo-Toledo-null,X5-Alcantara-Alcantara-the, X1-subj-X2,X3-of-X4,X1-obj-X3,X6-has_name-Toledo,X5-rel-X6,X5-has_name-Alcantara,X1-obl_of-X5,",Incorrect partial DRS,null,null
400,Which is the nationality of the creator of The Artist's Children?," X1-be-is-null,X2-which-Which-null,X6-artist-Artist-the,X5-Children-Children-null,X4-creator-creator-the,X3-nationality-nationality-the, X1-subj-X2,X6-has_name-artist,X5-of-X6,X5-has_name-Children,X4-of-X5,X3-of-X4,X1-obj-X3, X1-be-is-null,X2-which-Which-null,X3-nationality-nationality-the,X6-artist-Artist-the,X5-Children-Children-null,X4-creator-creator-the, X1-subj-X2,X1-obj-X3,X6-has_name-artist,X5-of-X6,X5-has_name-Children,X4-of-X5,X1-obl_of-X4,X1-obl-X4, X1-be-is-null,X2-which-Which-null,X3-nationality-nationality-the,X4-creator-creator-the,X6-artist-Artist-the,X5-Children-Children-null, X1-subj-X2,X1-obj-X3,X1-obl_of-X4,X6-has_name-artist,X5-of-X6,X5-has_name-Children,X1-obl_of-X5,X1-obl-X5, X1-be-is-null,X2-which-Which-null,X4-creator-creator-the,X6-artist-Artist-the,X5-Children-Children-null,X3-nationality-nationality-the, X1-subj-X2,X3-of-X4,X6-has_name-artist,X5-of-X6,X5-has_name-Children,X3-of-X5,X1-obj-X3, X1-be-is-null,X2-which-Which-null,X5-artist-Artist-the,X4-Children-Children-null,X3-nationality-nationality-the,X6-creator-creator-the, X1-subj-X2,X5-has_name-artist,X4-of-X5,X4-has_name-Children,X3-of-X4,X1-obj-X3,X1-obl_of-X6, X1-be-is-null,X2-which-Which-null,X4-creator-creator-the,X3-nationality-nationality-the,X6-artist-Artist-the,X5-Children-Children-null, X1-subj-X2,X3-of-X4,X1-obj-X3,X6-has_name-artist,X5-of-X6,X5-has_name-Children,X1-obl_of-X5,X1-obl-X5,",Incorrect partial DRS,null,null
401,Which is the nationality of the creator of The Aviators?," X1-be-is-null,X2-which-Which-null,X5-Aviator-Aviators-the,X4-creator-creator-the,X3-nationality-nationality-the, X1-subj-X2,X5-has_name-Aviator,X4-of-X5,X3-of-X4,X1-obj-X3, X1-be-is-null,X2-which-Which-null,X3-nationality-nationality-the,X5-Aviator-Aviators-the,X4-creator-creator-the, X1-subj-X2,X1-obj-X3,X5-has_name-Aviator,X4-of-X5,X1-obl_of-X4, X1-be-is-null,X2-which-Which-null,X3-nationality-nationality-the,X4-creator-creator-the,X5-Aviator-Aviators-the, X1-subj-X2,X1-obj-X3,X1-obl_of-X4,X5-has_name-Aviator,X1-obl_of-X5, X1-be-is-null,X2-which-Which-null,X4-creator-creator-the,X5-Aviator-Aviators-the,X3-nationality-nationality-the, X1-subj-X2,X3-of-X4,X5-has_name-Aviator,X3-of-X5,X1-obj-X3, X1-be-is-null,X2-which-Which-null,X4-Aviator-Aviators-the,X3-nationality-nationality-the,X5-creator-creator-the, X1-subj-X2,X4-has_name-Aviator,X3-of-X4,X1-obj-X3,X1-obl_of-X5, X1-be-is-null,X2-which-Which-null,X4-creator-creator-the,X3-nationality-nationality-the,X5-Aviator-Aviators-the, X1-subj-X2,X3-of-X4,X1-obj-X3,X5-has_name-Aviator,X1-obl_of-X5,","Drs [
 tokens=[],
 dEntities=[
DEntity(X1, be, is, VERB, null, false, Query1, Query), 
DEntity(X2, which, Which, PRON, null, false, Qualifier2, Qualifier), 
DEntity(X5, Aviator, Aviators, PROPN, the, false, Artefact3, Artefact), 
DEntity(X4, creator, creator, NOUN, the, false, Artist4, Artist), 
DEntity(X3, nationality, nationality, NOUN, the, false, ConceptArtist5, ConceptArtist)],
 dConditions=[
DCondition(X1, subj, X2, propriedades= [qQualifier] --- []), 
DCondition(X5, has_name, Aviator, propriedades= [] --- [has_name, has_text, who]), 
DCondition(X4, of, X5, propriedades= [author_of] --- []), 
DCondition(X3, of, X4, propriedades= [conc_of_Artist] --- []), 
DCondition(X1, obj, X3, propriedades= [select] --- []), 
DCondition(X1, has_text, be, propriedades= [] --- [has_name, has_text, who]), 
DCondition(X2, has_text, which, propriedades= [] --- [has_name, has_text, who]), 
DCondition(X5, has_text, Aviator, propriedades= [] --- [has_name, has_text, who]), 
DCondition(X4, has_text, creator, propriedades= [] --- [has_name, has_text, who]), 
DCondition(X3, has_text, nationality, propriedades= [] --- [has_name, has_text, who]), 
DCondition(X2, has_name, null list, propriedades= [] --- [has_name, has_text, who]), 
DCondition(X1, obj, X2, propriedades= [qQualifier] --- [])]
 solu��es = []
 numeroFrase = 0
 numHasNames = 2
 numIndividuals = 5
 numEntitiesOk = 10
 numIsClass = 0
 numPropsOk = 5
 numEntitiesNOk = 0
 numClassesOk = 4]"," PREFIX rdf: <http://www.w3.org/1999/02/22-rdf-syntax-ns#> PREFIX xsd: <http://www.w3.org/2001/XMLSchema#> PREFIX rdfs: <http://www.w3.org/2000/01/rdf-schema#> PREFIX cidoc: <http://www.cidoc-crm.org/cidoc-crm/> SELECT  DISTINCT  ?snameConceptArtist5 ?ConceptArtist5 ?snameArtefact3 ?Artefact3 WHERE { {{?Artefact3 cidoc:P131_is_identified_by ?nameArtefact3 . ?nameArtefact3 rdf:value ?snameArtefact3 .}  UNION {?Artefact3 rdfs:label ?snameArtefact3 .}}  filter(regex(?snameArtefact3,""Aviator"",""i"")) . ?prod cidoc:P14_carried_out_by ?Artist4 . ?Artefact3 cidoc:P108i_was_produced_by ?prod . ?Artist4 rdfs:label ?snameArtist4 . ?Artist4 cidoc:P107i_is_current_or_former_member_of ?ConceptArtist5. ?ConceptArtist5 rdfs:label ?snameConceptArtist5. }",true
402,Which is the nationality of the creator of The Beauty Parlor?," X1-be-is-null,X2-which-Which-null,X5-Beauty Parlor-Beauty Parlor-the,X4-creator-creator-the,X3-nationality-nationality-the, X1-subj-X2,X5-has_name-Beauty Parlor,X4-of-X5,X3-of-X4,X1-obj-X3, X1-be-is-null,X2-which-Which-null,X3-nationality-nationality-the,X5-Beauty Parlor-Beauty Parlor-the,X4-creator-creator-the, X1-subj-X2,X1-obj-X3,X5-has_name-Beauty Parlor,X4-of-X5,X1-obl_of-X4, X1-be-is-null,X2-which-Which-null,X3-nationality-nationality-the,X4-creator-creator-the,X5-Beauty Parlor-Beauty Parlor-the, X1-subj-X2,X1-obj-X3,X1-obl_of-X4,X5-has_name-Beauty Parlor,X1-obl_of-X5, X1-be-is-null,X2-which-Which-null,X4-creator-creator-the,X5-Beauty Parlor-Beauty Parlor-the,X3-nationality-nationality-the, X1-subj-X2,X3-of-X4,X5-has_name-Beauty Parlor,X3-of-X5,X1-obj-X3, X1-be-is-null,X2-which-Which-null,X4-Beauty Parlor-Beauty Parlor-the,X3-nationality-nationality-the,X5-creator-creator-the, X1-subj-X2,X4-has_name-Beauty Parlor,X3-of-X4,X1-obj-X3,X1-obl_of-X5, X1-be-is-null,X2-which-Which-null,X4-creator-creator-the,X3-nationality-nationality-the,X5-Beauty Parlor-Beauty Parlor-the, X1-subj-X2,X3-of-X4,X1-obj-X3,X5-has_name-Beauty Parlor,X1-obl_of-X5,","Drs [
 tokens=[],
 dEntities=[
DEntity(X1, be, is, VERB, null, false, Query1, Query), 
DEntity(X2, which, Which, PRON, null, false, Qualifier2, Qualifier), 
DEntity(X5, Beauty Parlor, Beauty Parlor, PROPN, the, false, Artefact3, Artefact), 
DEntity(X4, creator, creator, NOUN, the, false, Artist4, Artist), 
DEntity(X3, nationality, nationality, NOUN, the, false, ConceptArtist5, ConceptArtist)],
 dConditions=[
DCondition(X1, subj, X2, propriedades= [qQualifier] --- []), 
DCondition(X5, has_name, Beauty Parlor, propriedades= [] --- [has_name, has_text, who]), 
DCondition(X4, of, X5, propriedades= [author_of] --- []), 
DCondition(X3, of, X4, propriedades= [conc_of_Artist] --- []), 
DCondition(X1, obj, X3, propriedades= [select] --- []), 
DCondition(X1, has_text, be, propriedades= [] --- [has_name, has_text, who]), 
DCondition(X2, has_text, which, propriedades= [] --- [has_name, has_text, who]), 
DCondition(X5, has_text, Beauty Parlor, propriedades= [] --- [has_name, has_text, who]), 
DCondition(X4, has_text, creator, propriedades= [] --- [has_name, has_text, who]), 
DCondition(X3, has_text, nationality, propriedades= [] --- [has_name, has_text, who]), 
DCondition(X2, has_name, null list, propriedades= [] --- [has_name, has_text, who]), 
DCondition(X1, obj, X2, propriedades= [qQualifier] --- [])]
 solu��es = []
 numeroFrase = 0
 numHasNames = 2
 numIndividuals = 5
 numEntitiesOk = 10
 numIsClass = 0
 numPropsOk = 5
 numEntitiesNOk = 0
 numClassesOk = 4]"," PREFIX rdf: <http://www.w3.org/1999/02/22-rdf-syntax-ns#> PREFIX xsd: <http://www.w3.org/2001/XMLSchema#> PREFIX rdfs: <http://www.w3.org/2000/01/rdf-schema#> PREFIX cidoc: <http://www.cidoc-crm.org/cidoc-crm/> SELECT  DISTINCT  ?snameConceptArtist5 ?ConceptArtist5 ?snameArtefact3 ?Artefact3 WHERE { {{?Artefact3 cidoc:P131_is_identified_by ?nameArtefact3 . ?nameArtefact3 rdf:value ?snameArtefact3 .}  UNION {?Artefact3 rdfs:label ?snameArtefact3 .}}  filter(regex(?snameArtefact3,""Beauty Parlor"",""i"")) . ?prod cidoc:P14_carried_out_by ?Artist4 . ?Artefact3 cidoc:P108i_was_produced_by ?prod . ?Artist4 rdfs:label ?snameArtist4 . ?Artist4 cidoc:P107i_is_current_or_former_member_of ?ConceptArtist5. ?ConceptArtist5 rdfs:label ?snameConceptArtist5. }",true
403,Which is the nationality of the creator of The Beginning?," X1-be-is-null,X2-which-Which-null,X5-beginning-Beginning-the,X4-creator-creator-the,X3-nationality-nationality-the, X1-subj-X2,X4-of-X5,X3-of-X4,X1-obj-X3, X1-be-is-null,X2-which-Which-null,X3-nationality-nationality-the,X5-beginning-Beginning-the,X4-creator-creator-the, X1-subj-X2,X1-obj-X3,X4-of-X5,X1-obl_of-X4, X1-be-is-null,X2-which-Which-null,X3-nationality-nationality-the,X4-creator-creator-the,X5-beginning-Beginning-the, X1-subj-X2,X1-obj-X3,X1-obl_of-X4,X1-obl_of-X5, X1-be-is-null,X2-which-Which-null,X4-creator-creator-the,X5-beginning-Beginning-the,X3-nationality-nationality-the, X1-subj-X2,X3-of-X4,X3-of-X5,X1-obj-X3, X1-be-is-null,X2-which-Which-null,X4-beginning-Beginning-the,X3-nationality-nationality-the,X5-creator-creator-the, X1-subj-X2,X3-of-X4,X1-obj-X3,X1-obl_of-X5, X1-be-is-null,X2-which-Which-null,X4-creator-creator-the,X3-nationality-nationality-the,X5-beginning-Beginning-the, X1-subj-X2,X3-of-X4,X1-obj-X3,X1-obl_of-X5,","Drs [
 tokens=[],
 dEntities=[
DEntity(X1, be, is, VERB, null, false, Query1, Query), 
DEntity(X2, which, Which, PRON, null, false, Qualifier2, Qualifier), 
DEntity(X5, beginning, Beginning, NOUN, the, false, Artefact3, Artefact), 
DEntity(X4, creator, creator, NOUN, the, false, Artist4, Artist), 
DEntity(X3, nationality, nationality, NOUN, the, false, ConceptArtist5, ConceptArtist)],
 dConditions=[
DCondition(X1, subj, X2, propriedades= [qQualifier] --- []), 
DCondition(X4, of, X5, propriedades= [author_of] --- []), 
DCondition(X3, of, X4, propriedades= [conc_of_Artist] --- []), 
DCondition(X1, obj, X3, propriedades= [select] --- []), 
DCondition(X1, has_text, be, propriedades= [] --- [has_name, has_text, who]), 
DCondition(X2, has_text, which, propriedades= [] --- [has_name, has_text, who]), 
DCondition(X5, has_text, beginning, propriedades= [] --- [has_name, has_text, who]), 
DCondition(X4, has_text, creator, propriedades= [] --- [has_name, has_text, who]), 
DCondition(X3, has_text, nationality, propriedades= [] --- [has_name, has_text, who]), 
DCondition(X2, has_name, null list, propriedades= [] --- [has_name, has_text, who]), 
DCondition(X1, obj, X2, propriedades= [qQualifier] --- [])]
 solu��es = []
 numeroFrase = 0
 numHasNames = 1
 numIndividuals = 5
 numEntitiesOk = 10
 numIsClass = 0
 numPropsOk = 5
 numEntitiesNOk = 0
 numClassesOk = 4]", PREFIX rdf: <http://www.w3.org/1999/02/22-rdf-syntax-ns#> PREFIX xsd: <http://www.w3.org/2001/XMLSchema#> PREFIX rdfs: <http://www.w3.org/2000/01/rdf-schema#> PREFIX cidoc: <http://www.cidoc-crm.org/cidoc-crm/> SELECT  DISTINCT  ?snameConceptArtist5 ?ConceptArtist5 WHERE { ?prod cidoc:P14_carried_out_by ?Artist4 . ?Artefact3 cidoc:P108i_was_produced_by ?prod . ?Artist4 rdfs:label ?snameArtist4 . ?Artist4 cidoc:P107i_is_current_or_former_member_of ?ConceptArtist5. ?ConceptArtist5 rdfs:label ?snameConceptArtist5. },false
404,Which is the nationality of the creator of The Birdlover?," X1-be-is-null,X2-which-Which-null,X5-Birdlover-Birdlover-the,X4-creator-creator-the,X3-nationality-nationality-the, X1-subj-X2,X5-has_name-Birdlover,X4-of-X5,X3-of-X4,X1-obj-X3, X1-be-is-null,X2-which-Which-null,X3-nationality-nationality-the,X5-Birdlover-Birdlover-the,X4-creator-creator-the, X1-subj-X2,X1-obj-X3,X5-has_name-Birdlover,X4-of-X5,X1-obl_of-X4, X1-be-is-null,X2-which-Which-null,X3-nationality-nationality-the,X4-creator-creator-the,X5-Birdlover-Birdlover-the, X1-subj-X2,X1-obj-X3,X1-obl_of-X4,X5-has_name-Birdlover,X1-obl_of-X5, X1-be-is-null,X2-which-Which-null,X4-creator-creator-the,X5-Birdlover-Birdlover-the,X3-nationality-nationality-the, X1-subj-X2,X3-of-X4,X5-has_name-Birdlover,X3-of-X5,X1-obj-X3, X1-be-is-null,X2-which-Which-null,X4-Birdlover-Birdlover-the,X3-nationality-nationality-the,X5-creator-creator-the, X1-subj-X2,X4-has_name-Birdlover,X3-of-X4,X1-obj-X3,X1-obl_of-X5, X1-be-is-null,X2-which-Which-null,X4-creator-creator-the,X3-nationality-nationality-the,X5-Birdlover-Birdlover-the, X1-subj-X2,X3-of-X4,X1-obj-X3,X5-has_name-Birdlover,X1-obl_of-X5,","Drs [
 tokens=[],
 dEntities=[
DEntity(X1, be, is, VERB, null, false, Query1, Query), 
DEntity(X2, which, Which, PRON, null, false, Qualifier2, Qualifier), 
DEntity(X5, Birdlover, Birdlover, PROPN, the, false, Artefact3, Artefact), 
DEntity(X4, creator, creator, NOUN, the, false, Artist4, Artist), 
DEntity(X3, nationality, nationality, NOUN, the, false, ConceptArtist5, ConceptArtist)],
 dConditions=[
DCondition(X1, subj, X2, propriedades= [qQualifier] --- []), 
DCondition(X5, has_name, Birdlover, propriedades= [] --- [has_name, has_text, who]), 
DCondition(X4, of, X5, propriedades= [author_of] --- []), 
DCondition(X3, of, X4, propriedades= [conc_of_Artist] --- []), 
DCondition(X1, obj, X3, propriedades= [select] --- []), 
DCondition(X1, has_text, be, propriedades= [] --- [has_name, has_text, who]), 
DCondition(X2, has_text, which, propriedades= [] --- [has_name, has_text, who]), 
DCondition(X5, has_text, Birdlover, propriedades= [] --- [has_name, has_text, who]), 
DCondition(X4, has_text, creator, propriedades= [] --- [has_name, has_text, who]), 
DCondition(X3, has_text, nationality, propriedades= [] --- [has_name, has_text, who]), 
DCondition(X2, has_name, null list, propriedades= [] --- [has_name, has_text, who]), 
DCondition(X1, obj, X2, propriedades= [qQualifier] --- [])]
 solu��es = []
 numeroFrase = 0
 numHasNames = 2
 numIndividuals = 5
 numEntitiesOk = 10
 numIsClass = 0
 numPropsOk = 5
 numEntitiesNOk = 0
 numClassesOk = 4]"," PREFIX rdf: <http://www.w3.org/1999/02/22-rdf-syntax-ns#> PREFIX xsd: <http://www.w3.org/2001/XMLSchema#> PREFIX rdfs: <http://www.w3.org/2000/01/rdf-schema#> PREFIX cidoc: <http://www.cidoc-crm.org/cidoc-crm/> SELECT  DISTINCT  ?snameConceptArtist5 ?ConceptArtist5 ?snameArtefact3 ?Artefact3 WHERE { {{?Artefact3 cidoc:P131_is_identified_by ?nameArtefact3 . ?nameArtefact3 rdf:value ?snameArtefact3 .}  UNION {?Artefact3 rdfs:label ?snameArtefact3 .}}  filter(regex(?snameArtefact3,""Birdlover"",""i"")) . ?prod cidoc:P14_carried_out_by ?Artist4 . ?Artefact3 cidoc:P108i_was_produced_by ?prod . ?Artist4 rdfs:label ?snameArtist4 . ?Artist4 cidoc:P107i_is_current_or_former_member_of ?ConceptArtist5. ?ConceptArtist5 rdfs:label ?snameConceptArtist5. }",true
405,Which is the nationality of the creator of The Black Hat?," X1-be-is-null,X2-which-Which-null,X5-Hat-Hat-the,X4-creator-creator-the,X3-nationality-nationality-the, X1-subj-X2,X5-Black-true,X5-has_name-Hat,X4-of-X5,X3-of-X4,X1-obj-X3, X1-be-is-null,X2-which-Which-null,X5-Hat-Hat-the,X4-creator-creator-the,X3-nationality-nationality-the, X1-subj-X2,X5-has_name-Black,X5-has_name-Hat,X4-of-X5,X3-of-X4,X1-obj-X3, X1-be-is-null,X2-which-Which-null,X3-nationality-nationality-the,X5-Hat-Hat-the,X4-creator-creator-the, X1-subj-X2,X1-obj-X3,X5-Black-true,X5-has_name-Hat,X4-of-X5,X1-obl_of-X4, X1-be-is-null,X2-which-Which-null,X3-nationality-nationality-the,X5-Hat-Hat-the,X4-creator-creator-the, X1-subj-X2,X1-obj-X3,X5-has_name-Black,X5-has_name-Hat,X4-of-X5,X1-obl_of-X4, X1-be-is-null,X2-which-Which-null,X3-nationality-nationality-the,X4-creator-creator-the,X5-Hat-Hat-the, X1-subj-X2,X1-obj-X3,X1-obl_of-X4,X5-Black-true,X5-has_name-Hat,X1-obl_of-X5, X1-be-is-null,X2-which-Which-null,X3-nationality-nationality-the,X4-creator-creator-the,X5-Hat-Hat-the, X1-subj-X2,X1-obj-X3,X1-obl_of-X4,X5-has_name-Black,X5-has_name-Hat,X1-obl_of-X5, X1-be-is-null,X2-which-Which-null,X4-creator-creator-the,X5-Hat-Hat-the,X3-nationality-nationality-the, X1-subj-X2,X3-of-X4,X5-Black-true,X5-has_name-Hat,X3-of-X5,X1-obj-X3, X1-be-is-null,X2-which-Which-null,X4-creator-creator-the,X5-Hat-Hat-the,X3-nationality-nationality-the, X1-subj-X2,X3-of-X4,X5-has_name-Black,X5-has_name-Hat,X3-of-X5,X1-obj-X3, X1-be-is-null,X2-which-Which-null,X4-Hat-Hat-the,X3-nationality-nationality-the,X5-creator-creator-the, X1-subj-X2,X4-Black-true,X4-has_name-Hat,X3-of-X4,X1-obj-X3,X1-obl_of-X5, X1-be-is-null,X2-which-Which-null,X4-Hat-Hat-the,X3-nationality-nationality-the,X5-creator-creator-the, X1-subj-X2,X4-has_name-Black,X4-has_name-Hat,X3-of-X4,X1-obj-X3,X1-obl_of-X5, X1-be-is-null,X2-which-Which-null,X4-creator-creator-the,X3-nationality-nationality-the,X5-Hat-Hat-the, X1-subj-X2,X3-of-X4,X1-obj-X3,X5-Black-true,X5-has_name-Hat,X1-obl_of-X5, X1-be-is-null,X2-which-Which-null,X4-creator-creator-the,X3-nationality-nationality-the,X5-Hat-Hat-the, X1-subj-X2,X3-of-X4,X1-obj-X3,X5-has_name-Black,X5-has_name-Hat,X1-obl_of-X5,","Drs [
 tokens=[],
 dEntities=[
DEntity(X1, be, is, VERB, null, false, Query1, Query), 
DEntity(X2, which, Which, PRON, null, false, Qualifier2, Qualifier), 
DEntity(X5, Hat, Hat, PROPN, the, false, Artefact3, Artefact), 
DEntity(X4, creator, creator, NOUN, the, false, Artist4, Artist), 
DEntity(X3, nationality, nationality, NOUN, the, false, ConceptArtist5, ConceptArtist)],
 dConditions=[
DCondition(X1, subj, X2, propriedades= [qQualifier] --- []), 
DCondition(X5, Black, true, propriedades= [] --- [has_name, has_text, who]), 
DCondition(X5, has_name, Hat, propriedades= [] --- [has_name, has_text, who]), 
DCondition(X4, of, X5, propriedades= [author_of] --- []), 
DCondition(X3, of, X4, propriedades= [conc_of_Artist] --- []), 
DCondition(X1, obj, X3, propriedades= [select] --- []), 
DCondition(X1, has_text, be, propriedades= [] --- [has_name, has_text, who]), 
DCondition(X2, has_text, which, propriedades= [] --- [has_name, has_text, who]), 
DCondition(X5, has_text, Hat, propriedades= [] --- [has_name, has_text, who]), 
DCondition(X4, has_text, creator, propriedades= [] --- [has_name, has_text, who]), 
DCondition(X3, has_text, nationality, propriedades= [] --- [has_name, has_text, who]), 
DCondition(X2, has_name, null list, propriedades= [] --- [has_name, has_text, who]), 
DCondition(X1, obj, X2, propriedades= [qQualifier] --- [])]
 solu��es = []
 numeroFrase = 0
 numHasNames = 2
 numIndividuals = 5
 numEntitiesOk = 10
 numIsClass = 0
 numPropsOk = 5
 numEntitiesNOk = 0
 numClassesOk = 4]"," PREFIX rdf: <http://www.w3.org/1999/02/22-rdf-syntax-ns#> PREFIX xsd: <http://www.w3.org/2001/XMLSchema#> PREFIX rdfs: <http://www.w3.org/2000/01/rdf-schema#> PREFIX cidoc: <http://www.cidoc-crm.org/cidoc-crm/> SELECT  DISTINCT  ?snameConceptArtist5 ?ConceptArtist5 ?snameArtefact3 ?Artefact3 WHERE { {{?Artefact3 cidoc:P131_is_identified_by ?nameArtefact3 . ?nameArtefact3 rdf:value ?snameArtefact3 .}  UNION {?Artefact3 rdfs:label ?snameArtefact3 .}}  filter(regex(?snameArtefact3,""Hat"",""i"")) . ?prod cidoc:P14_carried_out_by ?Artist4 . ?Artefact3 cidoc:P108i_was_produced_by ?prod . ?Artist4 rdfs:label ?snameArtist4 . ?Artist4 cidoc:P107i_is_current_or_former_member_of ?ConceptArtist5. ?ConceptArtist5 rdfs:label ?snameConceptArtist5. }",false
406,Which is the nationality of the creator of The Bottle?," X1-be-is-null,X2-which-Which-null,X5-bottle-Bottle-the,X4-creator-creator-the,X3-nationality-nationality-the, X1-subj-X2,X4-of-X5,X3-of-X4,X1-obj-X3, X1-be-is-null,X2-which-Which-null,X3-nationality-nationality-the,X5-bottle-Bottle-the,X4-creator-creator-the, X1-subj-X2,X1-obj-X3,X4-of-X5,X1-obl_of-X4, X1-be-is-null,X2-which-Which-null,X3-nationality-nationality-the,X4-creator-creator-the,X5-bottle-Bottle-the, X1-subj-X2,X1-obj-X3,X1-obl_of-X4,X1-obl_of-X5, X1-be-is-null,X2-which-Which-null,X4-creator-creator-the,X5-bottle-Bottle-the,X3-nationality-nationality-the, X1-subj-X2,X3-of-X4,X3-of-X5,X1-obj-X3, X1-be-is-null,X2-which-Which-null,X4-bottle-Bottle-the,X3-nationality-nationality-the,X5-creator-creator-the, X1-subj-X2,X3-of-X4,X1-obj-X3,X1-obl_of-X5, X1-be-is-null,X2-which-Which-null,X4-creator-creator-the,X3-nationality-nationality-the,X5-bottle-Bottle-the, X1-subj-X2,X3-of-X4,X1-obj-X3,X1-obl_of-X5,","Drs [
 tokens=[],
 dEntities=[
DEntity(X1, be, is, VERB, null, false, Query1, Query), 
DEntity(X2, which, Which, PRON, null, false, Qualifier2, Qualifier), 
DEntity(X5, bottle, Bottle, NOUN, the, false, Artefact3, Artefact), 
DEntity(X4, creator, creator, NOUN, the, false, Artist4, Artist), 
DEntity(X3, nationality, nationality, NOUN, the, false, ConceptArtist5, ConceptArtist)],
 dConditions=[
DCondition(X1, subj, X2, propriedades= [qQualifier] --- []), 
DCondition(X4, of, X5, propriedades= [author_of] --- []), 
DCondition(X3, of, X4, propriedades= [conc_of_Artist] --- []), 
DCondition(X1, obj, X3, propriedades= [select] --- []), 
DCondition(X1, has_text, be, propriedades= [] --- [has_name, has_text, who]), 
DCondition(X2, has_text, which, propriedades= [] --- [has_name, has_text, who]), 
DCondition(X5, has_text, bottle, propriedades= [] --- [has_name, has_text, who]), 
DCondition(X4, has_text, creator, propriedades= [] --- [has_name, has_text, who]), 
DCondition(X3, has_text, nationality, propriedades= [] --- [has_name, has_text, who]), 
DCondition(X2, has_name, null list, propriedades= [] --- [has_name, has_text, who]), 
DCondition(X1, obj, X2, propriedades= [qQualifier] --- [])]
 solu��es = []
 numeroFrase = 0
 numHasNames = 1
 numIndividuals = 5
 numEntitiesOk = 10
 numIsClass = 0
 numPropsOk = 5
 numEntitiesNOk = 0
 numClassesOk = 4]", PREFIX rdf: <http://www.w3.org/1999/02/22-rdf-syntax-ns#> PREFIX xsd: <http://www.w3.org/2001/XMLSchema#> PREFIX rdfs: <http://www.w3.org/2000/01/rdf-schema#> PREFIX cidoc: <http://www.cidoc-crm.org/cidoc-crm/> SELECT  DISTINCT  ?snameConceptArtist5 ?ConceptArtist5 WHERE { ?prod cidoc:P14_carried_out_by ?Artist4 . ?Artefact3 cidoc:P108i_was_produced_by ?prod . ?Artist4 rdfs:label ?snameArtist4 . ?Artist4 cidoc:P107i_is_current_or_former_member_of ?ConceptArtist5. ?ConceptArtist5 rdfs:label ?snameConceptArtist5. },false
407,Which is the nationality of the creator of The Bronco Buster?," X1-be-is-null,X2-which-Which-null,X5-Bronco Buster-Bronco Buster-the,X4-creator-creator-the,X3-nationality-nationality-the, X1-subj-X2,X5-has_name-Bronco Buster,X4-of-X5,X3-of-X4,X1-obj-X3, X1-be-is-null,X2-which-Which-null,X3-nationality-nationality-the,X5-Bronco Buster-Bronco Buster-the,X4-creator-creator-the, X1-subj-X2,X1-obj-X3,X5-has_name-Bronco Buster,X4-of-X5,X1-obl_of-X4, X1-be-is-null,X2-which-Which-null,X3-nationality-nationality-the,X4-creator-creator-the,X5-Bronco Buster-Bronco Buster-the, X1-subj-X2,X1-obj-X3,X1-obl_of-X4,X5-has_name-Bronco Buster,X1-obl_of-X5, X1-be-is-null,X2-which-Which-null,X4-creator-creator-the,X5-Bronco Buster-Bronco Buster-the,X3-nationality-nationality-the, X1-subj-X2,X3-of-X4,X5-has_name-Bronco Buster,X3-of-X5,X1-obj-X3, X1-be-is-null,X2-which-Which-null,X4-Bronco Buster-Bronco Buster-the,X3-nationality-nationality-the,X5-creator-creator-the, X1-subj-X2,X4-has_name-Bronco Buster,X3-of-X4,X1-obj-X3,X1-obl_of-X5, X1-be-is-null,X2-which-Which-null,X4-creator-creator-the,X3-nationality-nationality-the,X5-Bronco Buster-Bronco Buster-the, X1-subj-X2,X3-of-X4,X1-obj-X3,X5-has_name-Bronco Buster,X1-obl_of-X5,","Drs [
 tokens=[],
 dEntities=[
DEntity(X1, be, is, VERB, null, false, Query1, Query), 
DEntity(X2, which, Which, PRON, null, false, Qualifier2, Qualifier), 
DEntity(X5, Bronco Buster, Bronco Buster, PROPN, the, false, Artefact3, Artefact), 
DEntity(X4, creator, creator, NOUN, the, false, Artist4, Artist), 
DEntity(X3, nationality, nationality, NOUN, the, false, ConceptArtist5, ConceptArtist)],
 dConditions=[
DCondition(X1, subj, X2, propriedades= [qQualifier] --- []), 
DCondition(X5, has_name, Bronco Buster, propriedades= [] --- [has_name, has_text, who]), 
DCondition(X4, of, X5, propriedades= [author_of] --- []), 
DCondition(X3, of, X4, propriedades= [conc_of_Artist] --- []), 
DCondition(X1, obj, X3, propriedades= [select] --- []), 
DCondition(X1, has_text, be, propriedades= [] --- [has_name, has_text, who]), 
DCondition(X2, has_text, which, propriedades= [] --- [has_name, has_text, who]), 
DCondition(X5, has_text, Bronco Buster, propriedades= [] --- [has_name, has_text, who]), 
DCondition(X4, has_text, creator, propriedades= [] --- [has_name, has_text, who]), 
DCondition(X3, has_text, nationality, propriedades= [] --- [has_name, has_text, who]), 
DCondition(X2, has_name, null list, propriedades= [] --- [has_name, has_text, who]), 
DCondition(X1, obj, X2, propriedades= [qQualifier] --- [])]
 solu��es = []
 numeroFrase = 0
 numHasNames = 2
 numIndividuals = 5
 numEntitiesOk = 10
 numIsClass = 0
 numPropsOk = 5
 numEntitiesNOk = 0
 numClassesOk = 4]"," PREFIX rdf: <http://www.w3.org/1999/02/22-rdf-syntax-ns#> PREFIX xsd: <http://www.w3.org/2001/XMLSchema#> PREFIX rdfs: <http://www.w3.org/2000/01/rdf-schema#> PREFIX cidoc: <http://www.cidoc-crm.org/cidoc-crm/> SELECT  DISTINCT  ?snameConceptArtist5 ?ConceptArtist5 ?snameArtefact3 ?Artefact3 WHERE { {{?Artefact3 cidoc:P131_is_identified_by ?nameArtefact3 . ?nameArtefact3 rdf:value ?snameArtefact3 .}  UNION {?Artefact3 rdfs:label ?snameArtefact3 .}}  filter(regex(?snameArtefact3,""Bronco Buster"",""i"")) . ?prod cidoc:P14_carried_out_by ?Artist4 . ?Artefact3 cidoc:P108i_was_produced_by ?prod . ?Artist4 rdfs:label ?snameArtist4 . ?Artist4 cidoc:P107i_is_current_or_former_member_of ?ConceptArtist5. ?ConceptArtist5 rdfs:label ?snameConceptArtist5. }",true
408,Which is the nationality of the creator of The Carpenter's Shop?," X1-be-is-null,X2-which-Which-null,X6-Carpenter-Carpenter-the,X5-shop-Shop-null,X4-creator-creator-the,X3-nationality-nationality-the, X1-subj-X2,X6-has_name-Carpenter,X5-of-X6,X5-has_name-shop,X4-of-X5,X3-of-X4,X1-obj-X3, X1-be-is-null,X2-which-Which-null,X3-nationality-nationality-the,X6-Carpenter-Carpenter-the,X5-shop-Shop-null,X4-creator-creator-the, X1-subj-X2,X1-obj-X3,X6-has_name-Carpenter,X5-of-X6,X5-has_name-shop,X4-of-X5,X1-obl_of-X4,X1-obl-X4, X1-be-is-null,X2-which-Which-null,X3-nationality-nationality-the,X4-creator-creator-the,X6-Carpenter-Carpenter-the,X5-shop-Shop-null, X1-subj-X2,X1-obj-X3,X1-obl_of-X4,X6-has_name-Carpenter,X5-of-X6,X5-has_name-shop,X1-obl_of-X5,X1-obl-X5, X1-be-is-null,X2-which-Which-null,X4-creator-creator-the,X6-Carpenter-Carpenter-the,X5-shop-Shop-null,X3-nationality-nationality-the, X1-subj-X2,X3-of-X4,X6-has_name-Carpenter,X5-of-X6,X5-has_name-shop,X3-of-X5,X1-obj-X3, X1-be-is-null,X2-which-Which-null,X5-Carpenter-Carpenter-the,X4-shop-Shop-null,X3-nationality-nationality-the,X6-creator-creator-the, X1-subj-X2,X5-has_name-Carpenter,X4-of-X5,X4-has_name-shop,X3-of-X4,X1-obj-X3,X1-obl_of-X6, X1-be-is-null,X2-which-Which-null,X4-creator-creator-the,X3-nationality-nationality-the,X6-Carpenter-Carpenter-the,X5-shop-Shop-null, X1-subj-X2,X3-of-X4,X1-obj-X3,X6-has_name-Carpenter,X5-of-X6,X5-has_name-shop,X1-obl_of-X5,X1-obl-X5,",Incorrect partial DRS,null,null
409,Which is the nationality of the creator of The Cathedral Door?," X1-be-is-null,X2-which-Which-null,X5-Cathedral door-Cathedral Door-the,X4-creator-creator-the,X3-nationality-nationality-the, X1-subj-X2,X4-of-X5,X3-of-X4,X1-obj-X3, X1-be-is-null,X2-which-Which-null,X3-nationality-nationality-the,X5-Cathedral door-Cathedral Door-the,X4-creator-creator-the, X1-subj-X2,X1-obj-X3,X4-of-X5,X1-obl_of-X4, X1-be-is-null,X2-which-Which-null,X3-nationality-nationality-the,X4-creator-creator-the,X5-Cathedral door-Cathedral Door-the, X1-subj-X2,X1-obj-X3,X1-obl_of-X4,X1-obl_of-X5, X1-be-is-null,X2-which-Which-null,X4-creator-creator-the,X5-Cathedral door-Cathedral Door-the,X3-nationality-nationality-the, X1-subj-X2,X3-of-X4,X3-of-X5,X1-obj-X3, X1-be-is-null,X2-which-Which-null,X4-Cathedral door-Cathedral Door-the,X3-nationality-nationality-the,X5-creator-creator-the, X1-subj-X2,X3-of-X4,X1-obj-X3,X1-obl_of-X5, X1-be-is-null,X2-which-Which-null,X4-creator-creator-the,X3-nationality-nationality-the,X5-Cathedral door-Cathedral Door-the, X1-subj-X2,X3-of-X4,X1-obj-X3,X1-obl_of-X5,","Drs [
 tokens=[],
 dEntities=[
DEntity(X1, be, is, VERB, null, false, Query1, Query), 
DEntity(X2, which, Which, PRON, null, false, Qualifier2, Qualifier), 
DEntity(X5, Cathedral door, Cathedral Door, NOUN, the, false, Artefact3, Artefact), 
DEntity(X4, creator, creator, NOUN, the, false, Artist4, Artist), 
DEntity(X3, nationality, nationality, NOUN, the, false, ConceptArtist5, ConceptArtist)],
 dConditions=[
DCondition(X1, subj, X2, propriedades= [qQualifier] --- []), 
DCondition(X4, of, X5, propriedades= [author_of] --- []), 
DCondition(X3, of, X4, propriedades= [conc_of_Artist] --- []), 
DCondition(X1, obj, X3, propriedades= [select] --- []), 
DCondition(X1, has_text, be, propriedades= [] --- [has_name, has_text, who]), 
DCondition(X2, has_text, which, propriedades= [] --- [has_name, has_text, who]), 
DCondition(X5, has_text, Cathedral door, propriedades= [] --- [has_name, has_text, who]), 
DCondition(X4, has_text, creator, propriedades= [] --- [has_name, has_text, who]), 
DCondition(X3, has_text, nationality, propriedades= [] --- [has_name, has_text, who]), 
DCondition(X2, has_name, null list, propriedades= [] --- [has_name, has_text, who]), 
DCondition(X1, obj, X2, propriedades= [qQualifier] --- [])]
 solu��es = []
 numeroFrase = 0
 numHasNames = 1
 numIndividuals = 5
 numEntitiesOk = 10
 numIsClass = 0
 numPropsOk = 5
 numEntitiesNOk = 0
 numClassesOk = 4]", PREFIX rdf: <http://www.w3.org/1999/02/22-rdf-syntax-ns#> PREFIX xsd: <http://www.w3.org/2001/XMLSchema#> PREFIX rdfs: <http://www.w3.org/2000/01/rdf-schema#> PREFIX cidoc: <http://www.cidoc-crm.org/cidoc-crm/> SELECT  DISTINCT  ?snameConceptArtist5 ?ConceptArtist5 WHERE { ?prod cidoc:P14_carried_out_by ?Artist4 . ?Artefact3 cidoc:P108i_was_produced_by ?prod . ?Artist4 rdfs:label ?snameArtist4 . ?Artist4 cidoc:P107i_is_current_or_former_member_of ?ConceptArtist5. ?ConceptArtist5 rdfs:label ?snameConceptArtist5. },false
410,Which is the nationality of the creator of The Causeway?," X1-be-is-null,X2-which-Which-null,X5-Causeway-Causeway-the,X4-creator-creator-the,X3-nationality-nationality-the, X1-subj-X2,X5-has_name-Causeway,X4-of-X5,X3-of-X4,X1-obj-X3, X1-be-is-null,X2-which-Which-null,X3-nationality-nationality-the,X5-Causeway-Causeway-the,X4-creator-creator-the, X1-subj-X2,X1-obj-X3,X5-has_name-Causeway,X4-of-X5,X1-obl_of-X4, X1-be-is-null,X2-which-Which-null,X3-nationality-nationality-the,X4-creator-creator-the,X5-Causeway-Causeway-the, X1-subj-X2,X1-obj-X3,X1-obl_of-X4,X5-has_name-Causeway,X1-obl_of-X5, X1-be-is-null,X2-which-Which-null,X4-creator-creator-the,X5-Causeway-Causeway-the,X3-nationality-nationality-the, X1-subj-X2,X3-of-X4,X5-has_name-Causeway,X3-of-X5,X1-obj-X3, X1-be-is-null,X2-which-Which-null,X4-Causeway-Causeway-the,X3-nationality-nationality-the,X5-creator-creator-the, X1-subj-X2,X4-has_name-Causeway,X3-of-X4,X1-obj-X3,X1-obl_of-X5, X1-be-is-null,X2-which-Which-null,X4-creator-creator-the,X3-nationality-nationality-the,X5-Causeway-Causeway-the, X1-subj-X2,X3-of-X4,X1-obj-X3,X5-has_name-Causeway,X1-obl_of-X5,","Drs [
 tokens=[],
 dEntities=[
DEntity(X1, be, is, VERB, null, false, Query1, Query), 
DEntity(X2, which, Which, PRON, null, false, Qualifier2, Qualifier), 
DEntity(X5, Causeway, Causeway, PROPN, the, false, Artefact3, Artefact), 
DEntity(X4, creator, creator, NOUN, the, false, Artist4, Artist), 
DEntity(X3, nationality, nationality, NOUN, the, false, ConceptArtist5, ConceptArtist)],
 dConditions=[
DCondition(X1, subj, X2, propriedades= [qQualifier] --- []), 
DCondition(X5, has_name, Causeway, propriedades= [] --- [has_name, has_text, who]), 
DCondition(X4, of, X5, propriedades= [author_of] --- []), 
DCondition(X3, of, X4, propriedades= [conc_of_Artist] --- []), 
DCondition(X1, obj, X3, propriedades= [select] --- []), 
DCondition(X1, has_text, be, propriedades= [] --- [has_name, has_text, who]), 
DCondition(X2, has_text, which, propriedades= [] --- [has_name, has_text, who]), 
DCondition(X5, has_text, Causeway, propriedades= [] --- [has_name, has_text, who]), 
DCondition(X4, has_text, creator, propriedades= [] --- [has_name, has_text, who]), 
DCondition(X3, has_text, nationality, propriedades= [] --- [has_name, has_text, who]), 
DCondition(X2, has_name, null list, propriedades= [] --- [has_name, has_text, who]), 
DCondition(X1, obj, X2, propriedades= [qQualifier] --- [])]
 solu��es = []
 numeroFrase = 0
 numHasNames = 2
 numIndividuals = 5
 numEntitiesOk = 10
 numIsClass = 0
 numPropsOk = 5
 numEntitiesNOk = 0
 numClassesOk = 4]"," PREFIX rdf: <http://www.w3.org/1999/02/22-rdf-syntax-ns#> PREFIX xsd: <http://www.w3.org/2001/XMLSchema#> PREFIX rdfs: <http://www.w3.org/2000/01/rdf-schema#> PREFIX cidoc: <http://www.cidoc-crm.org/cidoc-crm/> SELECT  DISTINCT  ?snameConceptArtist5 ?ConceptArtist5 ?snameArtefact3 ?Artefact3 WHERE { {{?Artefact3 cidoc:P131_is_identified_by ?nameArtefact3 . ?nameArtefact3 rdf:value ?snameArtefact3 .}  UNION {?Artefact3 rdfs:label ?snameArtefact3 .}}  filter(regex(?snameArtefact3,""Causeway"",""i"")) . ?prod cidoc:P14_carried_out_by ?Artist4 . ?Artefact3 cidoc:P108i_was_produced_by ?prod . ?Artist4 rdfs:label ?snameArtist4 . ?Artist4 cidoc:P107i_is_current_or_former_member_of ?ConceptArtist5. ?ConceptArtist5 rdfs:label ?snameConceptArtist5. }",true
411,Which is the nationality of the creator of The Chap-Book (The Blue Lady)?," X1-be-is-null,X2-which-Which-null,X4-creator-creator-the,X6-Lady-Lady-the,X5-Chap Book-Chap Book-the,X3-nationality-nationality-the, X1-subj-X2,X3-of-X4,X6-Blue-true,X6-has_name-Lady,X5-rel-X6,X5-has_name-Chap Book,X3-of-X5,X1-obj-X3, X1-be-is-null,X2-which-Which-null,X4-creator-creator-the,X6-Lady-Lady-the,X5-Chap Book-Chap Book-the,X3-nationality-nationality-the, X1-subj-X2,X3-of-X4,X6-has_name-Blue,X6-has_name-Lady,X5-rel-X6,X5-has_name-Chap Book,X3-of-X5,X1-obj-X3, X1-be-is-null,X2-which-Which-null,X5-Lady-Lady-the,X4-Chap Book-Chap Book-the,X3-nationality-nationality-the,X6-creator-creator-the, X1-subj-X2,X5-Blue-true,X5-has_name-Lady,X4-rel-X5,X4-has_name-Chap Book,X3-of-X4,X1-obj-X3,X1-obl_of-X6, X1-be-is-null,X2-which-Which-null,X5-Lady-Lady-the,X4-Chap Book-Chap Book-the,X3-nationality-nationality-the,X6-creator-creator-the, X1-subj-X2,X5-has_name-Blue,X5-has_name-Lady,X4-rel-X5,X4-has_name-Chap Book,X3-of-X4,X1-obj-X3,X1-obl_of-X6, X1-be-is-null,X2-which-Which-null,X3-nationality-nationality-the,X4-creator-creator-the,X6-Lady-Lady-the,X5-Chap Book-Chap Book-the, X1-subj-X2,X1-obj-X3,X1-obl_of-X4,X6-Blue-true,X6-has_name-Lady,X5-rel-X6,X5-has_name-Chap Book,X1-obl_of-X5, X1-be-is-null,X2-which-Which-null,X3-nationality-nationality-the,X4-creator-creator-the,X6-Lady-Lady-the,X5-Chap Book-Chap Book-the, X1-subj-X2,X1-obj-X3,X1-obl_of-X4,X6-has_name-Blue,X6-has_name-Lady,X5-rel-X6,X5-has_name-Chap Book,X1-obl_of-X5, X1-be-is-null,X2-which-Which-null,X4-creator-creator-the,X3-nationality-nationality-the,X6-Lady-Lady-the,X5-Chap Book-Chap Book-the, X1-subj-X2,X3-of-X4,X1-obj-X3,X6-Blue-true,X6-has_name-Lady,X5-rel-X6,X5-has_name-Chap Book,X1-obl_of-X5, X1-be-is-null,X2-which-Which-null,X4-creator-creator-the,X3-nationality-nationality-the,X6-Lady-Lady-the,X5-Chap Book-Chap Book-the, X1-subj-X2,X3-of-X4,X1-obj-X3,X6-has_name-Blue,X6-has_name-Lady,X5-rel-X6,X5-has_name-Chap Book,X1-obl_of-X5,",Incorrect partial DRS,null,null
412,Which is the nationality of the creator of The Chatelaine?," X1-be-is-null,X2-which-Which-null,X5-Chatelaine-Chatelaine-the,X4-creator-creator-the,X3-nationality-nationality-the, X1-subj-X2,X5-has_name-Chatelaine,X4-of-X5,X3-of-X4,X1-obj-X3, X1-be-is-null,X2-which-Which-null,X3-nationality-nationality-the,X5-Chatelaine-Chatelaine-the,X4-creator-creator-the, X1-subj-X2,X1-obj-X3,X5-has_name-Chatelaine,X4-of-X5,X1-obl_of-X4, X1-be-is-null,X2-which-Which-null,X3-nationality-nationality-the,X4-creator-creator-the,X5-Chatelaine-Chatelaine-the, X1-subj-X2,X1-obj-X3,X1-obl_of-X4,X5-has_name-Chatelaine,X1-obl_of-X5, X1-be-is-null,X2-which-Which-null,X4-creator-creator-the,X5-Chatelaine-Chatelaine-the,X3-nationality-nationality-the, X1-subj-X2,X3-of-X4,X5-has_name-Chatelaine,X3-of-X5,X1-obj-X3, X1-be-is-null,X2-which-Which-null,X4-Chatelaine-Chatelaine-the,X3-nationality-nationality-the,X5-creator-creator-the, X1-subj-X2,X4-has_name-Chatelaine,X3-of-X4,X1-obj-X3,X1-obl_of-X5, X1-be-is-null,X2-which-Which-null,X4-creator-creator-the,X3-nationality-nationality-the,X5-Chatelaine-Chatelaine-the, X1-subj-X2,X3-of-X4,X1-obj-X3,X5-has_name-Chatelaine,X1-obl_of-X5,","Drs [
 tokens=[],
 dEntities=[
DEntity(X1, be, is, VERB, null, false, Query1, Query), 
DEntity(X2, which, Which, PRON, null, false, Qualifier2, Qualifier), 
DEntity(X5, Chatelaine, Chatelaine, PROPN, the, false, Artefact3, Artefact), 
DEntity(X4, creator, creator, NOUN, the, false, Artist4, Artist), 
DEntity(X3, nationality, nationality, NOUN, the, false, ConceptArtist5, ConceptArtist)],
 dConditions=[
DCondition(X1, subj, X2, propriedades= [qQualifier] --- []), 
DCondition(X5, has_name, Chatelaine, propriedades= [] --- [has_name, has_text, who]), 
DCondition(X4, of, X5, propriedades= [author_of] --- []), 
DCondition(X3, of, X4, propriedades= [conc_of_Artist] --- []), 
DCondition(X1, obj, X3, propriedades= [select] --- []), 
DCondition(X1, has_text, be, propriedades= [] --- [has_name, has_text, who]), 
DCondition(X2, has_text, which, propriedades= [] --- [has_name, has_text, who]), 
DCondition(X5, has_text, Chatelaine, propriedades= [] --- [has_name, has_text, who]), 
DCondition(X4, has_text, creator, propriedades= [] --- [has_name, has_text, who]), 
DCondition(X3, has_text, nationality, propriedades= [] --- [has_name, has_text, who]), 
DCondition(X2, has_name, null list, propriedades= [] --- [has_name, has_text, who]), 
DCondition(X1, obj, X2, propriedades= [qQualifier] --- [])]
 solu��es = []
 numeroFrase = 0
 numHasNames = 2
 numIndividuals = 5
 numEntitiesOk = 10
 numIsClass = 0
 numPropsOk = 5
 numEntitiesNOk = 0
 numClassesOk = 4]"," PREFIX rdf: <http://www.w3.org/1999/02/22-rdf-syntax-ns#> PREFIX xsd: <http://www.w3.org/2001/XMLSchema#> PREFIX rdfs: <http://www.w3.org/2000/01/rdf-schema#> PREFIX cidoc: <http://www.cidoc-crm.org/cidoc-crm/> SELECT  DISTINCT  ?snameConceptArtist5 ?ConceptArtist5 ?snameArtefact3 ?Artefact3 WHERE { {{?Artefact3 cidoc:P131_is_identified_by ?nameArtefact3 . ?nameArtefact3 rdf:value ?snameArtefact3 .}  UNION {?Artefact3 rdfs:label ?snameArtefact3 .}}  filter(regex(?snameArtefact3,""Chatelaine"",""i"")) . ?prod cidoc:P14_carried_out_by ?Artist4 . ?Artefact3 cidoc:P108i_was_produced_by ?prod . ?Artist4 rdfs:label ?snameArtist4 . ?Artist4 cidoc:P107i_is_current_or_former_member_of ?ConceptArtist5. ?ConceptArtist5 rdfs:label ?snameConceptArtist5. }",true
413,"Which is the nationality of the creator of The Church of Daphni, Greece?"," X1-be-is-null,X2-which-Which-null,X6-Daphni-Daphni-null,X5-Church-Church-the,X4-creator-creator-the,X3-nationality-nationality-the, X1-subj-X2,X6-has_name-Daphni,X5-of-X6,X5-has_name-Greece,X5-has_name-Church,X4-of-X5,X3-of-X4,X1-obj-X3, X1-be-is-null,X2-which-Which-null,X3-nationality-nationality-the,X6-Daphni-Daphni-null,X5-Church-Church-the,X4-creator-creator-the, X1-subj-X2,X1-obj-X3,X6-has_name-Daphni,X5-of-X6,X5-has_name-Greece,X5-has_name-Church,X4-of-X5,X1-obl_of-X4, X1-be-is-null,X2-which-Which-null,X3-nationality-nationality-the,X4-creator-creator-the,X6-Daphni-Daphni-null,X5-Church-Church-the, X1-subj-X2,X1-obj-X3,X1-obl_of-X4,X6-has_name-Daphni,X5-of-X6,X5-has_name-Greece,X5-has_name-Church,X1-obl_of-X5, X1-be-is-null,X2-which-Which-null,X3-nationality-nationality-the,X4-creator-creator-the,X5-Church-Church-the,X6-Daphni-Daphni-null, X1-subj-X2,X1-obj-X3,X1-obl_of-X4,X5-has_name-Greece,X5-has_name-Church,X1-obl_of-X5,X6-has_name-Daphni,X1-obl_of-X6, X1-be-is-null,X2-which-Which-null,X3-nationality-nationality-the,X5-Church-Church-the,X6-Daphni-Daphni-null,X4-creator-creator-the, X1-subj-X2,X1-obj-X3,X5-has_name-Greece,X5-has_name-Church,X4-of-X5,X6-has_name-Daphni,X4-of-X6,X1-obl_of-X4, X1-be-is-null,X2-which-Which-null,X4-creator-creator-the,X6-Daphni-Daphni-null,X5-Church-Church-the,X3-nationality-nationality-the, X1-subj-X2,X3-of-X4,X6-has_name-Daphni,X5-of-X6,X5-has_name-Greece,X5-has_name-Church,X3-of-X5,X1-obj-X3, X1-be-is-null,X2-which-Which-null,X5-Daphni-Daphni-null,X4-Church-Church-the,X3-nationality-nationality-the,X6-creator-creator-the, X1-subj-X2,X5-has_name-Daphni,X4-of-X5,X4-has_name-Greece,X4-has_name-Church,X3-of-X4,X1-obj-X3,X1-obl_of-X6, X1-be-is-null,X2-which-Which-null,X4-creator-creator-the,X3-nationality-nationality-the,X6-Daphni-Daphni-null,X5-Church-Church-the, X1-subj-X2,X3-of-X4,X1-obj-X3,X6-has_name-Daphni,X5-of-X6,X5-has_name-Greece,X5-has_name-Church,X1-obl_of-X5, X1-be-is-null,X2-which-Which-null,X4-creator-creator-the,X5-Church-Church-the,X6-Daphni-Daphni-null,X3-nationality-nationality-the, X1-subj-X2,X3-of-X4,X5-has_name-Greece,X5-has_name-Church,X3-of-X5,X6-has_name-Daphni,X3-of-X6,X1-obj-X3, X1-be-is-null,X2-which-Which-null,X5-Church-Church-the,X6-Daphni-Daphni-null,X4-creator-creator-the,X3-nationality-nationality-the, X1-subj-X2,X5-has_name-Greece,X5-has_name-Church,X4-of-X5,X6-has_name-Daphni,X4-of-X6,X3-of-X4,X1-obj-X3, X1-be-is-null,X2-which-Which-null,X6-Daphni-Daphni-null,X7-Greece-Greece-null,X5-Church-Church-the,X4-creator-creator-the,X3-nationality-nationality-the, X1-subj-X2,X6-has_name-Daphni,X5-of-X6,X7-has_name-Greece,X5-rel-X7,X5-has_name-Church,X4-of-X5,X3-of-X4,X1-obj-X3, X1-be-is-null,X2-which-Which-null,X3-nationality-nationality-the,X6-Daphni-Daphni-null,X7-Greece-Greece-null,X5-Church-Church-the,X4-creator-creator-the, X1-subj-X2,X1-obj-X3,X6-has_name-Daphni,X5-of-X6,X7-has_name-Greece,X5-rel-X7,X5-has_name-Church,X4-of-X5,X1-obl_of-X4, X1-be-is-null,X2-which-Which-null,X3-nationality-nationality-the,X4-creator-creator-the,X6-Daphni-Daphni-null,X7-Greece-Greece-null,X5-Church-Church-the, X1-subj-X2,X1-obj-X3,X1-obl_of-X4,X6-has_name-Daphni,X5-of-X6,X7-has_name-Greece,X5-rel-X7,X5-has_name-Church,X1-obl_of-X5, X1-be-is-null,X2-which-Which-null,X3-nationality-nationality-the,X4-creator-creator-the,X6-Greece-Greece-null,X5-Church-Church-the,X7-Daphni-Daphni-null, X1-subj-X2,X1-obj-X3,X1-obl_of-X4,X6-has_name-Greece,X5-rel-X6,X5-has_name-Church,X1-obl_of-X5,X7-has_name-Daphni,X1-obl_of-X7, X1-be-is-null,X2-which-Which-null,X3-nationality-nationality-the,X6-Greece-Greece-null,X5-Church-Church-the,X7-Daphni-Daphni-null,X4-creator-creator-the, X1-subj-X2,X1-obj-X3,X6-has_name-Greece,X5-rel-X6,X5-has_name-Church,X4-of-X5,X7-has_name-Daphni,X4-of-X7,X1-obl_of-X4, X1-be-is-null,X2-which-Which-null,X4-creator-creator-the,X6-Daphni-Daphni-null,X7-Greece-Greece-null,X5-Church-Church-the,X3-nationality-nationality-the, X1-subj-X2,X3-of-X4,X6-has_name-Daphni,X5-of-X6,X7-has_name-Greece,X5-rel-X7,X5-has_name-Church,X3-of-X5,X1-obj-X3, X1-be-is-null,X2-which-Which-null,X5-Daphni-Daphni-null,X6-Greece-Greece-null,X4-Church-Church-the,X3-nationality-nationality-the,X7-creator-creator-the, X1-subj-X2,X5-has_name-Daphni,X4-of-X5,X6-has_name-Greece,X4-rel-X6,X4-has_name-Church,X3-of-X4,X1-obj-X3,X1-obl_of-X7, X1-be-is-null,X2-which-Which-null,X4-creator-creator-the,X3-nationality-nationality-the,X6-Daphni-Daphni-null,X7-Greece-Greece-null,X5-Church-Church-the, X1-subj-X2,X3-of-X4,X1-obj-X3,X6-has_name-Daphni,X5-of-X6,X7-has_name-Greece,X5-rel-X7,X5-has_name-Church,X1-obl_of-X5, X1-be-is-null,X2-which-Which-null,X4-creator-creator-the,X6-Greece-Greece-null,X5-Church-Church-the,X7-Daphni-Daphni-null,X3-nationality-nationality-the, X1-subj-X2,X3-of-X4,X6-has_name-Greece,X5-rel-X6,X5-has_name-Church,X3-of-X5,X7-has_name-Daphni,X3-of-X7,X1-obj-X3, X1-be-is-null,X2-which-Which-null,X6-Greece-Greece-null,X5-Church-Church-the,X7-Daphni-Daphni-null,X4-creator-creator-the,X3-nationality-nationality-the, X1-subj-X2,X6-has_name-Greece,X5-rel-X6,X5-has_name-Church,X4-of-X5,X7-has_name-Daphni,X4-of-X7,X3-of-X4,X1-obj-X3,",Incorrect partial DRS,null,null
414,Which is the nationality of the creator of The Country Store?," X1-be-is-null,X2-which-Which-null,X5-Country store-Country Store-the,X4-creator-creator-the,X3-nationality-nationality-the, X1-subj-X2,X5-has_name-Country store,X4-of-X5,X3-of-X4,X1-obj-X3, X1-be-is-null,X2-which-Which-null,X3-nationality-nationality-the,X5-Country store-Country Store-the,X4-creator-creator-the, X1-subj-X2,X1-obj-X3,X5-has_name-Country store,X4-of-X5,X1-obl_of-X4, X1-be-is-null,X2-which-Which-null,X3-nationality-nationality-the,X4-creator-creator-the,X5-Country store-Country Store-the, X1-subj-X2,X1-obj-X3,X1-obl_of-X4,X5-has_name-Country store,X1-obl_of-X5, X1-be-is-null,X2-which-Which-null,X4-creator-creator-the,X5-Country store-Country Store-the,X3-nationality-nationality-the, X1-subj-X2,X3-of-X4,X5-has_name-Country store,X3-of-X5,X1-obj-X3, X1-be-is-null,X2-which-Which-null,X4-Country store-Country Store-the,X3-nationality-nationality-the,X5-creator-creator-the, X1-subj-X2,X4-has_name-Country store,X3-of-X4,X1-obj-X3,X1-obl_of-X5, X1-be-is-null,X2-which-Which-null,X4-creator-creator-the,X3-nationality-nationality-the,X5-Country store-Country Store-the, X1-subj-X2,X3-of-X4,X1-obj-X3,X5-has_name-Country store,X1-obl_of-X5,","Drs [
 tokens=[],
 dEntities=[
DEntity(X1, be, is, VERB, null, false, Query1, Query), 
DEntity(X2, which, Which, PRON, null, false, Qualifier2, Qualifier), 
DEntity(X5, Country store, Country Store, PROPN, the, false, Artefact3, Artefact), 
DEntity(X4, creator, creator, NOUN, the, false, Artist4, Artist), 
DEntity(X3, nationality, nationality, NOUN, the, false, ConceptArtist5, ConceptArtist)],
 dConditions=[
DCondition(X1, subj, X2, propriedades= [qQualifier] --- []), 
DCondition(X5, has_name, Country store, propriedades= [] --- [has_name, has_text, who]), 
DCondition(X4, of, X5, propriedades= [author_of] --- []), 
DCondition(X3, of, X4, propriedades= [conc_of_Artist] --- []), 
DCondition(X1, obj, X3, propriedades= [select] --- []), 
DCondition(X1, has_text, be, propriedades= [] --- [has_name, has_text, who]), 
DCondition(X2, has_text, which, propriedades= [] --- [has_name, has_text, who]), 
DCondition(X5, has_text, Country store, propriedades= [] --- [has_name, has_text, who]), 
DCondition(X4, has_text, creator, propriedades= [] --- [has_name, has_text, who]), 
DCondition(X3, has_text, nationality, propriedades= [] --- [has_name, has_text, who]), 
DCondition(X2, has_name, null list, propriedades= [] --- [has_name, has_text, who]), 
DCondition(X1, obj, X2, propriedades= [qQualifier] --- [])]
 solu��es = []
 numeroFrase = 0
 numHasNames = 2
 numIndividuals = 5
 numEntitiesOk = 10
 numIsClass = 0
 numPropsOk = 5
 numEntitiesNOk = 0
 numClassesOk = 4]"," PREFIX rdf: <http://www.w3.org/1999/02/22-rdf-syntax-ns#> PREFIX xsd: <http://www.w3.org/2001/XMLSchema#> PREFIX rdfs: <http://www.w3.org/2000/01/rdf-schema#> PREFIX cidoc: <http://www.cidoc-crm.org/cidoc-crm/> SELECT  DISTINCT  ?snameConceptArtist5 ?ConceptArtist5 ?snameArtefact3 ?Artefact3 WHERE { {{?Artefact3 cidoc:P131_is_identified_by ?nameArtefact3 . ?nameArtefact3 rdf:value ?snameArtefact3 .}  UNION {?Artefact3 rdfs:label ?snameArtefact3 .}}  filter(regex(?snameArtefact3,""Country store"",""i"")) . ?prod cidoc:P14_carried_out_by ?Artist4 . ?Artefact3 cidoc:P108i_was_produced_by ?prod . ?Artist4 rdfs:label ?snameArtist4 . ?Artist4 cidoc:P107i_is_current_or_former_member_of ?ConceptArtist5. ?ConceptArtist5 rdfs:label ?snameConceptArtist5. }",true
415,Which is the nationality of the creator of The Court Room Scene?," X1-be-is-null,X2-which-Which-null,X5-Court Room scene-Court Room Scene-the,X4-creator-creator-the,X3-nationality-nationality-the, X1-subj-X2,X4-of-X5,X3-of-X4,X1-obj-X3, X1-be-is-null,X2-which-Which-null,X3-nationality-nationality-the,X5-Court Room scene-Court Room Scene-the,X4-creator-creator-the, X1-subj-X2,X1-obj-X3,X4-of-X5,X1-obl_of-X4, X1-be-is-null,X2-which-Which-null,X3-nationality-nationality-the,X4-creator-creator-the,X5-Court Room scene-Court Room Scene-the, X1-subj-X2,X1-obj-X3,X1-obl_of-X4,X1-obl_of-X5, X1-be-is-null,X2-which-Which-null,X4-creator-creator-the,X5-Court Room scene-Court Room Scene-the,X3-nationality-nationality-the, X1-subj-X2,X3-of-X4,X3-of-X5,X1-obj-X3, X1-be-is-null,X2-which-Which-null,X4-Court Room scene-Court Room Scene-the,X3-nationality-nationality-the,X5-creator-creator-the, X1-subj-X2,X3-of-X4,X1-obj-X3,X1-obl_of-X5, X1-be-is-null,X2-which-Which-null,X4-creator-creator-the,X3-nationality-nationality-the,X5-Court Room scene-Court Room Scene-the, X1-subj-X2,X3-of-X4,X1-obj-X3,X1-obl_of-X5,","Drs [
 tokens=[],
 dEntities=[
DEntity(X1, be, is, VERB, null, false, Query1, Query), 
DEntity(X2, which, Which, PRON, null, false, Qualifier2, Qualifier), 
DEntity(X5, Court Room scene, Court Room Scene, NOUN, the, false, Artefact3, Artefact), 
DEntity(X4, creator, creator, NOUN, the, false, Artist4, Artist), 
DEntity(X3, nationality, nationality, NOUN, the, false, ConceptArtist5, ConceptArtist)],
 dConditions=[
DCondition(X1, subj, X2, propriedades= [qQualifier] --- []), 
DCondition(X4, of, X5, propriedades= [author_of] --- []), 
DCondition(X3, of, X4, propriedades= [conc_of_Artist] --- []), 
DCondition(X1, obj, X3, propriedades= [select] --- []), 
DCondition(X1, has_text, be, propriedades= [] --- [has_name, has_text, who]), 
DCondition(X2, has_text, which, propriedades= [] --- [has_name, has_text, who]), 
DCondition(X5, has_text, Court Room scene, propriedades= [] --- [has_name, has_text, who]), 
DCondition(X4, has_text, creator, propriedades= [] --- [has_name, has_text, who]), 
DCondition(X3, has_text, nationality, propriedades= [] --- [has_name, has_text, who]), 
DCondition(X2, has_name, null list, propriedades= [] --- [has_name, has_text, who]), 
DCondition(X1, obj, X2, propriedades= [qQualifier] --- [])]
 solu��es = []
 numeroFrase = 0
 numHasNames = 1
 numIndividuals = 5
 numEntitiesOk = 10
 numIsClass = 0
 numPropsOk = 5
 numEntitiesNOk = 0
 numClassesOk = 4]", PREFIX rdf: <http://www.w3.org/1999/02/22-rdf-syntax-ns#> PREFIX xsd: <http://www.w3.org/2001/XMLSchema#> PREFIX rdfs: <http://www.w3.org/2000/01/rdf-schema#> PREFIX cidoc: <http://www.cidoc-crm.org/cidoc-crm/> SELECT  DISTINCT  ?snameConceptArtist5 ?ConceptArtist5 WHERE { ?prod cidoc:P14_carried_out_by ?Artist4 . ?Artefact3 cidoc:P108i_was_produced_by ?prod . ?Artist4 rdfs:label ?snameArtist4 . ?Artist4 cidoc:P107i_is_current_or_former_member_of ?ConceptArtist5. ?ConceptArtist5 rdfs:label ?snameConceptArtist5. },false
416,Which is the nationality of the creator of The Edge of the Forest?," X1-be-is-null,X2-which-Which-null,X6-Forest-Forest-the,X5-Edge-Edge-the,X4-creator-creator-the,X3-nationality-nationality-the, X1-subj-X2,X6-has_name-Forest,X5-of-X6,X5-has_name-Edge,X4-of-X5,X3-of-X4,X1-obj-X3, X1-be-is-null,X2-which-Which-null,X3-nationality-nationality-the,X6-Forest-Forest-the,X5-Edge-Edge-the,X4-creator-creator-the, X1-subj-X2,X1-obj-X3,X6-has_name-Forest,X5-of-X6,X5-has_name-Edge,X4-of-X5,X1-obl_of-X4, X1-be-is-null,X2-which-Which-null,X3-nationality-nationality-the,X4-creator-creator-the,X6-Forest-Forest-the,X5-Edge-Edge-the, X1-subj-X2,X1-obj-X3,X1-obl_of-X4,X6-has_name-Forest,X5-of-X6,X5-has_name-Edge,X1-obl_of-X5, X1-be-is-null,X2-which-Which-null,X3-nationality-nationality-the,X4-creator-creator-the,X5-Edge-Edge-the,X6-Forest-Forest-the, X1-subj-X2,X1-obj-X3,X1-obl_of-X4,X5-has_name-Edge,X1-obl_of-X5,X6-has_name-Forest,X1-obl_of-X6, X1-be-is-null,X2-which-Which-null,X3-nationality-nationality-the,X5-Edge-Edge-the,X6-Forest-Forest-the,X4-creator-creator-the, X1-subj-X2,X1-obj-X3,X5-has_name-Edge,X4-of-X5,X6-has_name-Forest,X4-of-X6,X1-obl_of-X4, X1-be-is-null,X2-which-Which-null,X4-creator-creator-the,X6-Forest-Forest-the,X5-Edge-Edge-the,X3-nationality-nationality-the, X1-subj-X2,X3-of-X4,X6-has_name-Forest,X5-of-X6,X5-has_name-Edge,X3-of-X5,X1-obj-X3, X1-be-is-null,X2-which-Which-null,X5-Forest-Forest-the,X4-Edge-Edge-the,X3-nationality-nationality-the,X6-creator-creator-the, X1-subj-X2,X5-has_name-Forest,X4-of-X5,X4-has_name-Edge,X3-of-X4,X1-obj-X3,X1-obl_of-X6, X1-be-is-null,X2-which-Which-null,X4-creator-creator-the,X3-nationality-nationality-the,X6-Forest-Forest-the,X5-Edge-Edge-the, X1-subj-X2,X3-of-X4,X1-obj-X3,X6-has_name-Forest,X5-of-X6,X5-has_name-Edge,X1-obl_of-X5, X1-be-is-null,X2-which-Which-null,X4-creator-creator-the,X5-Edge-Edge-the,X6-Forest-Forest-the,X3-nationality-nationality-the, X1-subj-X2,X3-of-X4,X5-has_name-Edge,X3-of-X5,X6-has_name-Forest,X3-of-X6,X1-obj-X3, X1-be-is-null,X2-which-Which-null,X5-Edge-Edge-the,X6-Forest-Forest-the,X4-creator-creator-the,X3-nationality-nationality-the, X1-subj-X2,X5-has_name-Edge,X4-of-X5,X6-has_name-Forest,X4-of-X6,X3-of-X4,X1-obj-X3,",Incorrect partial DRS,null,null
417,Which is the nationality of the creator of The Elite Tea Room?," X1-be-is-null,X2-which-Which-null,X5-Tea Room-Tea Room-the,X4-creator-creator-the,X3-nationality-nationality-the, X1-subj-X2,X5-Elite-true,X5-has_name-Tea Room,X4-of-X5,X3-of-X4,X1-obj-X3, X1-be-is-null,X2-which-Which-null,X5-Tea Room-Tea Room-the,X4-creator-creator-the,X3-nationality-nationality-the, X1-subj-X2,X5-has_name-Elite,X5-has_name-Tea Room,X4-of-X5,X3-of-X4,X1-obj-X3, X1-be-is-null,X2-which-Which-null,X3-nationality-nationality-the,X5-Tea Room-Tea Room-the,X4-creator-creator-the, X1-subj-X2,X1-obj-X3,X5-Elite-true,X5-has_name-Tea Room,X4-of-X5,X1-obl_of-X4, X1-be-is-null,X2-which-Which-null,X3-nationality-nationality-the,X5-Tea Room-Tea Room-the,X4-creator-creator-the, X1-subj-X2,X1-obj-X3,X5-has_name-Elite,X5-has_name-Tea Room,X4-of-X5,X1-obl_of-X4, X1-be-is-null,X2-which-Which-null,X3-nationality-nationality-the,X4-creator-creator-the,X5-Tea Room-Tea Room-the, X1-subj-X2,X1-obj-X3,X1-obl_of-X4,X5-Elite-true,X5-has_name-Tea Room,X1-obl_of-X5, X1-be-is-null,X2-which-Which-null,X3-nationality-nationality-the,X4-creator-creator-the,X5-Tea Room-Tea Room-the, X1-subj-X2,X1-obj-X3,X1-obl_of-X4,X5-has_name-Elite,X5-has_name-Tea Room,X1-obl_of-X5, X1-be-is-null,X2-which-Which-null,X4-creator-creator-the,X5-Tea Room-Tea Room-the,X3-nationality-nationality-the, X1-subj-X2,X3-of-X4,X5-Elite-true,X5-has_name-Tea Room,X3-of-X5,X1-obj-X3, X1-be-is-null,X2-which-Which-null,X4-creator-creator-the,X5-Tea Room-Tea Room-the,X3-nationality-nationality-the, X1-subj-X2,X3-of-X4,X5-has_name-Elite,X5-has_name-Tea Room,X3-of-X5,X1-obj-X3, X1-be-is-null,X2-which-Which-null,X4-Tea Room-Tea Room-the,X3-nationality-nationality-the,X5-creator-creator-the, X1-subj-X2,X4-Elite-true,X4-has_name-Tea Room,X3-of-X4,X1-obj-X3,X1-obl_of-X5, X1-be-is-null,X2-which-Which-null,X4-Tea Room-Tea Room-the,X3-nationality-nationality-the,X5-creator-creator-the, X1-subj-X2,X4-has_name-Elite,X4-has_name-Tea Room,X3-of-X4,X1-obj-X3,X1-obl_of-X5, X1-be-is-null,X2-which-Which-null,X4-creator-creator-the,X3-nationality-nationality-the,X5-Tea Room-Tea Room-the, X1-subj-X2,X3-of-X4,X1-obj-X3,X5-Elite-true,X5-has_name-Tea Room,X1-obl_of-X5, X1-be-is-null,X2-which-Which-null,X4-creator-creator-the,X3-nationality-nationality-the,X5-Tea Room-Tea Room-the, X1-subj-X2,X3-of-X4,X1-obj-X3,X5-has_name-Elite,X5-has_name-Tea Room,X1-obl_of-X5,","Drs [
 tokens=[],
 dEntities=[
DEntity(X1, be, is, VERB, null, false, Query1, Query), 
DEntity(X2, which, Which, PRON, null, false, Qualifier2, Qualifier), 
DEntity(X5, Tea Room, Tea Room, PROPN, the, false, Artefact3, Artefact), 
DEntity(X4, creator, creator, NOUN, the, false, Artist4, Artist), 
DEntity(X3, nationality, nationality, NOUN, the, false, ConceptArtist5, ConceptArtist)],
 dConditions=[
DCondition(X1, subj, X2, propriedades= [qQualifier] --- []), 
DCondition(X5, Elite, true, propriedades= [] --- [has_name, has_text, who]), 
DCondition(X5, has_name, Tea Room, propriedades= [] --- [has_name, has_text, who]), 
DCondition(X4, of, X5, propriedades= [author_of] --- []), 
DCondition(X3, of, X4, propriedades= [conc_of_Artist] --- []), 
DCondition(X1, obj, X3, propriedades= [select] --- []), 
DCondition(X1, has_text, be, propriedades= [] --- [has_name, has_text, who]), 
DCondition(X2, has_text, which, propriedades= [] --- [has_name, has_text, who]), 
DCondition(X5, has_text, Tea Room, propriedades= [] --- [has_name, has_text, who]), 
DCondition(X4, has_text, creator, propriedades= [] --- [has_name, has_text, who]), 
DCondition(X3, has_text, nationality, propriedades= [] --- [has_name, has_text, who]), 
DCondition(X2, has_name, null list, propriedades= [] --- [has_name, has_text, who]), 
DCondition(X1, obj, X2, propriedades= [qQualifier] --- [])]
 solu��es = []
 numeroFrase = 0
 numHasNames = 2
 numIndividuals = 5
 numEntitiesOk = 10
 numIsClass = 0
 numPropsOk = 5
 numEntitiesNOk = 0
 numClassesOk = 4]"," PREFIX rdf: <http://www.w3.org/1999/02/22-rdf-syntax-ns#> PREFIX xsd: <http://www.w3.org/2001/XMLSchema#> PREFIX rdfs: <http://www.w3.org/2000/01/rdf-schema#> PREFIX cidoc: <http://www.cidoc-crm.org/cidoc-crm/> SELECT  DISTINCT  ?snameConceptArtist5 ?ConceptArtist5 ?snameArtefact3 ?Artefact3 WHERE { {{?Artefact3 cidoc:P131_is_identified_by ?nameArtefact3 . ?nameArtefact3 rdf:value ?snameArtefact3 .}  UNION {?Artefact3 rdfs:label ?snameArtefact3 .}}  filter(regex(?snameArtefact3,""Tea Room"",""i"")) . ?prod cidoc:P14_carried_out_by ?Artist4 . ?Artefact3 cidoc:P108i_was_produced_by ?prod . ?Artist4 rdfs:label ?snameArtist4 . ?Artist4 cidoc:P107i_is_current_or_former_member_of ?ConceptArtist5. ?ConceptArtist5 rdfs:label ?snameConceptArtist5. }",true
418,Which is the nationality of the creator of The Exhausted Drum of War?," X1-be-is-null,X2-which-Which-null,X6-War-War-null,X5-Drum-Drum-the,X4-creator-creator-the,X3-nationality-nationality-the, X1-subj-X2,X6-has_name-War,X5-of-X6,X5-exhausted-true,X5-has_name-Drum,X4-of-X5,X3-of-X4,X1-obj-X3, X1-be-is-null,X2-which-Which-null,X6-War-War-null,X5-Drum-Drum-the,X4-creator-creator-the,X3-nationality-nationality-the, X1-subj-X2,X6-has_name-War,X5-of-X6,X5-has_name-Exhausted,X5-has_name-Drum,X4-of-X5,X3-of-X4,X1-obj-X3, X1-be-is-null,X2-which-Which-null,X3-nationality-nationality-the,X6-War-War-null,X5-Drum-Drum-the,X4-creator-creator-the, X1-subj-X2,X1-obj-X3,X6-has_name-War,X5-of-X6,X5-exhausted-true,X5-has_name-Drum,X4-of-X5,X1-obl_of-X4, X1-be-is-null,X2-which-Which-null,X3-nationality-nationality-the,X6-War-War-null,X5-Drum-Drum-the,X4-creator-creator-the, X1-subj-X2,X1-obj-X3,X6-has_name-War,X5-of-X6,X5-has_name-Exhausted,X5-has_name-Drum,X4-of-X5,X1-obl_of-X4, X1-be-is-null,X2-which-Which-null,X3-nationality-nationality-the,X4-creator-creator-the,X6-War-War-null,X5-Drum-Drum-the, X1-subj-X2,X1-obj-X3,X1-obl_of-X4,X6-has_name-War,X5-of-X6,X5-exhausted-true,X5-has_name-Drum,X1-obl_of-X5, X1-be-is-null,X2-which-Which-null,X3-nationality-nationality-the,X4-creator-creator-the,X6-War-War-null,X5-Drum-Drum-the, X1-subj-X2,X1-obj-X3,X1-obl_of-X4,X6-has_name-War,X5-of-X6,X5-has_name-Exhausted,X5-has_name-Drum,X1-obl_of-X5, X1-be-is-null,X2-which-Which-null,X3-nationality-nationality-the,X4-creator-creator-the,X5-Drum-Drum-the,X6-War-War-null, X1-subj-X2,X1-obj-X3,X1-obl_of-X4,X5-exhausted-true,X5-has_name-Drum,X1-obl_of-X5,X6-has_name-War,X1-obl_of-X6, X1-be-is-null,X2-which-Which-null,X3-nationality-nationality-the,X4-creator-creator-the,X5-Drum-Drum-the,X6-War-War-null, X1-subj-X2,X1-obj-X3,X1-obl_of-X4,X5-has_name-Exhausted,X5-has_name-Drum,X1-obl_of-X5,X6-has_name-War,X1-obl_of-X6, X1-be-is-null,X2-which-Which-null,X3-nationality-nationality-the,X5-Drum-Drum-the,X6-War-War-null,X4-creator-creator-the, X1-subj-X2,X1-obj-X3,X5-exhausted-true,X5-has_name-Drum,X4-of-X5,X6-has_name-War,X4-of-X6,X1-obl_of-X4, X1-be-is-null,X2-which-Which-null,X3-nationality-nationality-the,X5-Drum-Drum-the,X6-War-War-null,X4-creator-creator-the, X1-subj-X2,X1-obj-X3,X5-has_name-Exhausted,X5-has_name-Drum,X4-of-X5,X6-has_name-War,X4-of-X6,X1-obl_of-X4, X1-be-is-null,X2-which-Which-null,X4-creator-creator-the,X6-War-War-null,X5-Drum-Drum-the,X3-nationality-nationality-the, X1-subj-X2,X3-of-X4,X6-has_name-War,X5-of-X6,X5-exhausted-true,X5-has_name-Drum,X3-of-X5,X1-obj-X3, X1-be-is-null,X2-which-Which-null,X4-creator-creator-the,X6-War-War-null,X5-Drum-Drum-the,X3-nationality-nationality-the, X1-subj-X2,X3-of-X4,X6-has_name-War,X5-of-X6,X5-has_name-Exhausted,X5-has_name-Drum,X3-of-X5,X1-obj-X3, X1-be-is-null,X2-which-Which-null,X5-War-War-null,X4-Drum-Drum-the,X3-nationality-nationality-the,X6-creator-creator-the, X1-subj-X2,X5-has_name-War,X4-of-X5,X4-exhausted-true,X4-has_name-Drum,X3-of-X4,X1-obj-X3,X1-obl_of-X6, X1-be-is-null,X2-which-Which-null,X5-War-War-null,X4-Drum-Drum-the,X3-nationality-nationality-the,X6-creator-creator-the, X1-subj-X2,X5-has_name-War,X4-of-X5,X4-has_name-Exhausted,X4-has_name-Drum,X3-of-X4,X1-obj-X3,X1-obl_of-X6, X1-be-is-null,X2-which-Which-null,X4-creator-creator-the,X3-nationality-nationality-the,X6-War-War-null,X5-Drum-Drum-the, X1-subj-X2,X3-of-X4,X1-obj-X3,X6-has_name-War,X5-of-X6,X5-exhausted-true,X5-has_name-Drum,X1-obl_of-X5, X1-be-is-null,X2-which-Which-null,X4-creator-creator-the,X3-nationality-nationality-the,X6-War-War-null,X5-Drum-Drum-the, X1-subj-X2,X3-of-X4,X1-obj-X3,X6-has_name-War,X5-of-X6,X5-has_name-Exhausted,X5-has_name-Drum,X1-obl_of-X5, X1-be-is-null,X2-which-Which-null,X4-creator-creator-the,X5-Drum-Drum-the,X6-War-War-null,X3-nationality-nationality-the, X1-subj-X2,X3-of-X4,X5-exhausted-true,X5-has_name-Drum,X3-of-X5,X6-has_name-War,X3-of-X6,X1-obj-X3, X1-be-is-null,X2-which-Which-null,X4-creator-creator-the,X5-Drum-Drum-the,X6-War-War-null,X3-nationality-nationality-the, X1-subj-X2,X3-of-X4,X5-has_name-Exhausted,X5-has_name-Drum,X3-of-X5,X6-has_name-War,X3-of-X6,X1-obj-X3, X1-be-is-null,X2-which-Which-null,X5-Drum-Drum-the,X6-War-War-null,X4-creator-creator-the,X3-nationality-nationality-the, X1-subj-X2,X5-exhausted-true,X5-has_name-Drum,X4-of-X5,X6-has_name-War,X4-of-X6,X3-of-X4,X1-obj-X3, X1-be-is-null,X2-which-Which-null,X5-Drum-Drum-the,X6-War-War-null,X4-creator-creator-the,X3-nationality-nationality-the, X1-subj-X2,X5-has_name-Exhausted,X5-has_name-Drum,X4-of-X5,X6-has_name-War,X4-of-X6,X3-of-X4,X1-obj-X3,",Incorrect partial DRS,null,null
419,Which is the nationality of the creator of The Forces of Evil?," X1-be-is-null,X2-which-Which-null,X6-evil-Evil-null,X5-Force-Forces-the,X4-creator-creator-the,X3-nationality-nationality-the, X1-subj-X2,X6-has_name-evil,X5-of-X6,X5-has_name-Force,X4-of-X5,X3-of-X4,X1-obj-X3, X1-be-is-null,X2-which-Which-null,X3-nationality-nationality-the,X6-evil-Evil-null,X5-Force-Forces-the,X4-creator-creator-the, X1-subj-X2,X1-obj-X3,X6-has_name-evil,X5-of-X6,X5-has_name-Force,X4-of-X5,X1-obl_of-X4, X1-be-is-null,X2-which-Which-null,X3-nationality-nationality-the,X4-creator-creator-the,X6-evil-Evil-null,X5-Force-Forces-the, X1-subj-X2,X1-obj-X3,X1-obl_of-X4,X6-has_name-evil,X5-of-X6,X5-has_name-Force,X1-obl_of-X5, X1-be-is-null,X2-which-Which-null,X3-nationality-nationality-the,X4-creator-creator-the,X5-Force-Forces-the,X6-evil-Evil-null, X1-subj-X2,X1-obj-X3,X1-obl_of-X4,X5-has_name-Force,X1-obl_of-X5,X6-has_name-evil,X1-obl_of-X6, X1-be-is-null,X2-which-Which-null,X3-nationality-nationality-the,X5-Force-Forces-the,X6-evil-Evil-null,X4-creator-creator-the, X1-subj-X2,X1-obj-X3,X5-has_name-Force,X4-of-X5,X6-has_name-evil,X4-of-X6,X1-obl_of-X4, X1-be-is-null,X2-which-Which-null,X4-creator-creator-the,X6-evil-Evil-null,X5-Force-Forces-the,X3-nationality-nationality-the, X1-subj-X2,X3-of-X4,X6-has_name-evil,X5-of-X6,X5-has_name-Force,X3-of-X5,X1-obj-X3, X1-be-is-null,X2-which-Which-null,X5-evil-Evil-null,X4-Force-Forces-the,X3-nationality-nationality-the,X6-creator-creator-the, X1-subj-X2,X5-has_name-evil,X4-of-X5,X4-has_name-Force,X3-of-X4,X1-obj-X3,X1-obl_of-X6, X1-be-is-null,X2-which-Which-null,X4-creator-creator-the,X3-nationality-nationality-the,X6-evil-Evil-null,X5-Force-Forces-the, X1-subj-X2,X3-of-X4,X1-obj-X3,X6-has_name-evil,X5-of-X6,X5-has_name-Force,X1-obl_of-X5, X1-be-is-null,X2-which-Which-null,X4-creator-creator-the,X5-Force-Forces-the,X6-evil-Evil-null,X3-nationality-nationality-the, X1-subj-X2,X3-of-X4,X5-has_name-Force,X3-of-X5,X6-has_name-evil,X3-of-X6,X1-obj-X3, X1-be-is-null,X2-which-Which-null,X5-Force-Forces-the,X6-evil-Evil-null,X4-creator-creator-the,X3-nationality-nationality-the, X1-subj-X2,X5-has_name-Force,X4-of-X5,X6-has_name-evil,X4-of-X6,X3-of-X4,X1-obj-X3,",Incorrect partial DRS,null,null
420,"Which is the nationality of the creator of The Old Warehouse, Sitka?"," X1-be-is-null,X2-which-Which-null,X5-Warehouse-Warehouse-the,X4-creator-creator-the,X3-nationality-nationality-the, X1-subj-X2,X5-has_name-Sitka,X5-Old-true,X5-has_name-Warehouse,X4-of-X5,X3-of-X4,X1-obj-X3, X1-be-is-null,X2-which-Which-null,X5-Warehouse-Warehouse-the,X4-creator-creator-the,X3-nationality-nationality-the, X1-subj-X2,X5-has_name-Sitka,X5-has_name-Old,X5-has_name-Warehouse,X4-of-X5,X3-of-X4,X1-obj-X3, X1-be-is-null,X2-which-Which-null,X3-nationality-nationality-the,X5-Warehouse-Warehouse-the,X4-creator-creator-the, X1-subj-X2,X1-obj-X3,X5-has_name-Sitka,X5-Old-true,X5-has_name-Warehouse,X4-of-X5,X1-obl_of-X4, X1-be-is-null,X2-which-Which-null,X3-nationality-nationality-the,X5-Warehouse-Warehouse-the,X4-creator-creator-the, X1-subj-X2,X1-obj-X3,X5-has_name-Sitka,X5-has_name-Old,X5-has_name-Warehouse,X4-of-X5,X1-obl_of-X4, X1-be-is-null,X2-which-Which-null,X3-nationality-nationality-the,X4-creator-creator-the,X5-Warehouse-Warehouse-the, X1-subj-X2,X1-obj-X3,X1-obl_of-X4,X5-has_name-Sitka,X5-Old-true,X5-has_name-Warehouse,X1-obl_of-X5, X1-be-is-null,X2-which-Which-null,X3-nationality-nationality-the,X4-creator-creator-the,X5-Warehouse-Warehouse-the, X1-subj-X2,X1-obj-X3,X1-obl_of-X4,X5-has_name-Sitka,X5-has_name-Old,X5-has_name-Warehouse,X1-obl_of-X5, X1-be-is-null,X2-which-Which-null,X4-creator-creator-the,X5-Warehouse-Warehouse-the,X3-nationality-nationality-the, X1-subj-X2,X3-of-X4,X5-has_name-Sitka,X5-Old-true,X5-has_name-Warehouse,X3-of-X5,X1-obj-X3, X1-be-is-null,X2-which-Which-null,X4-creator-creator-the,X5-Warehouse-Warehouse-the,X3-nationality-nationality-the, X1-subj-X2,X3-of-X4,X5-has_name-Sitka,X5-has_name-Old,X5-has_name-Warehouse,X3-of-X5,X1-obj-X3, X1-be-is-null,X2-which-Which-null,X4-Warehouse-Warehouse-the,X3-nationality-nationality-the,X5-creator-creator-the, X1-subj-X2,X4-has_name-Sitka,X4-Old-true,X4-has_name-Warehouse,X3-of-X4,X1-obj-X3,X1-obl_of-X5, X1-be-is-null,X2-which-Which-null,X4-Warehouse-Warehouse-the,X3-nationality-nationality-the,X5-creator-creator-the, X1-subj-X2,X4-has_name-Sitka,X4-has_name-Old,X4-has_name-Warehouse,X3-of-X4,X1-obj-X3,X1-obl_of-X5, X1-be-is-null,X2-which-Which-null,X4-creator-creator-the,X3-nationality-nationality-the,X5-Warehouse-Warehouse-the, X1-subj-X2,X3-of-X4,X1-obj-X3,X5-has_name-Sitka,X5-Old-true,X5-has_name-Warehouse,X1-obl_of-X5, X1-be-is-null,X2-which-Which-null,X4-creator-creator-the,X3-nationality-nationality-the,X5-Warehouse-Warehouse-the, X1-subj-X2,X3-of-X4,X1-obj-X3,X5-has_name-Sitka,X5-has_name-Old,X5-has_name-Warehouse,X1-obl_of-X5,","Drs [
 tokens=[],
 dEntities=[
DEntity(X1, be, is, VERB, null, false, Query1, Query), 
DEntity(X2, which, Which, PRON, null, false, Qualifier2, Qualifier), 
DEntity(X5, Warehouse, Warehouse, PROPN, the, false, Artefact3, Artefact), 
DEntity(X4, creator, creator, NOUN, the, false, Artist4, Artist), 
DEntity(X3, nationality, nationality, NOUN, the, false, ConceptArtist5, ConceptArtist)],
 dConditions=[
DCondition(X1, subj, X2, propriedades= [qQualifier] --- []), 
DCondition(X5, has_name, Sitka, propriedades= [] --- [has_name, has_text, who]), 
DCondition(X5, Old, true, propriedades= [] --- [has_name, has_text, who]), 
DCondition(X5, has_name, Warehouse, propriedades= [] --- [has_name, has_text, who]), 
DCondition(X4, of, X5, propriedades= [author_of] --- []), 
DCondition(X3, of, X4, propriedades= [conc_of_Artist] --- []), 
DCondition(X1, obj, X3, propriedades= [select] --- []), 
DCondition(X1, has_text, be, propriedades= [] --- [has_name, has_text, who]), 
DCondition(X2, has_text, which, propriedades= [] --- [has_name, has_text, who]), 
DCondition(X5, has_text, Warehouse, propriedades= [] --- [has_name, has_text, who]), 
DCondition(X4, has_text, creator, propriedades= [] --- [has_name, has_text, who]), 
DCondition(X3, has_text, nationality, propriedades= [] --- [has_name, has_text, who]), 
DCondition(X2, has_name, null list, propriedades= [] --- [has_name, has_text, who]), 
DCondition(X1, obj, X2, propriedades= [qQualifier] --- [])]
 solu��es = []
 numeroFrase = 0
 numHasNames = 3
 numIndividuals = 5
 numEntitiesOk = 10
 numIsClass = 0
 numPropsOk = 5
 numEntitiesNOk = 0
 numClassesOk = 4]"," PREFIX rdf: <http://www.w3.org/1999/02/22-rdf-syntax-ns#> PREFIX xsd: <http://www.w3.org/2001/XMLSchema#> PREFIX rdfs: <http://www.w3.org/2000/01/rdf-schema#> PREFIX cidoc: <http://www.cidoc-crm.org/cidoc-crm/> SELECT  DISTINCT  ?snameConceptArtist5 ?ConceptArtist5 ?snameArtefact3 ?Artefact3 WHERE { {{?Artefact3 cidoc:P131_is_identified_by ?nameArtefact3 . ?nameArtefact3 rdf:value ?snameArtefact3 .}  UNION {?Artefact3 rdfs:label ?snameArtefact3 .}}  filter(regex(?snameArtefact3,""Warehouse"",""i"")) . {{?Artefact3 cidoc:P131_is_identified_by ?nameArtefact3 . ?nameArtefact3 rdf:value ?snameArtefact3 .}  UNION {?Artefact3 rdfs:label ?snameArtefact3 .}}  filter(regex(?snameArtefact3,""Sitka"",""i"")) . ?prod cidoc:P14_carried_out_by ?Artist4 . ?Artefact3 cidoc:P108i_was_produced_by ?prod . ?Artist4 rdfs:label ?snameArtist4 . ?Artist4 cidoc:P107i_is_current_or_former_member_of ?ConceptArtist5. ?ConceptArtist5 rdfs:label ?snameConceptArtist5. }",true
421,Which is the nationality of the creator of The Pack?," X1-be-is-null,X2-which-Which-null,X5-pack-Pack-the,X4-creator-creator-the,X3-nationality-nationality-the, X1-subj-X2,X5-has_name-pack,X4-of-X5,X3-of-X4,X1-obj-X3, X1-be-is-null,X2-which-Which-null,X3-nationality-nationality-the,X5-pack-Pack-the,X4-creator-creator-the, X1-subj-X2,X1-obj-X3,X5-has_name-pack,X4-of-X5,X1-obl_of-X4, X1-be-is-null,X2-which-Which-null,X3-nationality-nationality-the,X4-creator-creator-the,X5-pack-Pack-the, X1-subj-X2,X1-obj-X3,X1-obl_of-X4,X5-has_name-pack,X1-obl_of-X5, X1-be-is-null,X2-which-Which-null,X4-creator-creator-the,X5-pack-Pack-the,X3-nationality-nationality-the, X1-subj-X2,X3-of-X4,X5-has_name-pack,X3-of-X5,X1-obj-X3, X1-be-is-null,X2-which-Which-null,X4-pack-Pack-the,X3-nationality-nationality-the,X5-creator-creator-the, X1-subj-X2,X4-has_name-pack,X3-of-X4,X1-obj-X3,X1-obl_of-X5, X1-be-is-null,X2-which-Which-null,X4-creator-creator-the,X3-nationality-nationality-the,X5-pack-Pack-the, X1-subj-X2,X3-of-X4,X1-obj-X3,X5-has_name-pack,X1-obl_of-X5,","Drs [
 tokens=[],
 dEntities=[
DEntity(X1, be, is, VERB, null, false, Query1, Query), 
DEntity(X2, which, Which, PRON, null, false, Qualifier2, Qualifier), 
DEntity(X5, pack, Pack, PROPN, the, false, Artefact3, Artefact), 
DEntity(X4, creator, creator, NOUN, the, false, Artist4, Artist), 
DEntity(X3, nationality, nationality, NOUN, the, false, ConceptArtist5, ConceptArtist)],
 dConditions=[
DCondition(X1, subj, X2, propriedades= [qQualifier] --- []), 
DCondition(X5, has_name, pack, propriedades= [] --- [has_name, has_text, who]), 
DCondition(X4, of, X5, propriedades= [author_of] --- []), 
DCondition(X3, of, X4, propriedades= [conc_of_Artist] --- []), 
DCondition(X1, obj, X3, propriedades= [select] --- []), 
DCondition(X1, has_text, be, propriedades= [] --- [has_name, has_text, who]), 
DCondition(X2, has_text, which, propriedades= [] --- [has_name, has_text, who]), 
DCondition(X5, has_text, pack, propriedades= [] --- [has_name, has_text, who]), 
DCondition(X4, has_text, creator, propriedades= [] --- [has_name, has_text, who]), 
DCondition(X3, has_text, nationality, propriedades= [] --- [has_name, has_text, who]), 
DCondition(X2, has_name, null list, propriedades= [] --- [has_name, has_text, who]), 
DCondition(X1, obj, X2, propriedades= [qQualifier] --- [])]
 solu��es = []
 numeroFrase = 0
 numHasNames = 2
 numIndividuals = 5
 numEntitiesOk = 10
 numIsClass = 0
 numPropsOk = 5
 numEntitiesNOk = 0
 numClassesOk = 4]"," PREFIX rdf: <http://www.w3.org/1999/02/22-rdf-syntax-ns#> PREFIX xsd: <http://www.w3.org/2001/XMLSchema#> PREFIX rdfs: <http://www.w3.org/2000/01/rdf-schema#> PREFIX cidoc: <http://www.cidoc-crm.org/cidoc-crm/> SELECT  DISTINCT  ?snameConceptArtist5 ?ConceptArtist5 ?snameArtefact3 ?Artefact3 WHERE { {{?Artefact3 cidoc:P131_is_identified_by ?nameArtefact3 . ?nameArtefact3 rdf:value ?snameArtefact3 .}  UNION {?Artefact3 rdfs:label ?snameArtefact3 .}}  filter(regex(?snameArtefact3,""pack"",""i"")) . ?prod cidoc:P14_carried_out_by ?Artist4 . ?Artefact3 cidoc:P108i_was_produced_by ?prod . ?Artist4 rdfs:label ?snameArtist4 . ?Artist4 cidoc:P107i_is_current_or_former_member_of ?ConceptArtist5. ?ConceptArtist5 rdfs:label ?snameConceptArtist5. }",true
422,"Which is the nationality of the creator of The Pantheon, Paris?"," X1-be-is-null,X2-which-Which-null,X5-Pantheon-Pantheon-the,X4-creator-creator-the,X3-nationality-nationality-the, X1-subj-X2,X5-has_name-Paris,X5-has_name-Pantheon,X4-of-X5,X3-of-X4,X1-obj-X3, X1-be-is-null,X2-which-Which-null,X3-nationality-nationality-the,X5-Pantheon-Pantheon-the,X4-creator-creator-the, X1-subj-X2,X1-obj-X3,X5-has_name-Paris,X5-has_name-Pantheon,X4-of-X5,X1-obl_of-X4, X1-be-is-null,X2-which-Which-null,X3-nationality-nationality-the,X4-creator-creator-the,X5-Pantheon-Pantheon-the, X1-subj-X2,X1-obj-X3,X1-obl_of-X4,X5-has_name-Paris,X5-has_name-Pantheon,X1-obl_of-X5, X1-be-is-null,X2-which-Which-null,X4-creator-creator-the,X5-Pantheon-Pantheon-the,X3-nationality-nationality-the, X1-subj-X2,X3-of-X4,X5-has_name-Paris,X5-has_name-Pantheon,X3-of-X5,X1-obj-X3, X1-be-is-null,X2-which-Which-null,X4-Pantheon-Pantheon-the,X3-nationality-nationality-the,X5-creator-creator-the, X1-subj-X2,X4-has_name-Paris,X4-has_name-Pantheon,X3-of-X4,X1-obj-X3,X1-obl_of-X5, X1-be-is-null,X2-which-Which-null,X4-creator-creator-the,X3-nationality-nationality-the,X5-Pantheon-Pantheon-the, X1-subj-X2,X3-of-X4,X1-obj-X3,X5-has_name-Paris,X5-has_name-Pantheon,X1-obl_of-X5, X1-be-is-null,X2-which-Which-null,X6-Paris-Paris-null,X5-Pantheon-Pantheon-the,X4-creator-creator-the,X3-nationality-nationality-the, X1-subj-X2,X6-has_name-Paris,X5-rel-X6,X5-has_name-Pantheon,X4-of-X5,X3-of-X4,X1-obj-X3, X1-be-is-null,X2-which-Which-null,X3-nationality-nationality-the,X6-Paris-Paris-null,X5-Pantheon-Pantheon-the,X4-creator-creator-the, X1-subj-X2,X1-obj-X3,X6-has_name-Paris,X5-rel-X6,X5-has_name-Pantheon,X4-of-X5,X1-obl_of-X4, X1-be-is-null,X2-which-Which-null,X3-nationality-nationality-the,X4-creator-creator-the,X6-Paris-Paris-null,X5-Pantheon-Pantheon-the, X1-subj-X2,X1-obj-X3,X1-obl_of-X4,X6-has_name-Paris,X5-rel-X6,X5-has_name-Pantheon,X1-obl_of-X5, X1-be-is-null,X2-which-Which-null,X4-creator-creator-the,X6-Paris-Paris-null,X5-Pantheon-Pantheon-the,X3-nationality-nationality-the, X1-subj-X2,X3-of-X4,X6-has_name-Paris,X5-rel-X6,X5-has_name-Pantheon,X3-of-X5,X1-obj-X3, X1-be-is-null,X2-which-Which-null,X5-Paris-Paris-null,X4-Pantheon-Pantheon-the,X3-nationality-nationality-the,X6-creator-creator-the, X1-subj-X2,X5-has_name-Paris,X4-rel-X5,X4-has_name-Pantheon,X3-of-X4,X1-obj-X3,X1-obl_of-X6, X1-be-is-null,X2-which-Which-null,X4-creator-creator-the,X3-nationality-nationality-the,X6-Paris-Paris-null,X5-Pantheon-Pantheon-the, X1-subj-X2,X3-of-X4,X1-obj-X3,X6-has_name-Paris,X5-rel-X6,X5-has_name-Pantheon,X1-obl_of-X5,",Incorrect partial DRS,null,null
423,Which is the nationality of the creator of The Perfume of Roses?," X1-be-is-null,X2-which-Which-null,X6-Roses-Roses-null,X5-Perfume-Perfume-the,X4-creator-creator-the,X3-nationality-nationality-the, X1-subj-X2,X6-has_name-Roses,X5-of-X6,X5-has_name-Perfume,X4-of-X5,X3-of-X4,X1-obj-X3, X1-be-is-null,X2-which-Which-null,X3-nationality-nationality-the,X6-Roses-Roses-null,X5-Perfume-Perfume-the,X4-creator-creator-the, X1-subj-X2,X1-obj-X3,X6-has_name-Roses,X5-of-X6,X5-has_name-Perfume,X4-of-X5,X1-obl_of-X4, X1-be-is-null,X2-which-Which-null,X3-nationality-nationality-the,X4-creator-creator-the,X6-Roses-Roses-null,X5-Perfume-Perfume-the, X1-subj-X2,X1-obj-X3,X1-obl_of-X4,X6-has_name-Roses,X5-of-X6,X5-has_name-Perfume,X1-obl_of-X5, X1-be-is-null,X2-which-Which-null,X3-nationality-nationality-the,X4-creator-creator-the,X5-Perfume-Perfume-the,X6-Roses-Roses-null, X1-subj-X2,X1-obj-X3,X1-obl_of-X4,X5-has_name-Perfume,X1-obl_of-X5,X6-has_name-Roses,X1-obl_of-X6, X1-be-is-null,X2-which-Which-null,X3-nationality-nationality-the,X5-Perfume-Perfume-the,X6-Roses-Roses-null,X4-creator-creator-the, X1-subj-X2,X1-obj-X3,X5-has_name-Perfume,X4-of-X5,X6-has_name-Roses,X4-of-X6,X1-obl_of-X4, X1-be-is-null,X2-which-Which-null,X4-creator-creator-the,X6-Roses-Roses-null,X5-Perfume-Perfume-the,X3-nationality-nationality-the, X1-subj-X2,X3-of-X4,X6-has_name-Roses,X5-of-X6,X5-has_name-Perfume,X3-of-X5,X1-obj-X3, X1-be-is-null,X2-which-Which-null,X5-Roses-Roses-null,X4-Perfume-Perfume-the,X3-nationality-nationality-the,X6-creator-creator-the, X1-subj-X2,X5-has_name-Roses,X4-of-X5,X4-has_name-Perfume,X3-of-X4,X1-obj-X3,X1-obl_of-X6, X1-be-is-null,X2-which-Which-null,X4-creator-creator-the,X3-nationality-nationality-the,X6-Roses-Roses-null,X5-Perfume-Perfume-the, X1-subj-X2,X3-of-X4,X1-obj-X3,X6-has_name-Roses,X5-of-X6,X5-has_name-Perfume,X1-obl_of-X5, X1-be-is-null,X2-which-Which-null,X4-creator-creator-the,X5-Perfume-Perfume-the,X6-Roses-Roses-null,X3-nationality-nationality-the, X1-subj-X2,X3-of-X4,X5-has_name-Perfume,X3-of-X5,X6-has_name-Roses,X3-of-X6,X1-obj-X3, X1-be-is-null,X2-which-Which-null,X5-Perfume-Perfume-the,X6-Roses-Roses-null,X4-creator-creator-the,X3-nationality-nationality-the, X1-subj-X2,X5-has_name-Perfume,X4-of-X5,X6-has_name-Roses,X4-of-X6,X3-of-X4,X1-obj-X3,",Incorrect partial DRS,null,null
424,"Which is the nationality of the creator of The Postern, Moret?"," X1-be-is-null,X2-which-Which-null,X5-Postern-Postern-the,X4-creator-creator-the,X3-nationality-nationality-the, X1-subj-X2,X5-has_name-Moret,X5-has_name-Postern,X4-of-X5,X3-of-X4,X1-obj-X3, X1-be-is-null,X2-which-Which-null,X3-nationality-nationality-the,X5-Postern-Postern-the,X4-creator-creator-the, X1-subj-X2,X1-obj-X3,X5-has_name-Moret,X5-has_name-Postern,X4-of-X5,X1-obl_of-X4, X1-be-is-null,X2-which-Which-null,X3-nationality-nationality-the,X4-creator-creator-the,X5-Postern-Postern-the, X1-subj-X2,X1-obj-X3,X1-obl_of-X4,X5-has_name-Moret,X5-has_name-Postern,X1-obl_of-X5, X1-be-is-null,X2-which-Which-null,X4-creator-creator-the,X5-Postern-Postern-the,X3-nationality-nationality-the, X1-subj-X2,X3-of-X4,X5-has_name-Moret,X5-has_name-Postern,X3-of-X5,X1-obj-X3, X1-be-is-null,X2-which-Which-null,X4-Postern-Postern-the,X3-nationality-nationality-the,X5-creator-creator-the, X1-subj-X2,X4-has_name-Moret,X4-has_name-Postern,X3-of-X4,X1-obj-X3,X1-obl_of-X5, X1-be-is-null,X2-which-Which-null,X4-creator-creator-the,X3-nationality-nationality-the,X5-Postern-Postern-the, X1-subj-X2,X3-of-X4,X1-obj-X3,X5-has_name-Moret,X5-has_name-Postern,X1-obl_of-X5, X1-be-is-null,X2-which-Which-null,X6-Moret-Moret-null,X5-Postern-Postern-the,X4-creator-creator-the,X3-nationality-nationality-the, X1-subj-X2,X6-has_name-Moret,X5-rel-X6,X5-has_name-Postern,X4-of-X5,X3-of-X4,X1-obj-X3, X1-be-is-null,X2-which-Which-null,X3-nationality-nationality-the,X6-Moret-Moret-null,X5-Postern-Postern-the,X4-creator-creator-the, X1-subj-X2,X1-obj-X3,X6-has_name-Moret,X5-rel-X6,X5-has_name-Postern,X4-of-X5,X1-obl_of-X4, X1-be-is-null,X2-which-Which-null,X3-nationality-nationality-the,X4-creator-creator-the,X6-Moret-Moret-null,X5-Postern-Postern-the, X1-subj-X2,X1-obj-X3,X1-obl_of-X4,X6-has_name-Moret,X5-rel-X6,X5-has_name-Postern,X1-obl_of-X5, X1-be-is-null,X2-which-Which-null,X4-creator-creator-the,X6-Moret-Moret-null,X5-Postern-Postern-the,X3-nationality-nationality-the, X1-subj-X2,X3-of-X4,X6-has_name-Moret,X5-rel-X6,X5-has_name-Postern,X3-of-X5,X1-obj-X3, X1-be-is-null,X2-which-Which-null,X5-Moret-Moret-null,X4-Postern-Postern-the,X3-nationality-nationality-the,X6-creator-creator-the, X1-subj-X2,X5-has_name-Moret,X4-rel-X5,X4-has_name-Postern,X3-of-X4,X1-obj-X3,X1-obl_of-X6, X1-be-is-null,X2-which-Which-null,X4-creator-creator-the,X3-nationality-nationality-the,X6-Moret-Moret-null,X5-Postern-Postern-the, X1-subj-X2,X3-of-X4,X1-obj-X3,X6-has_name-Moret,X5-rel-X6,X5-has_name-Postern,X1-obl_of-X5,",Incorrect partial DRS,null,null
425,Which is the nationality of the creator of The Poultryman?," X1-be-is-null,X2-which-Which-null,X5-Poultryman-Poultryman-the,X4-creator-creator-the,X3-nationality-nationality-the, X1-subj-X2,X5-has_name-Poultryman,X4-of-X5,X3-of-X4,X1-obj-X3, X1-be-is-null,X2-which-Which-null,X3-nationality-nationality-the,X5-Poultryman-Poultryman-the,X4-creator-creator-the, X1-subj-X2,X1-obj-X3,X5-has_name-Poultryman,X4-of-X5,X1-obl_of-X4, X1-be-is-null,X2-which-Which-null,X3-nationality-nationality-the,X4-creator-creator-the,X5-Poultryman-Poultryman-the, X1-subj-X2,X1-obj-X3,X1-obl_of-X4,X5-has_name-Poultryman,X1-obl_of-X5, X1-be-is-null,X2-which-Which-null,X4-creator-creator-the,X5-Poultryman-Poultryman-the,X3-nationality-nationality-the, X1-subj-X2,X3-of-X4,X5-has_name-Poultryman,X3-of-X5,X1-obj-X3, X1-be-is-null,X2-which-Which-null,X4-Poultryman-Poultryman-the,X3-nationality-nationality-the,X5-creator-creator-the, X1-subj-X2,X4-has_name-Poultryman,X3-of-X4,X1-obj-X3,X1-obl_of-X5, X1-be-is-null,X2-which-Which-null,X4-creator-creator-the,X3-nationality-nationality-the,X5-Poultryman-Poultryman-the, X1-subj-X2,X3-of-X4,X1-obj-X3,X5-has_name-Poultryman,X1-obl_of-X5,","Drs [
 tokens=[],
 dEntities=[
DEntity(X1, be, is, VERB, null, false, Query1, Query), 
DEntity(X2, which, Which, PRON, null, false, Qualifier2, Qualifier), 
DEntity(X5, Poultryman, Poultryman, PROPN, the, false, Artefact3, Artefact), 
DEntity(X4, creator, creator, NOUN, the, false, Artist4, Artist), 
DEntity(X3, nationality, nationality, NOUN, the, false, ConceptArtist5, ConceptArtist)],
 dConditions=[
DCondition(X1, subj, X2, propriedades= [qQualifier] --- []), 
DCondition(X5, has_name, Poultryman, propriedades= [] --- [has_name, has_text, who]), 
DCondition(X4, of, X5, propriedades= [author_of] --- []), 
DCondition(X3, of, X4, propriedades= [conc_of_Artist] --- []), 
DCondition(X1, obj, X3, propriedades= [select] --- []), 
DCondition(X1, has_text, be, propriedades= [] --- [has_name, has_text, who]), 
DCondition(X2, has_text, which, propriedades= [] --- [has_name, has_text, who]), 
DCondition(X5, has_text, Poultryman, propriedades= [] --- [has_name, has_text, who]), 
DCondition(X4, has_text, creator, propriedades= [] --- [has_name, has_text, who]), 
DCondition(X3, has_text, nationality, propriedades= [] --- [has_name, has_text, who]), 
DCondition(X2, has_name, null list, propriedades= [] --- [has_name, has_text, who]), 
DCondition(X1, obj, X2, propriedades= [qQualifier] --- [])]
 solu��es = []
 numeroFrase = 0
 numHasNames = 2
 numIndividuals = 5
 numEntitiesOk = 10
 numIsClass = 0
 numPropsOk = 5
 numEntitiesNOk = 0
 numClassesOk = 4]"," PREFIX rdf: <http://www.w3.org/1999/02/22-rdf-syntax-ns#> PREFIX xsd: <http://www.w3.org/2001/XMLSchema#> PREFIX rdfs: <http://www.w3.org/2000/01/rdf-schema#> PREFIX cidoc: <http://www.cidoc-crm.org/cidoc-crm/> SELECT  DISTINCT  ?snameConceptArtist5 ?ConceptArtist5 ?snameArtefact3 ?Artefact3 WHERE { {{?Artefact3 cidoc:P131_is_identified_by ?nameArtefact3 . ?nameArtefact3 rdf:value ?snameArtefact3 .}  UNION {?Artefact3 rdfs:label ?snameArtefact3 .}}  filter(regex(?snameArtefact3,""Poultryman"",""i"")) . ?prod cidoc:P14_carried_out_by ?Artist4 . ?Artefact3 cidoc:P108i_was_produced_by ?prod . ?Artist4 rdfs:label ?snameArtist4 . ?Artist4 cidoc:P107i_is_current_or_former_member_of ?ConceptArtist5. ?ConceptArtist5 rdfs:label ?snameConceptArtist5. }",true
426,Which is the nationality of the creator of The Puppy-cat and the Baby?," X1-be-is-null,X2-which-Which-null,X4-creator-creator-the,X6-Baby-Baby-the,X5-Puppy cat-Puppy cat-the,X3-nationality-nationality-the, X1-subj-X2,X3-of-X4,X6-has_name-Baby,X3-of-X6,X3-of-X5,X1-obj-X3, X1-be-is-null,X2-which-Which-null,X5-Baby-Baby-the,X4-Puppy cat-Puppy cat-the,X3-nationality-nationality-the,X6-creator-creator-the, X1-subj-X2,X5-has_name-Baby,X3-of-X5,X3-of-X4,X1-obj-X3,X1-obl_of-X6, X1-be-is-null,X2-which-Which-null,X3-nationality-nationality-the,X4-creator-creator-the,X6-Baby-Baby-the,X5-Puppy cat-Puppy cat-the, X1-subj-X2,X1-obj-X3,X1-obl_of-X4,X6-has_name-Baby,X1-obl_of-X6,X1-obl_of-X5, X1-be-is-null,X2-which-Which-null,X4-creator-creator-the,X3-nationality-nationality-the,X6-Baby-Baby-the,X5-Puppy cat-Puppy cat-the, X1-subj-X2,X3-of-X4,X1-obj-X3,X6-has_name-Baby,X1-obl_of-X6,X1-obl_of-X5,",Incorrect partial DRS,null,null
427,Which is the nationality of the creator of The Race?," X1-be-is-null,X2-which-Which-null,X5-Race-Race-the,X4-creator-creator-the,X3-nationality-nationality-the, X1-subj-X2,X5-has_name-Race,X4-of-X5,X3-of-X4,X1-obj-X3, X1-be-is-null,X2-which-Which-null,X3-nationality-nationality-the,X5-Race-Race-the,X4-creator-creator-the, X1-subj-X2,X1-obj-X3,X5-has_name-Race,X4-of-X5,X1-obl_of-X4, X1-be-is-null,X2-which-Which-null,X3-nationality-nationality-the,X4-creator-creator-the,X5-Race-Race-the, X1-subj-X2,X1-obj-X3,X1-obl_of-X4,X5-has_name-Race,X1-obl_of-X5, X1-be-is-null,X2-which-Which-null,X4-creator-creator-the,X5-Race-Race-the,X3-nationality-nationality-the, X1-subj-X2,X3-of-X4,X5-has_name-Race,X3-of-X5,X1-obj-X3, X1-be-is-null,X2-which-Which-null,X4-Race-Race-the,X3-nationality-nationality-the,X5-creator-creator-the, X1-subj-X2,X4-has_name-Race,X3-of-X4,X1-obj-X3,X1-obl_of-X5, X1-be-is-null,X2-which-Which-null,X4-creator-creator-the,X3-nationality-nationality-the,X5-Race-Race-the, X1-subj-X2,X3-of-X4,X1-obj-X3,X5-has_name-Race,X1-obl_of-X5,","Drs [
 tokens=[],
 dEntities=[
DEntity(X1, be, is, VERB, null, false, Query1, Query), 
DEntity(X2, which, Which, PRON, null, false, Qualifier2, Qualifier), 
DEntity(X5, Race, Race, PROPN, the, false, Artefact3, Artefact), 
DEntity(X4, creator, creator, NOUN, the, false, Artist4, Artist), 
DEntity(X3, nationality, nationality, NOUN, the, false, ConceptArtist5, ConceptArtist)],
 dConditions=[
DCondition(X1, subj, X2, propriedades= [qQualifier] --- []), 
DCondition(X5, has_name, Race, propriedades= [] --- [has_name, has_text, who]), 
DCondition(X4, of, X5, propriedades= [author_of] --- []), 
DCondition(X3, of, X4, propriedades= [conc_of_Artist] --- []), 
DCondition(X1, obj, X3, propriedades= [select] --- []), 
DCondition(X1, has_text, be, propriedades= [] --- [has_name, has_text, who]), 
DCondition(X2, has_text, which, propriedades= [] --- [has_name, has_text, who]), 
DCondition(X5, has_text, Race, propriedades= [] --- [has_name, has_text, who]), 
DCondition(X4, has_text, creator, propriedades= [] --- [has_name, has_text, who]), 
DCondition(X3, has_text, nationality, propriedades= [] --- [has_name, has_text, who]), 
DCondition(X2, has_name, null list, propriedades= [] --- [has_name, has_text, who]), 
DCondition(X1, obj, X2, propriedades= [qQualifier] --- [])]
 solu��es = []
 numeroFrase = 0
 numHasNames = 2
 numIndividuals = 5
 numEntitiesOk = 10
 numIsClass = 0
 numPropsOk = 5
 numEntitiesNOk = 0
 numClassesOk = 4]"," PREFIX rdf: <http://www.w3.org/1999/02/22-rdf-syntax-ns#> PREFIX xsd: <http://www.w3.org/2001/XMLSchema#> PREFIX rdfs: <http://www.w3.org/2000/01/rdf-schema#> PREFIX cidoc: <http://www.cidoc-crm.org/cidoc-crm/> SELECT  DISTINCT  ?snameConceptArtist5 ?ConceptArtist5 ?snameArtefact3 ?Artefact3 WHERE { {{?Artefact3 cidoc:P131_is_identified_by ?nameArtefact3 . ?nameArtefact3 rdf:value ?snameArtefact3 .}  UNION {?Artefact3 rdfs:label ?snameArtefact3 .}}  filter(regex(?snameArtefact3,""Race"",""i"")) . ?prod cidoc:P14_carried_out_by ?Artist4 . ?Artefact3 cidoc:P108i_was_produced_by ?prod . ?Artist4 rdfs:label ?snameArtist4 . ?Artist4 cidoc:P107i_is_current_or_former_member_of ?ConceptArtist5. ?ConceptArtist5 rdfs:label ?snameConceptArtist5. }",true
428,Which is the nationality of the creator of The Russian Fair?," X1-be-is-null,X2-which-Which-null,X5-Fair-Fair-the,X4-creator-creator-the,X3-nationality-nationality-the, X1-subj-X2,X5-Russian-true,X5-has_name-Fair,X4-of-X5,X3-of-X4,X1-obj-X3, X1-be-is-null,X2-which-Which-null,X5-Fair-Fair-the,X4-creator-creator-the,X3-nationality-nationality-the, X1-subj-X2,X5-has_name-Russian,X5-has_name-Fair,X4-of-X5,X3-of-X4,X1-obj-X3, X1-be-is-null,X2-which-Which-null,X3-nationality-nationality-the,X5-Fair-Fair-the,X4-creator-creator-the, X1-subj-X2,X1-obj-X3,X5-Russian-true,X5-has_name-Fair,X4-of-X5,X1-obl_of-X4, X1-be-is-null,X2-which-Which-null,X3-nationality-nationality-the,X5-Fair-Fair-the,X4-creator-creator-the, X1-subj-X2,X1-obj-X3,X5-has_name-Russian,X5-has_name-Fair,X4-of-X5,X1-obl_of-X4, X1-be-is-null,X2-which-Which-null,X3-nationality-nationality-the,X4-creator-creator-the,X5-Fair-Fair-the, X1-subj-X2,X1-obj-X3,X1-obl_of-X4,X5-Russian-true,X5-has_name-Fair,X1-obl_of-X5, X1-be-is-null,X2-which-Which-null,X3-nationality-nationality-the,X4-creator-creator-the,X5-Fair-Fair-the, X1-subj-X2,X1-obj-X3,X1-obl_of-X4,X5-has_name-Russian,X5-has_name-Fair,X1-obl_of-X5, X1-be-is-null,X2-which-Which-null,X4-creator-creator-the,X5-Fair-Fair-the,X3-nationality-nationality-the, X1-subj-X2,X3-of-X4,X5-Russian-true,X5-has_name-Fair,X3-of-X5,X1-obj-X3, X1-be-is-null,X2-which-Which-null,X4-creator-creator-the,X5-Fair-Fair-the,X3-nationality-nationality-the, X1-subj-X2,X3-of-X4,X5-has_name-Russian,X5-has_name-Fair,X3-of-X5,X1-obj-X3, X1-be-is-null,X2-which-Which-null,X4-Fair-Fair-the,X3-nationality-nationality-the,X5-creator-creator-the, X1-subj-X2,X4-Russian-true,X4-has_name-Fair,X3-of-X4,X1-obj-X3,X1-obl_of-X5, X1-be-is-null,X2-which-Which-null,X4-Fair-Fair-the,X3-nationality-nationality-the,X5-creator-creator-the, X1-subj-X2,X4-has_name-Russian,X4-has_name-Fair,X3-of-X4,X1-obj-X3,X1-obl_of-X5, X1-be-is-null,X2-which-Which-null,X4-creator-creator-the,X3-nationality-nationality-the,X5-Fair-Fair-the, X1-subj-X2,X3-of-X4,X1-obj-X3,X5-Russian-true,X5-has_name-Fair,X1-obl_of-X5, X1-be-is-null,X2-which-Which-null,X4-creator-creator-the,X3-nationality-nationality-the,X5-Fair-Fair-the, X1-subj-X2,X3-of-X4,X1-obj-X3,X5-has_name-Russian,X5-has_name-Fair,X1-obl_of-X5,",Incorrect partial DRS,null,null
429,Which is the nationality of the creator of The Sauce-Pan Shop?," X1-be-is-null,X2-which-Which-null,X5-shop-Shop-the,X4-Sauce Pan creator-Sauce Pan creator-the,X3-nationality-nationality-the, X1-subj-X2,X5-has_name-shop,X4-of-X5,X3-of-X4,X1-obj-X3, X1-be-is-null,X2-which-Which-null,X3-nationality-nationality-the,X5-shop-Shop-the,X4-Sauce Pan creator-Sauce Pan creator-the, X1-subj-X2,X1-obj-X3,X5-has_name-shop,X4-of-X5,X1-obl_of-X4, X1-be-is-null,X2-which-Which-null,X3-nationality-nationality-the,X4-Sauce Pan creator-Sauce Pan creator-the,X5-shop-Shop-the, X1-subj-X2,X1-obj-X3,X1-obl_of-X4,X5-has_name-shop,X1-obl_of-X5, X1-be-is-null,X2-which-Which-null,X4-Sauce Pan creator-Sauce Pan creator-the,X5-shop-Shop-the,X3-nationality-nationality-the, X1-subj-X2,X3-of-X4,X5-has_name-shop,X3-of-X5,X1-obj-X3, X1-be-is-null,X2-which-Which-null,X4-shop-Shop-the,X3-nationality-nationality-the,X5-Sauce Pan creator-Sauce Pan creator-the, X1-subj-X2,X4-has_name-shop,X3-of-X4,X1-obj-X3,X1-obl_of-X5, X1-be-is-null,X2-which-Which-null,X4-Sauce Pan creator-Sauce Pan creator-the,X3-nationality-nationality-the,X5-shop-Shop-the, X1-subj-X2,X3-of-X4,X1-obj-X3,X5-has_name-shop,X1-obl_of-X5,","Drs [
 tokens=[],
 dEntities=[
DEntity(X1, be, is, VERB, null, false, Query1, Query), 
DEntity(X2, which, Which, PRON, null, false, Qualifier2, Qualifier), 
DEntity(X5, shop, Shop, PROPN, the, false, Artefact3, Artefact), 
DEntity(X4, Sauce Pan creator, Sauce Pan creator, NOUN, the, false, Artist4, Artist), 
DEntity(X3, nationality, nationality, NOUN, the, false, ConceptArtist5, ConceptArtist)],
 dConditions=[
DCondition(X1, subj, X2, propriedades= [qQualifier] --- []), 
DCondition(X5, has_name, shop, propriedades= [] --- [has_name, has_text, who]), 
DCondition(X4, of, X5, propriedades= [author_of] --- []), 
DCondition(X3, of, X4, propriedades= [conc_of_Artist] --- []), 
DCondition(X1, obj, X3, propriedades= [select] --- []), 
DCondition(X1, has_text, be, propriedades= [] --- [has_name, has_text, who]), 
DCondition(X2, has_text, which, propriedades= [] --- [has_name, has_text, who]), 
DCondition(X5, has_text, shop, propriedades= [] --- [has_name, has_text, who]), 
DCondition(X4, has_text, Sauce Pan creator, propriedades= [] --- [has_name, has_text, who]), 
DCondition(X3, has_text, nationality, propriedades= [] --- [has_name, has_text, who]), 
DCondition(X2, has_name, null list, propriedades= [] --- [has_name, has_text, who]), 
DCondition(X1, obj, X2, propriedades= [qQualifier] --- [])]
 solu��es = []
 numeroFrase = 0
 numHasNames = 2
 numIndividuals = 5
 numEntitiesOk = 10
 numIsClass = 0
 numPropsOk = 5
 numEntitiesNOk = 0
 numClassesOk = 3]"," PREFIX rdf: <http://www.w3.org/1999/02/22-rdf-syntax-ns#> PREFIX xsd: <http://www.w3.org/2001/XMLSchema#> PREFIX rdfs: <http://www.w3.org/2000/01/rdf-schema#> PREFIX cidoc: <http://www.cidoc-crm.org/cidoc-crm/> SELECT  DISTINCT  ?snameConceptArtist5 ?ConceptArtist5 ?snameArtefact3 ?Artefact3 WHERE { {{?Artefact3 cidoc:P131_is_identified_by ?nameArtefact3 . ?nameArtefact3 rdf:value ?snameArtefact3 .}  UNION {?Artefact3 rdfs:label ?snameArtefact3 .}}  filter(regex(?snameArtefact3,""shop"",""i"")) . ?prod cidoc:P14_carried_out_by ?Artist4 . ?Artefact3 cidoc:P108i_was_produced_by ?prod . ?Artist4 rdfs:label ?snameArtist4 . ?Artist4 cidoc:P107i_is_current_or_former_member_of ?ConceptArtist5. ?ConceptArtist5 rdfs:label ?snameConceptArtist5. }",true
430,Which is the nationality of the creator of The Sculptor?," X1-be-is-null,X2-which-Which-null,X5-Sculptor-Sculptor-the,X4-creator-creator-the,X3-nationality-nationality-the, X1-subj-X2,X5-has_name-Sculptor,X4-of-X5,X3-of-X4,X1-obj-X3, X1-be-is-null,X2-which-Which-null,X3-nationality-nationality-the,X5-Sculptor-Sculptor-the,X4-creator-creator-the, X1-subj-X2,X1-obj-X3,X5-has_name-Sculptor,X4-of-X5,X1-obl_of-X4, X1-be-is-null,X2-which-Which-null,X3-nationality-nationality-the,X4-creator-creator-the,X5-Sculptor-Sculptor-the, X1-subj-X2,X1-obj-X3,X1-obl_of-X4,X5-has_name-Sculptor,X1-obl_of-X5, X1-be-is-null,X2-which-Which-null,X4-creator-creator-the,X5-Sculptor-Sculptor-the,X3-nationality-nationality-the, X1-subj-X2,X3-of-X4,X5-has_name-Sculptor,X3-of-X5,X1-obj-X3, X1-be-is-null,X2-which-Which-null,X4-Sculptor-Sculptor-the,X3-nationality-nationality-the,X5-creator-creator-the, X1-subj-X2,X4-has_name-Sculptor,X3-of-X4,X1-obj-X3,X1-obl_of-X5, X1-be-is-null,X2-which-Which-null,X4-creator-creator-the,X3-nationality-nationality-the,X5-Sculptor-Sculptor-the, X1-subj-X2,X3-of-X4,X1-obj-X3,X5-has_name-Sculptor,X1-obl_of-X5,","Drs [
 tokens=[],
 dEntities=[
DEntity(X1, be, is, VERB, null, false, Query1, Query), 
DEntity(X2, which, Which, PRON, null, false, Qualifier2, Qualifier), 
DEntity(X5, Sculptor, Sculptor, PROPN, the, false, Artefact3, Artefact), 
DEntity(X4, creator, creator, NOUN, the, false, Artist4, Artist), 
DEntity(X3, nationality, nationality, NOUN, the, false, ConceptArtist5, ConceptArtist)],
 dConditions=[
DCondition(X1, subj, X2, propriedades= [qQualifier] --- []), 
DCondition(X5, has_name, Sculptor, propriedades= [] --- [has_name, has_text, who]), 
DCondition(X4, of, X5, propriedades= [author_of] --- []), 
DCondition(X3, of, X4, propriedades= [conc_of_Artist] --- []), 
DCondition(X1, obj, X3, propriedades= [select] --- []), 
DCondition(X1, has_text, be, propriedades= [] --- [has_name, has_text, who]), 
DCondition(X2, has_text, which, propriedades= [] --- [has_name, has_text, who]), 
DCondition(X5, has_text, Sculptor, propriedades= [] --- [has_name, has_text, who]), 
DCondition(X4, has_text, creator, propriedades= [] --- [has_name, has_text, who]), 
DCondition(X3, has_text, nationality, propriedades= [] --- [has_name, has_text, who]), 
DCondition(X2, has_name, null list, propriedades= [] --- [has_name, has_text, who]), 
DCondition(X1, obj, X2, propriedades= [qQualifier] --- [])]
 solu��es = []
 numeroFrase = 0
 numHasNames = 2
 numIndividuals = 5
 numEntitiesOk = 10
 numIsClass = 0
 numPropsOk = 5
 numEntitiesNOk = 0
 numClassesOk = 4]"," PREFIX rdf: <http://www.w3.org/1999/02/22-rdf-syntax-ns#> PREFIX xsd: <http://www.w3.org/2001/XMLSchema#> PREFIX rdfs: <http://www.w3.org/2000/01/rdf-schema#> PREFIX cidoc: <http://www.cidoc-crm.org/cidoc-crm/> SELECT  DISTINCT  ?snameConceptArtist5 ?ConceptArtist5 ?snameArtefact3 ?Artefact3 WHERE { {{?Artefact3 cidoc:P131_is_identified_by ?nameArtefact3 . ?nameArtefact3 rdf:value ?snameArtefact3 .}  UNION {?Artefact3 rdfs:label ?snameArtefact3 .}}  filter(regex(?snameArtefact3,""Sculptor"",""i"")) . ?prod cidoc:P14_carried_out_by ?Artist4 . ?Artefact3 cidoc:P108i_was_produced_by ?prod . ?Artist4 rdfs:label ?snameArtist4 . ?Artist4 cidoc:P107i_is_current_or_former_member_of ?ConceptArtist5. ?ConceptArtist5 rdfs:label ?snameConceptArtist5. }",true
431,Which is the nationality of the creator of The Seine Boat?," X1-be-is-null,X2-which-Which-null,X5-Seine Boat-Seine Boat-the,X4-creator-creator-the,X3-nationality-nationality-the, X1-subj-X2,X5-has_name-Seine Boat,X4-of-X5,X3-of-X4,X1-obj-X3, X1-be-is-null,X2-which-Which-null,X3-nationality-nationality-the,X5-Seine Boat-Seine Boat-the,X4-creator-creator-the, X1-subj-X2,X1-obj-X3,X5-has_name-Seine Boat,X4-of-X5,X1-obl_of-X4, X1-be-is-null,X2-which-Which-null,X3-nationality-nationality-the,X4-creator-creator-the,X5-Seine Boat-Seine Boat-the, X1-subj-X2,X1-obj-X3,X1-obl_of-X4,X5-has_name-Seine Boat,X1-obl_of-X5, X1-be-is-null,X2-which-Which-null,X4-creator-creator-the,X5-Seine Boat-Seine Boat-the,X3-nationality-nationality-the, X1-subj-X2,X3-of-X4,X5-has_name-Seine Boat,X3-of-X5,X1-obj-X3, X1-be-is-null,X2-which-Which-null,X4-Seine Boat-Seine Boat-the,X3-nationality-nationality-the,X5-creator-creator-the, X1-subj-X2,X4-has_name-Seine Boat,X3-of-X4,X1-obj-X3,X1-obl_of-X5, X1-be-is-null,X2-which-Which-null,X4-creator-creator-the,X3-nationality-nationality-the,X5-Seine Boat-Seine Boat-the, X1-subj-X2,X3-of-X4,X1-obj-X3,X5-has_name-Seine Boat,X1-obl_of-X5,","Drs [
 tokens=[],
 dEntities=[
DEntity(X1, be, is, VERB, null, false, Query1, Query), 
DEntity(X2, which, Which, PRON, null, false, Qualifier2, Qualifier), 
DEntity(X5, Seine Boat, Seine Boat, PROPN, the, false, Artefact3, Artefact), 
DEntity(X4, creator, creator, NOUN, the, false, Artist4, Artist), 
DEntity(X3, nationality, nationality, NOUN, the, false, ConceptArtist5, ConceptArtist)],
 dConditions=[
DCondition(X1, subj, X2, propriedades= [qQualifier] --- []), 
DCondition(X5, has_name, Seine Boat, propriedades= [] --- [has_name, has_text, who]), 
DCondition(X4, of, X5, propriedades= [author_of] --- []), 
DCondition(X3, of, X4, propriedades= [conc_of_Artist] --- []), 
DCondition(X1, obj, X3, propriedades= [select] --- []), 
DCondition(X1, has_text, be, propriedades= [] --- [has_name, has_text, who]), 
DCondition(X2, has_text, which, propriedades= [] --- [has_name, has_text, who]), 
DCondition(X5, has_text, Seine Boat, propriedades= [] --- [has_name, has_text, who]), 
DCondition(X4, has_text, creator, propriedades= [] --- [has_name, has_text, who]), 
DCondition(X3, has_text, nationality, propriedades= [] --- [has_name, has_text, who]), 
DCondition(X2, has_name, null list, propriedades= [] --- [has_name, has_text, who]), 
DCondition(X1, obj, X2, propriedades= [qQualifier] --- [])]
 solu��es = []
 numeroFrase = 0
 numHasNames = 2
 numIndividuals = 5
 numEntitiesOk = 10
 numIsClass = 0
 numPropsOk = 5
 numEntitiesNOk = 0
 numClassesOk = 4]"," PREFIX rdf: <http://www.w3.org/1999/02/22-rdf-syntax-ns#> PREFIX xsd: <http://www.w3.org/2001/XMLSchema#> PREFIX rdfs: <http://www.w3.org/2000/01/rdf-schema#> PREFIX cidoc: <http://www.cidoc-crm.org/cidoc-crm/> SELECT  DISTINCT  ?snameConceptArtist5 ?ConceptArtist5 ?snameArtefact3 ?Artefact3 WHERE { {{?Artefact3 cidoc:P131_is_identified_by ?nameArtefact3 . ?nameArtefact3 rdf:value ?snameArtefact3 .}  UNION {?Artefact3 rdfs:label ?snameArtefact3 .}}  filter(regex(?snameArtefact3,""Seine Boat"",""i"")) . ?prod cidoc:P14_carried_out_by ?Artist4 . ?Artefact3 cidoc:P108i_was_produced_by ?prod . ?Artist4 rdfs:label ?snameArtist4 . ?Artist4 cidoc:P107i_is_current_or_former_member_of ?ConceptArtist5. ?ConceptArtist5 rdfs:label ?snameConceptArtist5. }",true
432,Which is the nationality of the creator of The Smile?," X1-be-is-null,X2-which-Which-null,X5-Smile-Smile-the,X4-creator-creator-the,X3-nationality-nationality-the, X1-subj-X2,X5-has_name-Smile,X4-of-X5,X3-of-X4,X1-obj-X3, X1-be-is-null,X2-which-Which-null,X3-nationality-nationality-the,X5-Smile-Smile-the,X4-creator-creator-the, X1-subj-X2,X1-obj-X3,X5-has_name-Smile,X4-of-X5,X1-obl_of-X4, X1-be-is-null,X2-which-Which-null,X3-nationality-nationality-the,X4-creator-creator-the,X5-Smile-Smile-the, X1-subj-X2,X1-obj-X3,X1-obl_of-X4,X5-has_name-Smile,X1-obl_of-X5, X1-be-is-null,X2-which-Which-null,X4-creator-creator-the,X5-Smile-Smile-the,X3-nationality-nationality-the, X1-subj-X2,X3-of-X4,X5-has_name-Smile,X3-of-X5,X1-obj-X3, X1-be-is-null,X2-which-Which-null,X4-Smile-Smile-the,X3-nationality-nationality-the,X5-creator-creator-the, X1-subj-X2,X4-has_name-Smile,X3-of-X4,X1-obj-X3,X1-obl_of-X5, X1-be-is-null,X2-which-Which-null,X4-creator-creator-the,X3-nationality-nationality-the,X5-Smile-Smile-the, X1-subj-X2,X3-of-X4,X1-obj-X3,X5-has_name-Smile,X1-obl_of-X5,",Incorrect partial DRS,null,null
433,Which is the nationality of the creator of The Sturgis Children?," X1-be-is-null,X2-which-Which-null,X5-Sturgis Children-Sturgis Children-the,X4-creator-creator-the,X3-nationality-nationality-the, X1-subj-X2,X5-has_name-Sturgis Children,X4-of-X5,X3-of-X4,X1-obj-X3, X1-be-is-null,X2-which-Which-null,X3-nationality-nationality-the,X5-Sturgis Children-Sturgis Children-the,X4-creator-creator-the, X1-subj-X2,X1-obj-X3,X5-has_name-Sturgis Children,X4-of-X5,X1-obl_of-X4, X1-be-is-null,X2-which-Which-null,X3-nationality-nationality-the,X4-creator-creator-the,X5-Sturgis Children-Sturgis Children-the, X1-subj-X2,X1-obj-X3,X1-obl_of-X4,X5-has_name-Sturgis Children,X1-obl_of-X5, X1-be-is-null,X2-which-Which-null,X4-creator-creator-the,X5-Sturgis Children-Sturgis Children-the,X3-nationality-nationality-the, X1-subj-X2,X3-of-X4,X5-has_name-Sturgis Children,X3-of-X5,X1-obj-X3, X1-be-is-null,X2-which-Which-null,X4-Sturgis Children-Sturgis Children-the,X3-nationality-nationality-the,X5-creator-creator-the, X1-subj-X2,X4-has_name-Sturgis Children,X3-of-X4,X1-obj-X3,X1-obl_of-X5, X1-be-is-null,X2-which-Which-null,X4-creator-creator-the,X3-nationality-nationality-the,X5-Sturgis Children-Sturgis Children-the, X1-subj-X2,X3-of-X4,X1-obj-X3,X5-has_name-Sturgis Children,X1-obl_of-X5,",Incorrect partial DRS,null,null
434,Which is the nationality of the creator of The Things That Are Caesar's?," X1-be-is-null,X2-which-Which-null,X6-caesar'-Caesar's-null,X5-Thing-Things-the,X4-creator-creator-the,X3-nationality-nationality-the, X1-subj-X2,X5-be-X6,X5-has_name-Thing,X4-of-X5,X3-of-X4,X1-obj-X3, X1-be-is-null,X2-which-Which-null,X3-nationality-nationality-the,X6-caesar'-Caesar's-null,X5-Thing-Things-the,X4-creator-creator-the, X1-subj-X2,X1-obj-X3,X5-be-X6,X5-has_name-Thing,X4-of-X5,X1-obl_of-X4, X1-be-is-null,X2-which-Which-null,X3-nationality-nationality-the,X4-creator-creator-the,X6-caesar'-Caesar's-null,X5-Thing-Things-the, X1-subj-X2,X1-obj-X3,X1-obl_of-X4,X5-be-X6,X5-has_name-Thing,X1-obl_of-X5, X1-be-is-null,X2-which-Which-null,X4-creator-creator-the,X6-caesar'-Caesar's-null,X5-Thing-Things-the,X3-nationality-nationality-the, X1-subj-X2,X3-of-X4,X5-be-X6,X5-has_name-Thing,X3-of-X5,X1-obj-X3, X1-be-is-null,X2-which-Which-null,X5-caesar'-Caesar's-null,X4-Thing-Things-the,X3-nationality-nationality-the,X6-creator-creator-the, X1-subj-X2,X4-be-X5,X4-has_name-Thing,X3-of-X4,X1-obj-X3,X1-obl_of-X6, X1-be-is-null,X2-which-Which-null,X4-creator-creator-the,X3-nationality-nationality-the,X6-caesar'-Caesar's-null,X5-Thing-Things-the, X1-subj-X2,X3-of-X4,X1-obj-X3,X5-be-X6,X5-has_name-Thing,X1-obl_of-X5,",Incorrect partial DRS,null,null
435,Which is the nationality of the creator of The Town Pump?," X1-be-is-null,X2-which-Which-null,X5-Town Pump-Town Pump-the,X4-creator-creator-the,X3-nationality-nationality-the, X1-subj-X2,X5-has_name-Town Pump,X4-of-X5,X3-of-X4,X1-obj-X3, X1-be-is-null,X2-which-Which-null,X3-nationality-nationality-the,X5-Town Pump-Town Pump-the,X4-creator-creator-the, X1-subj-X2,X1-obj-X3,X5-has_name-Town Pump,X4-of-X5,X1-obl_of-X4, X1-be-is-null,X2-which-Which-null,X3-nationality-nationality-the,X4-creator-creator-the,X5-Town Pump-Town Pump-the, X1-subj-X2,X1-obj-X3,X1-obl_of-X4,X5-has_name-Town Pump,X1-obl_of-X5, X1-be-is-null,X2-which-Which-null,X4-creator-creator-the,X5-Town Pump-Town Pump-the,X3-nationality-nationality-the, X1-subj-X2,X3-of-X4,X5-has_name-Town Pump,X3-of-X5,X1-obj-X3, X1-be-is-null,X2-which-Which-null,X4-Town Pump-Town Pump-the,X3-nationality-nationality-the,X5-creator-creator-the, X1-subj-X2,X4-has_name-Town Pump,X3-of-X4,X1-obj-X3,X1-obl_of-X5, X1-be-is-null,X2-which-Which-null,X4-creator-creator-the,X3-nationality-nationality-the,X5-Town Pump-Town Pump-the, X1-subj-X2,X3-of-X4,X1-obj-X3,X5-has_name-Town Pump,X1-obl_of-X5,",Incorrect partial DRS,null,null
436,Which is the nationality of the creator of The White Necklace?," X1-be-is-null,X2-which-Which-null,X5-Necklace-Necklace-the,X4-creator-creator-the,X3-nationality-nationality-the, X1-subj-X2,X5-White-true,X5-has_name-Necklace,X4-of-X5,X3-of-X4,X1-obj-X3, X1-be-is-null,X2-which-Which-null,X5-Necklace-Necklace-the,X4-creator-creator-the,X3-nationality-nationality-the, X1-subj-X2,X5-has_name-White,X5-has_name-Necklace,X4-of-X5,X3-of-X4,X1-obj-X3, X1-be-is-null,X2-which-Which-null,X3-nationality-nationality-the,X5-Necklace-Necklace-the,X4-creator-creator-the, X1-subj-X2,X1-obj-X3,X5-White-true,X5-has_name-Necklace,X4-of-X5,X1-obl_of-X4, X1-be-is-null,X2-which-Which-null,X3-nationality-nationality-the,X5-Necklace-Necklace-the,X4-creator-creator-the, X1-subj-X2,X1-obj-X3,X5-has_name-White,X5-has_name-Necklace,X4-of-X5,X1-obl_of-X4, X1-be-is-null,X2-which-Which-null,X3-nationality-nationality-the,X4-creator-creator-the,X5-Necklace-Necklace-the, X1-subj-X2,X1-obj-X3,X1-obl_of-X4,X5-White-true,X5-has_name-Necklace,X1-obl_of-X5, X1-be-is-null,X2-which-Which-null,X3-nationality-nationality-the,X4-creator-creator-the,X5-Necklace-Necklace-the, X1-subj-X2,X1-obj-X3,X1-obl_of-X4,X5-has_name-White,X5-has_name-Necklace,X1-obl_of-X5, X1-be-is-null,X2-which-Which-null,X4-creator-creator-the,X5-Necklace-Necklace-the,X3-nationality-nationality-the, X1-subj-X2,X3-of-X4,X5-White-true,X5-has_name-Necklace,X3-of-X5,X1-obj-X3, X1-be-is-null,X2-which-Which-null,X4-creator-creator-the,X5-Necklace-Necklace-the,X3-nationality-nationality-the, X1-subj-X2,X3-of-X4,X5-has_name-White,X5-has_name-Necklace,X3-of-X5,X1-obj-X3, X1-be-is-null,X2-which-Which-null,X4-Necklace-Necklace-the,X3-nationality-nationality-the,X5-creator-creator-the, X1-subj-X2,X4-White-true,X4-has_name-Necklace,X3-of-X4,X1-obj-X3,X1-obl_of-X5, X1-be-is-null,X2-which-Which-null,X4-Necklace-Necklace-the,X3-nationality-nationality-the,X5-creator-creator-the, X1-subj-X2,X4-has_name-White,X4-has_name-Necklace,X3-of-X4,X1-obj-X3,X1-obl_of-X5, X1-be-is-null,X2-which-Which-null,X4-creator-creator-the,X3-nationality-nationality-the,X5-Necklace-Necklace-the, X1-subj-X2,X3-of-X4,X1-obj-X3,X5-White-true,X5-has_name-Necklace,X1-obl_of-X5, X1-be-is-null,X2-which-Which-null,X4-creator-creator-the,X3-nationality-nationality-the,X5-Necklace-Necklace-the, X1-subj-X2,X3-of-X4,X1-obj-X3,X5-has_name-White,X5-has_name-Necklace,X1-obl_of-X5,","Drs [
 tokens=[],
 dEntities=[
DEntity(X1, be, is, VERB, null, false, Query1, Query), 
DEntity(X2, which, Which, PRON, null, false, Qualifier2, Qualifier), 
DEntity(X5, Necklace, Necklace, PROPN, the, false, Artefact3, Artefact), 
DEntity(X4, creator, creator, NOUN, the, false, Artist4, Artist), 
DEntity(X3, nationality, nationality, NOUN, the, false, ConceptArtist5, ConceptArtist)],
 dConditions=[
DCondition(X1, subj, X2, propriedades= [qQualifier] --- []), 
DCondition(X5, White, true, propriedades= [] --- [has_name, has_text, who]), 
DCondition(X5, has_name, Necklace, propriedades= [] --- [has_name, has_text, who]), 
DCondition(X4, of, X5, propriedades= [author_of] --- []), 
DCondition(X3, of, X4, propriedades= [conc_of_Artist] --- []), 
DCondition(X1, obj, X3, propriedades= [select] --- []), 
DCondition(X1, has_text, be, propriedades= [] --- [has_name, has_text, who]), 
DCondition(X2, has_text, which, propriedades= [] --- [has_name, has_text, who]), 
DCondition(X5, has_text, Necklace, propriedades= [] --- [has_name, has_text, who]), 
DCondition(X4, has_text, creator, propriedades= [] --- [has_name, has_text, who]), 
DCondition(X3, has_text, nationality, propriedades= [] --- [has_name, has_text, who]), 
DCondition(X2, has_name, null list, propriedades= [] --- [has_name, has_text, who]), 
DCondition(X1, obj, X2, propriedades= [qQualifier] --- [])]
 solu��es = []
 numeroFrase = 0
 numHasNames = 2
 numIndividuals = 5
 numEntitiesOk = 10
 numIsClass = 0
 numPropsOk = 5
 numEntitiesNOk = 0
 numClassesOk = 4]"," PREFIX rdf: <http://www.w3.org/1999/02/22-rdf-syntax-ns#> PREFIX xsd: <http://www.w3.org/2001/XMLSchema#> PREFIX rdfs: <http://www.w3.org/2000/01/rdf-schema#> PREFIX cidoc: <http://www.cidoc-crm.org/cidoc-crm/> SELECT  DISTINCT  ?snameConceptArtist5 ?ConceptArtist5 ?snameArtefact3 ?Artefact3 WHERE { {{?Artefact3 cidoc:P131_is_identified_by ?nameArtefact3 . ?nameArtefact3 rdf:value ?snameArtefact3 .}  UNION {?Artefact3 rdfs:label ?snameArtefact3 .}}  filter(regex(?snameArtefact3,""Necklace"",""i"")) . ?prod cidoc:P14_carried_out_by ?Artist4 . ?Artefact3 cidoc:P108i_was_produced_by ?prod . ?Artist4 rdfs:label ?snameArtist4 . ?Artist4 cidoc:P107i_is_current_or_former_member_of ?ConceptArtist5. ?ConceptArtist5 rdfs:label ?snameConceptArtist5. }",true
437,Which is the nationality of the creator of The Wren?," X1-be-is-null,X2-which-Which-null,X5-Wren-Wren-the,X4-creator-creator-the,X3-nationality-nationality-the, X1-subj-X2,X5-has_name-Wren,X4-of-X5,X3-of-X4,X1-obj-X3, X1-be-is-null,X2-which-Which-null,X3-nationality-nationality-the,X5-Wren-Wren-the,X4-creator-creator-the, X1-subj-X2,X1-obj-X3,X5-has_name-Wren,X4-of-X5,X1-obl_of-X4, X1-be-is-null,X2-which-Which-null,X3-nationality-nationality-the,X4-creator-creator-the,X5-Wren-Wren-the, X1-subj-X2,X1-obj-X3,X1-obl_of-X4,X5-has_name-Wren,X1-obl_of-X5, X1-be-is-null,X2-which-Which-null,X4-creator-creator-the,X5-Wren-Wren-the,X3-nationality-nationality-the, X1-subj-X2,X3-of-X4,X5-has_name-Wren,X3-of-X5,X1-obj-X3, X1-be-is-null,X2-which-Which-null,X4-Wren-Wren-the,X3-nationality-nationality-the,X5-creator-creator-the, X1-subj-X2,X4-has_name-Wren,X3-of-X4,X1-obj-X3,X1-obl_of-X5, X1-be-is-null,X2-which-Which-null,X4-creator-creator-the,X3-nationality-nationality-the,X5-Wren-Wren-the, X1-subj-X2,X3-of-X4,X1-obj-X3,X5-has_name-Wren,X1-obl_of-X5,","Drs [
 tokens=[],
 dEntities=[
DEntity(X1, be, is, VERB, null, false, Query1, Query), 
DEntity(X2, which, Which, PRON, null, false, Qualifier2, Qualifier), 
DEntity(X5, Wren, Wren, PROPN, the, false, Artefact3, Artefact), 
DEntity(X4, creator, creator, NOUN, the, false, Artist4, Artist), 
DEntity(X3, nationality, nationality, NOUN, the, false, ConceptArtist5, ConceptArtist)],
 dConditions=[
DCondition(X1, subj, X2, propriedades= [qQualifier] --- []), 
DCondition(X5, has_name, Wren, propriedades= [] --- [has_name, has_text, who]), 
DCondition(X4, of, X5, propriedades= [author_of] --- []), 
DCondition(X3, of, X4, propriedades= [conc_of_Artist] --- []), 
DCondition(X1, obj, X3, propriedades= [select] --- []), 
DCondition(X1, has_text, be, propriedades= [] --- [has_name, has_text, who]), 
DCondition(X2, has_text, which, propriedades= [] --- [has_name, has_text, who]), 
DCondition(X5, has_text, Wren, propriedades= [] --- [has_name, has_text, who]), 
DCondition(X4, has_text, creator, propriedades= [] --- [has_name, has_text, who]), 
DCondition(X3, has_text, nationality, propriedades= [] --- [has_name, has_text, who]), 
DCondition(X2, has_name, null list, propriedades= [] --- [has_name, has_text, who]), 
DCondition(X1, obj, X2, propriedades= [qQualifier] --- [])]
 solu��es = []
 numeroFrase = 0
 numHasNames = 2
 numIndividuals = 5
 numEntitiesOk = 10
 numIsClass = 0
 numPropsOk = 5
 numEntitiesNOk = 0
 numClassesOk = 4]"," PREFIX rdf: <http://www.w3.org/1999/02/22-rdf-syntax-ns#> PREFIX xsd: <http://www.w3.org/2001/XMLSchema#> PREFIX rdfs: <http://www.w3.org/2000/01/rdf-schema#> PREFIX cidoc: <http://www.cidoc-crm.org/cidoc-crm/> SELECT  DISTINCT  ?snameConceptArtist5 ?ConceptArtist5 ?snameArtefact3 ?Artefact3 WHERE { {{?Artefact3 cidoc:P131_is_identified_by ?nameArtefact3 . ?nameArtefact3 rdf:value ?snameArtefact3 .}  UNION {?Artefact3 rdfs:label ?snameArtefact3 .}}  filter(regex(?snameArtefact3,""Wren"",""i"")) . ?prod cidoc:P14_carried_out_by ?Artist4 . ?Artefact3 cidoc:P108i_was_produced_by ?prod . ?Artist4 rdfs:label ?snameArtist4 . ?Artist4 cidoc:P107i_is_current_or_former_member_of ?ConceptArtist5. ?ConceptArtist5 rdfs:label ?snameConceptArtist5. }",true
438,Which is the nationality of the creator of The Wren?," X1-be-is-null,X2-which-Which-null,X5-Wren-Wren-the,X4-creator-creator-the,X3-nationality-nationality-the, X1-subj-X2,X5-has_name-Wren,X4-of-X5,X3-of-X4,X1-obj-X3, X1-be-is-null,X2-which-Which-null,X3-nationality-nationality-the,X5-Wren-Wren-the,X4-creator-creator-the, X1-subj-X2,X1-obj-X3,X5-has_name-Wren,X4-of-X5,X1-obl_of-X4, X1-be-is-null,X2-which-Which-null,X3-nationality-nationality-the,X4-creator-creator-the,X5-Wren-Wren-the, X1-subj-X2,X1-obj-X3,X1-obl_of-X4,X5-has_name-Wren,X1-obl_of-X5, X1-be-is-null,X2-which-Which-null,X4-creator-creator-the,X5-Wren-Wren-the,X3-nationality-nationality-the, X1-subj-X2,X3-of-X4,X5-has_name-Wren,X3-of-X5,X1-obj-X3, X1-be-is-null,X2-which-Which-null,X4-Wren-Wren-the,X3-nationality-nationality-the,X5-creator-creator-the, X1-subj-X2,X4-has_name-Wren,X3-of-X4,X1-obj-X3,X1-obl_of-X5, X1-be-is-null,X2-which-Which-null,X4-creator-creator-the,X3-nationality-nationality-the,X5-Wren-Wren-the, X1-subj-X2,X3-of-X4,X1-obj-X3,X5-has_name-Wren,X1-obl_of-X5,","Drs [
 tokens=[],
 dEntities=[
DEntity(X1, be, is, VERB, null, false, Query1, Query), 
DEntity(X2, which, Which, PRON, null, false, Qualifier2, Qualifier), 
DEntity(X5, Wren, Wren, PROPN, the, false, Artefact3, Artefact), 
DEntity(X4, creator, creator, NOUN, the, false, Artist4, Artist), 
DEntity(X3, nationality, nationality, NOUN, the, false, ConceptArtist5, ConceptArtist)],
 dConditions=[
DCondition(X1, subj, X2, propriedades= [qQualifier] --- []), 
DCondition(X5, has_name, Wren, propriedades= [] --- [has_name, has_text, who]), 
DCondition(X4, of, X5, propriedades= [author_of] --- []), 
DCondition(X3, of, X4, propriedades= [conc_of_Artist] --- []), 
DCondition(X1, obj, X3, propriedades= [select] --- []), 
DCondition(X1, has_text, be, propriedades= [] --- [has_name, has_text, who]), 
DCondition(X2, has_text, which, propriedades= [] --- [has_name, has_text, who]), 
DCondition(X5, has_text, Wren, propriedades= [] --- [has_name, has_text, who]), 
DCondition(X4, has_text, creator, propriedades= [] --- [has_name, has_text, who]), 
DCondition(X3, has_text, nationality, propriedades= [] --- [has_name, has_text, who]), 
DCondition(X2, has_name, null list, propriedades= [] --- [has_name, has_text, who]), 
DCondition(X1, obj, X2, propriedades= [qQualifier] --- [])]
 solu��es = []
 numeroFrase = 0
 numHasNames = 2
 numIndividuals = 5
 numEntitiesOk = 10
 numIsClass = 0
 numPropsOk = 5
 numEntitiesNOk = 0
 numClassesOk = 4]"," PREFIX rdf: <http://www.w3.org/1999/02/22-rdf-syntax-ns#> PREFIX xsd: <http://www.w3.org/2001/XMLSchema#> PREFIX rdfs: <http://www.w3.org/2000/01/rdf-schema#> PREFIX cidoc: <http://www.cidoc-crm.org/cidoc-crm/> SELECT  DISTINCT  ?snameConceptArtist5 ?ConceptArtist5 ?snameArtefact3 ?Artefact3 WHERE { {{?Artefact3 cidoc:P131_is_identified_by ?nameArtefact3 . ?nameArtefact3 rdf:value ?snameArtefact3 .}  UNION {?Artefact3 rdfs:label ?snameArtefact3 .}}  filter(regex(?snameArtefact3,""Wren"",""i"")) . ?prod cidoc:P14_carried_out_by ?Artist4 . ?Artefact3 cidoc:P108i_was_produced_by ?prod . ?Artist4 rdfs:label ?snameArtist4 . ?Artist4 cidoc:P107i_is_current_or_former_member_of ?ConceptArtist5. ?ConceptArtist5 rdfs:label ?snameConceptArtist5. }",true
439,Which is the nationality of the creator of The Young Sabot Maker?," X1-be-is-null,X2-which-Which-null,X5-Sabot Maker-Sabot Maker-the,X4-creator-creator-the,X3-nationality-nationality-the, X1-subj-X2,X5-Young-true,X5-has_name-Sabot Maker,X4-of-X5,X3-of-X4,X1-obj-X3, X1-be-is-null,X2-which-Which-null,X5-Sabot Maker-Sabot Maker-the,X4-creator-creator-the,X3-nationality-nationality-the, X1-subj-X2,X5-has_name-Young,X5-has_name-Sabot Maker,X4-of-X5,X3-of-X4,X1-obj-X3, X1-be-is-null,X2-which-Which-null,X3-nationality-nationality-the,X5-Sabot Maker-Sabot Maker-the,X4-creator-creator-the, X1-subj-X2,X1-obj-X3,X5-Young-true,X5-has_name-Sabot Maker,X4-of-X5,X1-obl_of-X4, X1-be-is-null,X2-which-Which-null,X3-nationality-nationality-the,X5-Sabot Maker-Sabot Maker-the,X4-creator-creator-the, X1-subj-X2,X1-obj-X3,X5-has_name-Young,X5-has_name-Sabot Maker,X4-of-X5,X1-obl_of-X4, X1-be-is-null,X2-which-Which-null,X3-nationality-nationality-the,X4-creator-creator-the,X5-Sabot Maker-Sabot Maker-the, X1-subj-X2,X1-obj-X3,X1-obl_of-X4,X5-Young-true,X5-has_name-Sabot Maker,X1-obl_of-X5, X1-be-is-null,X2-which-Which-null,X3-nationality-nationality-the,X4-creator-creator-the,X5-Sabot Maker-Sabot Maker-the, X1-subj-X2,X1-obj-X3,X1-obl_of-X4,X5-has_name-Young,X5-has_name-Sabot Maker,X1-obl_of-X5, X1-be-is-null,X2-which-Which-null,X4-creator-creator-the,X5-Sabot Maker-Sabot Maker-the,X3-nationality-nationality-the, X1-subj-X2,X3-of-X4,X5-Young-true,X5-has_name-Sabot Maker,X3-of-X5,X1-obj-X3, X1-be-is-null,X2-which-Which-null,X4-creator-creator-the,X5-Sabot Maker-Sabot Maker-the,X3-nationality-nationality-the, X1-subj-X2,X3-of-X4,X5-has_name-Young,X5-has_name-Sabot Maker,X3-of-X5,X1-obj-X3, X1-be-is-null,X2-which-Which-null,X4-Sabot Maker-Sabot Maker-the,X3-nationality-nationality-the,X5-creator-creator-the, X1-subj-X2,X4-Young-true,X4-has_name-Sabot Maker,X3-of-X4,X1-obj-X3,X1-obl_of-X5, X1-be-is-null,X2-which-Which-null,X4-Sabot Maker-Sabot Maker-the,X3-nationality-nationality-the,X5-creator-creator-the, X1-subj-X2,X4-has_name-Young,X4-has_name-Sabot Maker,X3-of-X4,X1-obj-X3,X1-obl_of-X5, X1-be-is-null,X2-which-Which-null,X4-creator-creator-the,X3-nationality-nationality-the,X5-Sabot Maker-Sabot Maker-the, X1-subj-X2,X3-of-X4,X1-obj-X3,X5-Young-true,X5-has_name-Sabot Maker,X1-obl_of-X5, X1-be-is-null,X2-which-Which-null,X4-creator-creator-the,X3-nationality-nationality-the,X5-Sabot Maker-Sabot Maker-the, X1-subj-X2,X3-of-X4,X1-obj-X3,X5-has_name-Young,X5-has_name-Sabot Maker,X1-obl_of-X5,","Drs [
 tokens=[],
 dEntities=[
DEntity(X1, be, is, VERB, null, false, Query1, Query), 
DEntity(X2, which, Which, PRON, null, false, Qualifier2, Qualifier), 
DEntity(X5, Sabot Maker, Sabot Maker, PROPN, the, false, Artefact3, Artefact), 
DEntity(X4, creator, creator, NOUN, the, false, Artist4, Artist), 
DEntity(X3, nationality, nationality, NOUN, the, false, ConceptArtist5, ConceptArtist)],
 dConditions=[
DCondition(X1, subj, X2, propriedades= [qQualifier] --- []), 
DCondition(X5, Young, true, propriedades= [] --- [has_name, has_text, who]), 
DCondition(X5, has_name, Sabot Maker, propriedades= [] --- [has_name, has_text, who]), 
DCondition(X4, of, X5, propriedades= [author_of] --- []), 
DCondition(X3, of, X4, propriedades= [conc_of_Artist] --- []), 
DCondition(X1, obj, X3, propriedades= [select] --- []), 
DCondition(X1, has_text, be, propriedades= [] --- [has_name, has_text, who]), 
DCondition(X2, has_text, which, propriedades= [] --- [has_name, has_text, who]), 
DCondition(X5, has_text, Sabot Maker, propriedades= [] --- [has_name, has_text, who]), 
DCondition(X4, has_text, creator, propriedades= [] --- [has_name, has_text, who]), 
DCondition(X3, has_text, nationality, propriedades= [] --- [has_name, has_text, who]), 
DCondition(X2, has_name, null list, propriedades= [] --- [has_name, has_text, who]), 
DCondition(X1, obj, X2, propriedades= [qQualifier] --- [])]
 solu��es = []
 numeroFrase = 0
 numHasNames = 2
 numIndividuals = 5
 numEntitiesOk = 10
 numIsClass = 0
 numPropsOk = 5
 numEntitiesNOk = 0
 numClassesOk = 4]"," PREFIX rdf: <http://www.w3.org/1999/02/22-rdf-syntax-ns#> PREFIX xsd: <http://www.w3.org/2001/XMLSchema#> PREFIX rdfs: <http://www.w3.org/2000/01/rdf-schema#> PREFIX cidoc: <http://www.cidoc-crm.org/cidoc-crm/> SELECT  DISTINCT  ?snameConceptArtist5 ?ConceptArtist5 ?snameArtefact3 ?Artefact3 WHERE { {{?Artefact3 cidoc:P131_is_identified_by ?nameArtefact3 . ?nameArtefact3 rdf:value ?snameArtefact3 .}  UNION {?Artefact3 rdfs:label ?snameArtefact3 .}}  filter(regex(?snameArtefact3,""Sabot Maker"",""i"")) . ?prod cidoc:P14_carried_out_by ?Artist4 . ?Artefact3 cidoc:P108i_was_produced_by ?prod . ?Artist4 rdfs:label ?snameArtist4 . ?Artist4 cidoc:P107i_is_current_or_former_member_of ?ConceptArtist5. ?ConceptArtist5 rdfs:label ?snameConceptArtist5. }",true
440,"Which is the nationality of the creator of Theodoric's Tomb, Ravenna?",,Incorrect Stanza Parsing,null,null
441,Which is the nationality of the creator of They Like to Dance?,,Incorrect Stanza Parsing,null,null
442,Which is the nationality of the creator of Thomas Hopkinson?," X1-be-is-null,X2-which-Which-null,X5-Thomas Hopkinson-Thomas-null,X4-creator-creator-the,X3-nationality-nationality-the, X1-subj-X2,X5-has_name-Thomas Hopkinson,X4-of-X5,X3-of-X4,X1-obj-X3, X1-be-is-null,X2-which-Which-null,X3-nationality-nationality-the,X5-Thomas Hopkinson-Thomas-null,X4-creator-creator-the, X1-subj-X2,X1-obj-X3,X5-has_name-Thomas Hopkinson,X4-of-X5,X1-obl_of-X4, X1-be-is-null,X2-which-Which-null,X3-nationality-nationality-the,X4-creator-creator-the,X5-Thomas Hopkinson-Thomas-null, X1-subj-X2,X1-obj-X3,X1-obl_of-X4,X5-has_name-Thomas Hopkinson,X1-obl_of-X5, X1-be-is-null,X2-which-Which-null,X4-creator-creator-the,X5-Thomas Hopkinson-Thomas-null,X3-nationality-nationality-the, X1-subj-X2,X3-of-X4,X5-has_name-Thomas Hopkinson,X3-of-X5,X1-obj-X3, X1-be-is-null,X2-which-Which-null,X4-Thomas Hopkinson-Thomas-null,X3-nationality-nationality-the,X5-creator-creator-the, X1-subj-X2,X4-has_name-Thomas Hopkinson,X3-of-X4,X1-obj-X3,X1-obl_of-X5, X1-be-is-null,X2-which-Which-null,X4-creator-creator-the,X3-nationality-nationality-the,X5-Thomas Hopkinson-Thomas-null, X1-subj-X2,X3-of-X4,X1-obj-X3,X5-has_name-Thomas Hopkinson,X1-obl_of-X5,","Drs [
 tokens=[],
 dEntities=[
DEntity(X1, be, is, VERB, null, false, Query1, Query), 
DEntity(X2, which, Which, PRON, null, false, Qualifier2, Qualifier), 
DEntity(X5, Thomas Hopkinson, Thomas, PROPN, null, false, Artefact3, Artefact), 
DEntity(X4, creator, creator, NOUN, the, false, Artist4, Artist), 
DEntity(X3, nationality, nationality, NOUN, the, false, ConceptArtist5, ConceptArtist)],
 dConditions=[
DCondition(X1, subj, X2, propriedades= [qQualifier] --- []), 
DCondition(X5, has_name, Thomas Hopkinson, propriedades= [] --- [has_name, has_text, who]), 
DCondition(X4, of, X5, propriedades= [author_of] --- []), 
DCondition(X3, of, X4, propriedades= [conc_of_Artist] --- []), 
DCondition(X1, obj, X3, propriedades= [select] --- []), 
DCondition(X1, has_text, be, propriedades= [] --- [has_name, has_text, who]), 
DCondition(X2, has_text, which, propriedades= [] --- [has_name, has_text, who]), 
DCondition(X5, has_text, Thomas Hopkinson, propriedades= [] --- [has_name, has_text, who]), 
DCondition(X4, has_text, creator, propriedades= [] --- [has_name, has_text, who]), 
DCondition(X3, has_text, nationality, propriedades= [] --- [has_name, has_text, who]), 
DCondition(X2, has_name, null list, propriedades= [] --- [has_name, has_text, who]), 
DCondition(X1, obj, X2, propriedades= [qQualifier] --- [])]
 solu��es = []
 numeroFrase = 0
 numHasNames = 2
 numIndividuals = 5
 numEntitiesOk = 10
 numIsClass = 0
 numPropsOk = 5
 numEntitiesNOk = 0
 numClassesOk = 4]"," PREFIX rdf: <http://www.w3.org/1999/02/22-rdf-syntax-ns#> PREFIX xsd: <http://www.w3.org/2001/XMLSchema#> PREFIX rdfs: <http://www.w3.org/2000/01/rdf-schema#> PREFIX cidoc: <http://www.cidoc-crm.org/cidoc-crm/> SELECT  DISTINCT  ?snameConceptArtist5 ?ConceptArtist5 ?snameArtefact3 ?Artefact3 WHERE { {{?Artefact3 cidoc:P131_is_identified_by ?nameArtefact3 . ?nameArtefact3 rdf:value ?snameArtefact3 .}  UNION {?Artefact3 rdfs:label ?snameArtefact3 .}}  filter(regex(?snameArtefact3,""Thomas Hopkinson"",""i"")) . ?prod cidoc:P14_carried_out_by ?Artist4 . ?Artefact3 cidoc:P108i_was_produced_by ?prod . ?Artist4 rdfs:label ?snameArtist4 . ?Artist4 cidoc:P107i_is_current_or_former_member_of ?ConceptArtist5. ?ConceptArtist5 rdfs:label ?snameConceptArtist5. }",true
443,Which is the nationality of the creator of Three Rules for Survival?," X1-be-is-null,X2-which-Which-null,X6-Survival-Survival-null,X5-rule-Rules-three,X4-creator-creator-the,X3-nationality-nationality-the, X1-subj-X2,X6-has_name-Survival,X5-for-X6,X5-has_name-rule,X4-of-X5,X3-of-X4,X1-obj-X3, X1-be-is-null,X2-which-Which-null,X3-nationality-nationality-the,X6-Survival-Survival-null,X5-rule-Rules-three,X4-creator-creator-the, X1-subj-X2,X1-obj-X3,X6-has_name-Survival,X5-for-X6,X5-has_name-rule,X4-of-X5,X1-obl_of-X4, X1-be-is-null,X2-which-Which-null,X3-nationality-nationality-the,X4-creator-creator-the,X6-Survival-Survival-null,X5-rule-Rules-three, X1-subj-X2,X1-obj-X3,X1-obl_of-X4,X6-has_name-Survival,X5-for-X6,X5-has_name-rule,X1-obl_of-X5, X1-be-is-null,X2-which-Which-null,X3-nationality-nationality-the,X4-creator-creator-the,X5-rule-Rules-three,X6-Survival-Survival-null, X1-subj-X2,X1-obj-X3,X1-obl_of-X4,X5-has_name-rule,X1-obl_of-X5,X6-has_name-Survival,X1-obl_for-X6, X1-be-is-null,X2-which-Which-null,X3-nationality-nationality-the,X5-rule-Rules-three,X6-Survival-Survival-null,X4-creator-creator-the, X1-subj-X2,X1-obj-X3,X5-has_name-rule,X4-of-X5,X6-has_name-Survival,X4-for-X6,X1-obl_of-X4, X1-be-is-null,X2-which-Which-null,X4-creator-creator-the,X6-Survival-Survival-null,X5-rule-Rules-three,X3-nationality-nationality-the, X1-subj-X2,X3-of-X4,X6-has_name-Survival,X5-for-X6,X5-has_name-rule,X3-of-X5,X1-obj-X3, X1-be-is-null,X2-which-Which-null,X5-Survival-Survival-null,X4-rule-Rules-three,X3-nationality-nationality-the,X6-creator-creator-the, X1-subj-X2,X5-has_name-Survival,X4-for-X5,X4-has_name-rule,X3-of-X4,X1-obj-X3,X1-obl_of-X6, X1-be-is-null,X2-which-Which-null,X4-creator-creator-the,X3-nationality-nationality-the,X6-Survival-Survival-null,X5-rule-Rules-three, X1-subj-X2,X3-of-X4,X1-obj-X3,X6-has_name-Survival,X5-for-X6,X5-has_name-rule,X1-obl_of-X5, X1-be-is-null,X2-which-Which-null,X4-creator-creator-the,X5-rule-Rules-three,X6-Survival-Survival-null,X3-nationality-nationality-the, X1-subj-X2,X3-of-X4,X5-has_name-rule,X3-of-X5,X6-has_name-Survival,X3-for-X6,X1-obj-X3, X1-be-is-null,X2-which-Which-null,X5-rule-Rules-three,X6-Survival-Survival-null,X4-creator-creator-the,X3-nationality-nationality-the, X1-subj-X2,X5-has_name-rule,X4-of-X5,X6-has_name-Survival,X4-for-X6,X3-of-X4,X1-obj-X3,",Incorrect partial DRS,null,null
444,Which is the nationality of the creator of Tlizzy-Thlanny?," X1-be-is-null,X2-which-Which-null,X5-Tlizzy-Tlizzy-null,X4-creator Thlanny-creator-the,X3-nationality-nationality-the, X1-subj-X2,X5-has_name-Tlizzy,X4-of-X5,X3-of-X4,X1-obj-X3, X1-be-is-null,X2-which-Which-null,X3-nationality-nationality-the,X5-Tlizzy-Tlizzy-null,X4-creator Thlanny-creator-the, X1-subj-X2,X1-obj-X3,X5-has_name-Tlizzy,X4-of-X5,X1-obl_of-X4, X1-be-is-null,X2-which-Which-null,X3-nationality-nationality-the,X4-creator Thlanny-creator-the,X5-Tlizzy-Tlizzy-null, X1-subj-X2,X1-obj-X3,X1-obl_of-X4,X5-has_name-Tlizzy,X1-obl_of-X5, X1-be-is-null,X2-which-Which-null,X4-creator Thlanny-creator-the,X5-Tlizzy-Tlizzy-null,X3-nationality-nationality-the, X1-subj-X2,X3-of-X4,X5-has_name-Tlizzy,X3-of-X5,X1-obj-X3, X1-be-is-null,X2-which-Which-null,X4-Tlizzy-Tlizzy-null,X3-nationality-nationality-the,X5-creator Thlanny-creator-the, X1-subj-X2,X4-has_name-Tlizzy,X3-of-X4,X1-obj-X3,X1-obl_of-X5, X1-be-is-null,X2-which-Which-null,X4-creator Thlanny-creator-the,X3-nationality-nationality-the,X5-Tlizzy-Tlizzy-null, X1-subj-X2,X3-of-X4,X1-obj-X3,X5-has_name-Tlizzy,X1-obl_of-X5,","Drs [
 tokens=[],
 dEntities=[
DEntity(X1, be, is, VERB, null, false, Query1, Query), 
DEntity(X2, which, Which, PRON, null, false, Qualifier2, Qualifier), 
DEntity(X5, Tlizzy, Tlizzy, PROPN, null, false, Artefact3, Artefact), 
DEntity(X4, creator Thlanny, creator, NOUN, the, false, Artist4, Artist), 
DEntity(X3, nationality, nationality, NOUN, the, false, ConceptArtist5, ConceptArtist)],
 dConditions=[
DCondition(X1, subj, X2, propriedades= [qQualifier] --- []), 
DCondition(X5, has_name, Tlizzy, propriedades= [] --- [has_name, has_text, who]), 
DCondition(X4, of, X5, propriedades= [author_of] --- []), 
DCondition(X3, of, X4, propriedades= [conc_of_Artist] --- []), 
DCondition(X1, obj, X3, propriedades= [select] --- []), 
DCondition(X1, has_text, be, propriedades= [] --- [has_name, has_text, who]), 
DCondition(X2, has_text, which, propriedades= [] --- [has_name, has_text, who]), 
DCondition(X5, has_text, Tlizzy, propriedades= [] --- [has_name, has_text, who]), 
DCondition(X4, has_text, creator Thlanny, propriedades= [] --- [has_name, has_text, who]), 
DCondition(X3, has_text, nationality, propriedades= [] --- [has_name, has_text, who]), 
DCondition(X2, has_name, null list, propriedades= [] --- [has_name, has_text, who]), 
DCondition(X1, obj, X2, propriedades= [qQualifier] --- [])]
 solu��es = []
 numeroFrase = 0
 numHasNames = 2
 numIndividuals = 5
 numEntitiesOk = 10
 numIsClass = 0
 numPropsOk = 5
 numEntitiesNOk = 0
 numClassesOk = 3]"," PREFIX rdf: <http://www.w3.org/1999/02/22-rdf-syntax-ns#> PREFIX xsd: <http://www.w3.org/2001/XMLSchema#> PREFIX rdfs: <http://www.w3.org/2000/01/rdf-schema#> PREFIX cidoc: <http://www.cidoc-crm.org/cidoc-crm/> SELECT  DISTINCT  ?snameConceptArtist5 ?ConceptArtist5 ?snameArtefact3 ?Artefact3 WHERE { {{?Artefact3 cidoc:P131_is_identified_by ?nameArtefact3 . ?nameArtefact3 rdf:value ?snameArtefact3 .}  UNION {?Artefact3 rdfs:label ?snameArtefact3 .}}  filter(regex(?snameArtefact3,""Tlizzy"",""i"")) . ?prod cidoc:P14_carried_out_by ?Artist4 . ?Artefact3 cidoc:P108i_was_produced_by ?prod . ?Artist4 rdfs:label ?snameArtist4 . ?Artist4 cidoc:P107i_is_current_or_former_member_of ?ConceptArtist5. ?ConceptArtist5 rdfs:label ?snameConceptArtist5. }",true
445,Which is the nationality of the creator of Toad?," X1-be-is-null,X2-which-Which-null,X5-Toad-Toad-null,X4-creator-creator-the,X3-nationality-nationality-the, X1-subj-X2,X5-has_name-Toad,X4-of-X5,X3-of-X4,X1-obj-X3, X1-be-is-null,X2-which-Which-null,X3-nationality-nationality-the,X5-Toad-Toad-null,X4-creator-creator-the, X1-subj-X2,X1-obj-X3,X5-has_name-Toad,X4-of-X5,X1-obl_of-X4, X1-be-is-null,X2-which-Which-null,X3-nationality-nationality-the,X4-creator-creator-the,X5-Toad-Toad-null, X1-subj-X2,X1-obj-X3,X1-obl_of-X4,X5-has_name-Toad,X1-obl_of-X5, X1-be-is-null,X2-which-Which-null,X4-creator-creator-the,X5-Toad-Toad-null,X3-nationality-nationality-the, X1-subj-X2,X3-of-X4,X5-has_name-Toad,X3-of-X5,X1-obj-X3, X1-be-is-null,X2-which-Which-null,X4-Toad-Toad-null,X3-nationality-nationality-the,X5-creator-creator-the, X1-subj-X2,X4-has_name-Toad,X3-of-X4,X1-obj-X3,X1-obl_of-X5, X1-be-is-null,X2-which-Which-null,X4-creator-creator-the,X3-nationality-nationality-the,X5-Toad-Toad-null, X1-subj-X2,X3-of-X4,X1-obj-X3,X5-has_name-Toad,X1-obl_of-X5,","Drs [
 tokens=[],
 dEntities=[
DEntity(X1, be, is, VERB, null, false, Query1, Query), 
DEntity(X2, which, Which, PRON, null, false, Qualifier2, Qualifier), 
DEntity(X5, Toad, Toad, PROPN, null, false, Artefact3, Artefact), 
DEntity(X4, creator, creator, NOUN, the, false, Artist4, Artist), 
DEntity(X3, nationality, nationality, NOUN, the, false, ConceptArtist5, ConceptArtist)],
 dConditions=[
DCondition(X1, subj, X2, propriedades= [qQualifier] --- []), 
DCondition(X5, has_name, Toad, propriedades= [] --- [has_name, has_text, who]), 
DCondition(X4, of, X5, propriedades= [author_of] --- []), 
DCondition(X3, of, X4, propriedades= [conc_of_Artist] --- []), 
DCondition(X1, obj, X3, propriedades= [select] --- []), 
DCondition(X1, has_text, be, propriedades= [] --- [has_name, has_text, who]), 
DCondition(X2, has_text, which, propriedades= [] --- [has_name, has_text, who]), 
DCondition(X5, has_text, Toad, propriedades= [] --- [has_name, has_text, who]), 
DCondition(X4, has_text, creator, propriedades= [] --- [has_name, has_text, who]), 
DCondition(X3, has_text, nationality, propriedades= [] --- [has_name, has_text, who]), 
DCondition(X2, has_name, null list, propriedades= [] --- [has_name, has_text, who]), 
DCondition(X1, obj, X2, propriedades= [qQualifier] --- [])]
 solu��es = []
 numeroFrase = 0
 numHasNames = 2
 numIndividuals = 5
 numEntitiesOk = 10
 numIsClass = 0
 numPropsOk = 5
 numEntitiesNOk = 0
 numClassesOk = 4]"," PREFIX rdf: <http://www.w3.org/1999/02/22-rdf-syntax-ns#> PREFIX xsd: <http://www.w3.org/2001/XMLSchema#> PREFIX rdfs: <http://www.w3.org/2000/01/rdf-schema#> PREFIX cidoc: <http://www.cidoc-crm.org/cidoc-crm/> SELECT  DISTINCT  ?snameConceptArtist5 ?ConceptArtist5 ?snameArtefact3 ?Artefact3 WHERE { {{?Artefact3 cidoc:P131_is_identified_by ?nameArtefact3 . ?nameArtefact3 rdf:value ?snameArtefact3 .}  UNION {?Artefact3 rdfs:label ?snameArtefact3 .}}  filter(regex(?snameArtefact3,""Toad"",""i"")) . ?prod cidoc:P14_carried_out_by ?Artist4 . ?Artefact3 cidoc:P108i_was_produced_by ?prod . ?Artist4 rdfs:label ?snameArtist4 . ?Artist4 cidoc:P107i_is_current_or_former_member_of ?ConceptArtist5. ?ConceptArtist5 rdfs:label ?snameConceptArtist5. }",true
446,Which is the nationality of the creator of Totem?," X1-be-is-null,X2-which-Which-null,X5-Totem-Totem-null,X4-creator-creator-the,X3-nationality-nationality-the, X1-subj-X2,X5-has_name-Totem,X4-of-X5,X3-of-X4,X1-obj-X3, X1-be-is-null,X2-which-Which-null,X3-nationality-nationality-the,X5-Totem-Totem-null,X4-creator-creator-the, X1-subj-X2,X1-obj-X3,X5-has_name-Totem,X4-of-X5,X1-obl_of-X4, X1-be-is-null,X2-which-Which-null,X3-nationality-nationality-the,X4-creator-creator-the,X5-Totem-Totem-null, X1-subj-X2,X1-obj-X3,X1-obl_of-X4,X5-has_name-Totem,X1-obl_of-X5, X1-be-is-null,X2-which-Which-null,X4-creator-creator-the,X5-Totem-Totem-null,X3-nationality-nationality-the, X1-subj-X2,X3-of-X4,X5-has_name-Totem,X3-of-X5,X1-obj-X3, X1-be-is-null,X2-which-Which-null,X4-Totem-Totem-null,X3-nationality-nationality-the,X5-creator-creator-the, X1-subj-X2,X4-has_name-Totem,X3-of-X4,X1-obj-X3,X1-obl_of-X5, X1-be-is-null,X2-which-Which-null,X4-creator-creator-the,X3-nationality-nationality-the,X5-Totem-Totem-null, X1-subj-X2,X3-of-X4,X1-obj-X3,X5-has_name-Totem,X1-obl_of-X5,","Drs [
 tokens=[],
 dEntities=[
DEntity(X1, be, is, VERB, null, false, Query1, Query), 
DEntity(X2, which, Which, PRON, null, false, Qualifier2, Qualifier), 
DEntity(X5, Totem, Totem, PROPN, null, false, Artefact3, Artefact), 
DEntity(X4, creator, creator, NOUN, the, false, Artist4, Artist), 
DEntity(X3, nationality, nationality, NOUN, the, false, ConceptArtist5, ConceptArtist)],
 dConditions=[
DCondition(X1, subj, X2, propriedades= [qQualifier] --- []), 
DCondition(X5, has_name, Totem, propriedades= [] --- [has_name, has_text, who]), 
DCondition(X4, of, X5, propriedades= [author_of] --- []), 
DCondition(X3, of, X4, propriedades= [conc_of_Artist] --- []), 
DCondition(X1, obj, X3, propriedades= [select] --- []), 
DCondition(X1, has_text, be, propriedades= [] --- [has_name, has_text, who]), 
DCondition(X2, has_text, which, propriedades= [] --- [has_name, has_text, who]), 
DCondition(X5, has_text, Totem, propriedades= [] --- [has_name, has_text, who]), 
DCondition(X4, has_text, creator, propriedades= [] --- [has_name, has_text, who]), 
DCondition(X3, has_text, nationality, propriedades= [] --- [has_name, has_text, who]), 
DCondition(X2, has_name, null list, propriedades= [] --- [has_name, has_text, who]), 
DCondition(X1, obj, X2, propriedades= [qQualifier] --- [])]
 solu��es = []
 numeroFrase = 0
 numHasNames = 2
 numIndividuals = 5
 numEntitiesOk = 10
 numIsClass = 0
 numPropsOk = 5
 numEntitiesNOk = 0
 numClassesOk = 4]"," PREFIX rdf: <http://www.w3.org/1999/02/22-rdf-syntax-ns#> PREFIX xsd: <http://www.w3.org/2001/XMLSchema#> PREFIX rdfs: <http://www.w3.org/2000/01/rdf-schema#> PREFIX cidoc: <http://www.cidoc-crm.org/cidoc-crm/> SELECT  DISTINCT  ?snameConceptArtist5 ?ConceptArtist5 ?snameArtefact3 ?Artefact3 WHERE { {{?Artefact3 cidoc:P131_is_identified_by ?nameArtefact3 . ?nameArtefact3 rdf:value ?snameArtefact3 .}  UNION {?Artefact3 rdfs:label ?snameArtefact3 .}}  filter(regex(?snameArtefact3,""Totem"",""i"")) . ?prod cidoc:P14_carried_out_by ?Artist4 . ?Artefact3 cidoc:P108i_was_produced_by ?prod . ?Artist4 rdfs:label ?snameArtist4 . ?Artist4 cidoc:P107i_is_current_or_former_member_of ?ConceptArtist5. ?ConceptArtist5 rdfs:label ?snameConceptArtist5. }",true
447,"Which is the nationality of the creator of Tower at Enkhuisen, Holland?"," X1-be-is-null,X2-which-Which-null,X5-Tower-Tower-null,X6-Enkhuisen-Enkhuisen-null,X4-creator-creator-the,X3-nationality-nationality-the, X1-subj-X2,X5-has_name-Tower,X4-of-X5,X6-has_name-Holland,X6-has_name-Enkhuisen,X4-at-X6,X3-of-X4,X1-obj-X3, X1-be-is-null,X2-which-Which-null,X3-nationality-nationality-the,X5-Tower-Tower-null,X6-Enkhuisen-Enkhuisen-null,X4-creator-creator-the, X1-subj-X2,X1-obj-X3,X5-has_name-Tower,X4-of-X5,X6-has_name-Holland,X6-has_name-Enkhuisen,X4-at-X6,X1-obl_of-X4, X1-be-is-null,X2-which-Which-null,X3-nationality-nationality-the,X5-Enkhuisen-Enkhuisen-null,X4-creator-creator-the,X6-Tower-Tower-null, X1-subj-X2,X1-obj-X3,X5-has_name-Holland,X5-has_name-Enkhuisen,X4-at-X5,X1-obl_of-X4,X6-has_name-Tower,X1-obl_of-X6, X1-be-is-null,X2-which-Which-null,X3-nationality-nationality-the,X4-creator-creator-the,X5-Tower-Tower-null,X6-Enkhuisen-Enkhuisen-null, X1-subj-X2,X1-obj-X3,X1-obl_of-X4,X5-has_name-Tower,X1-obl_of-X5,X6-has_name-Holland,X6-has_name-Enkhuisen,X1-obl_at-X6, X1-be-is-null,X2-which-Which-null,X3-nationality-nationality-the,X5-Tower-Tower-null,X4-creator-creator-the,X6-Enkhuisen-Enkhuisen-null, X1-subj-X2,X1-obj-X3,X5-has_name-Tower,X4-of-X5,X1-obl_of-X4,X6-has_name-Holland,X6-has_name-Enkhuisen,X1-obl_at-X6, X1-be-is-null,X2-which-Which-null,X5-Enkhuisen-Enkhuisen-null,X4-creator-creator-the,X6-Tower-Tower-null,X3-nationality-nationality-the, X1-subj-X2,X5-has_name-Holland,X5-has_name-Enkhuisen,X4-at-X5,X3-of-X4,X6-has_name-Tower,X3-of-X6,X1-obj-X3, X1-be-is-null,X2-which-Which-null,X4-Tower-Tower-null,X3-nationality-nationality-the,X6-Enkhuisen-Enkhuisen-null,X5-creator-creator-the, X1-subj-X2,X4-has_name-Tower,X3-of-X4,X1-obj-X3,X6-has_name-Holland,X6-has_name-Enkhuisen,X5-at-X6,X1-obl_of-X5, X1-be-is-null,X2-which-Which-null,X5-Enkhuisen-Enkhuisen-null,X4-creator-creator-the,X3-nationality-nationality-the,X6-Tower-Tower-null, X1-subj-X2,X5-has_name-Holland,X5-has_name-Enkhuisen,X4-at-X5,X3-of-X4,X1-obj-X3,X6-has_name-Tower,X1-obl_of-X6, X1-be-is-null,X2-which-Which-null,X4-creator-creator-the,X5-Tower-Tower-null,X6-Enkhuisen-Enkhuisen-null,X3-nationality-nationality-the, X1-subj-X2,X3-of-X4,X5-has_name-Tower,X3-of-X5,X6-has_name-Holland,X6-has_name-Enkhuisen,X3-at-X6,X1-obj-X3, X1-be-is-null,X2-which-Which-null,X5-Tower-Tower-null,X4-creator-creator-the,X6-Enkhuisen-Enkhuisen-null,X3-nationality-nationality-the, X1-subj-X2,X5-has_name-Tower,X4-of-X5,X3-of-X4,X6-has_name-Holland,X6-has_name-Enkhuisen,X3-at-X6,X1-obj-X3, X1-be-is-null,X2-which-Which-null,X5-Tower-Tower-null,X7-Holland-Holland-null,X6-Enkhuisen-Enkhuisen-null,X4-creator-creator-the,X3-nationality-nationality-the, X1-subj-X2,X5-has_name-Tower,X4-of-X5,X7-has_name-Holland,X6-rel-X7,X6-has_name-Enkhuisen,X4-at-X6,X3-of-X4,X1-obj-X3, X1-be-is-null,X2-which-Which-null,X3-nationality-nationality-the,X5-Tower-Tower-null,X7-Holland-Holland-null,X6-Enkhuisen-Enkhuisen-null,X4-creator-creator-the, X1-subj-X2,X1-obj-X3,X5-has_name-Tower,X4-of-X5,X7-has_name-Holland,X6-rel-X7,X6-has_name-Enkhuisen,X4-at-X6,X1-obl_of-X4, X1-be-is-null,X2-which-Which-null,X3-nationality-nationality-the,X6-Holland-Holland-null,X5-Enkhuisen-Enkhuisen-null,X4-creator-creator-the,X7-Tower-Tower-null, X1-subj-X2,X1-obj-X3,X6-has_name-Holland,X5-rel-X6,X5-has_name-Enkhuisen,X4-at-X5,X1-obl_of-X4,X7-has_name-Tower,X1-obl_of-X7, X1-be-is-null,X2-which-Which-null,X3-nationality-nationality-the,X4-creator-creator-the,X5-Tower-Tower-null,X7-Holland-Holland-null,X6-Enkhuisen-Enkhuisen-null, X1-subj-X2,X1-obj-X3,X1-obl_of-X4,X5-has_name-Tower,X1-obl_of-X5,X7-has_name-Holland,X6-rel-X7,X6-has_name-Enkhuisen,X1-obl_at-X6, X1-be-is-null,X2-which-Which-null,X3-nationality-nationality-the,X5-Tower-Tower-null,X4-creator-creator-the,X7-Holland-Holland-null,X6-Enkhuisen-Enkhuisen-null, X1-subj-X2,X1-obj-X3,X5-has_name-Tower,X4-of-X5,X1-obl_of-X4,X7-has_name-Holland,X6-rel-X7,X6-has_name-Enkhuisen,X1-obl_at-X6, X1-be-is-null,X2-which-Which-null,X6-Holland-Holland-null,X5-Enkhuisen-Enkhuisen-null,X4-creator-creator-the,X7-Tower-Tower-null,X3-nationality-nationality-the, X1-subj-X2,X6-has_name-Holland,X5-rel-X6,X5-has_name-Enkhuisen,X4-at-X5,X3-of-X4,X7-has_name-Tower,X3-of-X7,X1-obj-X3, X1-be-is-null,X2-which-Which-null,X4-Tower-Tower-null,X3-nationality-nationality-the,X7-Holland-Holland-null,X6-Enkhuisen-Enkhuisen-null,X5-creator-creator-the, X1-subj-X2,X4-has_name-Tower,X3-of-X4,X1-obj-X3,X7-has_name-Holland,X6-rel-X7,X6-has_name-Enkhuisen,X5-at-X6,X1-obl_of-X5, X1-be-is-null,X2-which-Which-null,X6-Holland-Holland-null,X5-Enkhuisen-Enkhuisen-null,X4-creator-creator-the,X3-nationality-nationality-the,X7-Tower-Tower-null, X1-subj-X2,X6-has_name-Holland,X5-rel-X6,X5-has_name-Enkhuisen,X4-at-X5,X3-of-X4,X1-obj-X3,X7-has_name-Tower,X1-obl_of-X7, X1-be-is-null,X2-which-Which-null,X4-creator-creator-the,X5-Tower-Tower-null,X7-Holland-Holland-null,X6-Enkhuisen-Enkhuisen-null,X3-nationality-nationality-the, X1-subj-X2,X3-of-X4,X5-has_name-Tower,X3-of-X5,X7-has_name-Holland,X6-rel-X7,X6-has_name-Enkhuisen,X3-at-X6,X1-obj-X3, X1-be-is-null,X2-which-Which-null,X5-Tower-Tower-null,X4-creator-creator-the,X7-Holland-Holland-null,X6-Enkhuisen-Enkhuisen-null,X3-nationality-nationality-the, X1-subj-X2,X5-has_name-Tower,X4-of-X5,X3-of-X4,X7-has_name-Holland,X6-rel-X7,X6-has_name-Enkhuisen,X3-at-X6,X1-obj-X3,",Incorrect partial DRS,null,null
448,Which is the nationality of the creator of Train Peddler?," X1-be-is-null,X2-which-Which-null,X5-Train Peddler-Train-null,X4-creator-creator-the,X3-nationality-nationality-the, X1-subj-X2,X5-has_name-Train Peddler,X4-of-X5,X3-of-X4,X1-obj-X3, X1-be-is-null,X2-which-Which-null,X3-nationality-nationality-the,X5-Train Peddler-Train-null,X4-creator-creator-the, X1-subj-X2,X1-obj-X3,X5-has_name-Train Peddler,X4-of-X5,X1-obl_of-X4, X1-be-is-null,X2-which-Which-null,X3-nationality-nationality-the,X4-creator-creator-the,X5-Train Peddler-Train-null, X1-subj-X2,X1-obj-X3,X1-obl_of-X4,X5-has_name-Train Peddler,X1-obl_of-X5, X1-be-is-null,X2-which-Which-null,X4-creator-creator-the,X5-Train Peddler-Train-null,X3-nationality-nationality-the, X1-subj-X2,X3-of-X4,X5-has_name-Train Peddler,X3-of-X5,X1-obj-X3, X1-be-is-null,X2-which-Which-null,X4-Train Peddler-Train-null,X3-nationality-nationality-the,X5-creator-creator-the, X1-subj-X2,X4-has_name-Train Peddler,X3-of-X4,X1-obj-X3,X1-obl_of-X5, X1-be-is-null,X2-which-Which-null,X4-creator-creator-the,X3-nationality-nationality-the,X5-Train Peddler-Train-null, X1-subj-X2,X3-of-X4,X1-obj-X3,X5-has_name-Train Peddler,X1-obl_of-X5,","Drs [
 tokens=[],
 dEntities=[
DEntity(X1, be, is, VERB, null, false, Query1, Query), 
DEntity(X2, which, Which, PRON, null, false, Qualifier2, Qualifier), 
DEntity(X5, Train Peddler, Train, PROPN, null, false, Artefact3, Artefact), 
DEntity(X4, creator, creator, NOUN, the, false, Artist4, Artist), 
DEntity(X3, nationality, nationality, NOUN, the, false, ConceptArtist5, ConceptArtist)],
 dConditions=[
DCondition(X1, subj, X2, propriedades= [qQualifier] --- []), 
DCondition(X5, has_name, Train Peddler, propriedades= [] --- [has_name, has_text, who]), 
DCondition(X4, of, X5, propriedades= [author_of] --- []), 
DCondition(X3, of, X4, propriedades= [conc_of_Artist] --- []), 
DCondition(X1, obj, X3, propriedades= [select] --- []), 
DCondition(X1, has_text, be, propriedades= [] --- [has_name, has_text, who]), 
DCondition(X2, has_text, which, propriedades= [] --- [has_name, has_text, who]), 
DCondition(X5, has_text, Train Peddler, propriedades= [] --- [has_name, has_text, who]), 
DCondition(X4, has_text, creator, propriedades= [] --- [has_name, has_text, who]), 
DCondition(X3, has_text, nationality, propriedades= [] --- [has_name, has_text, who]), 
DCondition(X2, has_name, null list, propriedades= [] --- [has_name, has_text, who]), 
DCondition(X1, obj, X2, propriedades= [qQualifier] --- [])]
 solu��es = []
 numeroFrase = 0
 numHasNames = 2
 numIndividuals = 5
 numEntitiesOk = 10
 numIsClass = 0
 numPropsOk = 5
 numEntitiesNOk = 0
 numClassesOk = 4]"," PREFIX rdf: <http://www.w3.org/1999/02/22-rdf-syntax-ns#> PREFIX xsd: <http://www.w3.org/2001/XMLSchema#> PREFIX rdfs: <http://www.w3.org/2000/01/rdf-schema#> PREFIX cidoc: <http://www.cidoc-crm.org/cidoc-crm/> SELECT  DISTINCT  ?snameConceptArtist5 ?ConceptArtist5 ?snameArtefact3 ?Artefact3 WHERE { {{?Artefact3 cidoc:P131_is_identified_by ?nameArtefact3 . ?nameArtefact3 rdf:value ?snameArtefact3 .}  UNION {?Artefact3 rdfs:label ?snameArtefact3 .}}  filter(regex(?snameArtefact3,""Train Peddler"",""i"")) . ?prod cidoc:P14_carried_out_by ?Artist4 . ?Artefact3 cidoc:P108i_was_produced_by ?prod . ?Artist4 rdfs:label ?snameArtist4 . ?Artist4 cidoc:P107i_is_current_or_former_member_of ?ConceptArtist5. ?ConceptArtist5 rdfs:label ?snameConceptArtist5. }",true
449,Which is the nationality of the creator of Trapeze Girl?," X1-be-is-null,X2-which-Which-null,X5-Trapeze Girl-Trapeze Girl-null,X4-creator-creator-the,X3-nationality-nationality-the, X1-subj-X2,X5-has_name-Trapeze Girl,X4-of-X5,X3-of-X4,X1-obj-X3, X1-be-is-null,X2-which-Which-null,X3-nationality-nationality-the,X5-Trapeze Girl-Trapeze Girl-null,X4-creator-creator-the, X1-subj-X2,X1-obj-X3,X5-has_name-Trapeze Girl,X4-of-X5,X1-obl_of-X4, X1-be-is-null,X2-which-Which-null,X3-nationality-nationality-the,X4-creator-creator-the,X5-Trapeze Girl-Trapeze Girl-null, X1-subj-X2,X1-obj-X3,X1-obl_of-X4,X5-has_name-Trapeze Girl,X1-obl_of-X5, X1-be-is-null,X2-which-Which-null,X4-creator-creator-the,X5-Trapeze Girl-Trapeze Girl-null,X3-nationality-nationality-the, X1-subj-X2,X3-of-X4,X5-has_name-Trapeze Girl,X3-of-X5,X1-obj-X3, X1-be-is-null,X2-which-Which-null,X4-Trapeze Girl-Trapeze Girl-null,X3-nationality-nationality-the,X5-creator-creator-the, X1-subj-X2,X4-has_name-Trapeze Girl,X3-of-X4,X1-obj-X3,X1-obl_of-X5, X1-be-is-null,X2-which-Which-null,X4-creator-creator-the,X3-nationality-nationality-the,X5-Trapeze Girl-Trapeze Girl-null, X1-subj-X2,X3-of-X4,X1-obj-X3,X5-has_name-Trapeze Girl,X1-obl_of-X5,","Drs [
 tokens=[],
 dEntities=[
DEntity(X1, be, is, VERB, null, false, Query1, Query), 
DEntity(X2, which, Which, PRON, null, false, Qualifier2, Qualifier), 
DEntity(X5, Trapeze Girl, Trapeze Girl, PROPN, null, false, Artefact3, Artefact), 
DEntity(X4, creator, creator, NOUN, the, false, Artist4, Artist), 
DEntity(X3, nationality, nationality, NOUN, the, false, ConceptArtist5, ConceptArtist)],
 dConditions=[
DCondition(X1, subj, X2, propriedades= [qQualifier] --- []), 
DCondition(X5, has_name, Trapeze Girl, propriedades= [] --- [has_name, has_text, who]), 
DCondition(X4, of, X5, propriedades= [author_of] --- []), 
DCondition(X3, of, X4, propriedades= [conc_of_Artist] --- []), 
DCondition(X1, obj, X3, propriedades= [select] --- []), 
DCondition(X1, has_text, be, propriedades= [] --- [has_name, has_text, who]), 
DCondition(X2, has_text, which, propriedades= [] --- [has_name, has_text, who]), 
DCondition(X5, has_text, Trapeze Girl, propriedades= [] --- [has_name, has_text, who]), 
DCondition(X4, has_text, creator, propriedades= [] --- [has_name, has_text, who]), 
DCondition(X3, has_text, nationality, propriedades= [] --- [has_name, has_text, who]), 
DCondition(X2, has_name, null list, propriedades= [] --- [has_name, has_text, who]), 
DCondition(X1, obj, X2, propriedades= [qQualifier] --- [])]
 solu��es = []
 numeroFrase = 0
 numHasNames = 2
 numIndividuals = 5
 numEntitiesOk = 10
 numIsClass = 0
 numPropsOk = 5
 numEntitiesNOk = 0
 numClassesOk = 4]"," PREFIX rdf: <http://www.w3.org/1999/02/22-rdf-syntax-ns#> PREFIX xsd: <http://www.w3.org/2001/XMLSchema#> PREFIX rdfs: <http://www.w3.org/2000/01/rdf-schema#> PREFIX cidoc: <http://www.cidoc-crm.org/cidoc-crm/> SELECT  DISTINCT  ?snameConceptArtist5 ?ConceptArtist5 ?snameArtefact3 ?Artefact3 WHERE { {{?Artefact3 cidoc:P131_is_identified_by ?nameArtefact3 . ?nameArtefact3 rdf:value ?snameArtefact3 .}  UNION {?Artefact3 rdfs:label ?snameArtefact3 .}}  filter(regex(?snameArtefact3,""Trapeze Girl"",""i"")) . ?prod cidoc:P14_carried_out_by ?Artist4 . ?Artefact3 cidoc:P108i_was_produced_by ?prod . ?Artist4 rdfs:label ?snameArtist4 . ?Artist4 cidoc:P107i_is_current_or_former_member_of ?ConceptArtist5. ?ConceptArtist5 rdfs:label ?snameConceptArtist5. }",true
450,Which is the nationality of the creator of Tree in the Wind?," X1-be-is-null,X2-which-Which-null,X6-Wind-Wind-the,X5-Tree-Tree-null,X4-creator-creator-the,X3-nationality-nationality-the, X1-subj-X2,X6-has_name-Wind,X5-in-X6,X5-has_name-Tree,X4-of-X5,X3-of-X4,X1-obj-X3, X1-be-is-null,X2-which-Which-null,X3-nationality-nationality-the,X6-Wind-Wind-the,X5-Tree-Tree-null,X4-creator-creator-the, X1-subj-X2,X1-obj-X3,X6-has_name-Wind,X5-in-X6,X5-has_name-Tree,X4-of-X5,X1-obl_of-X4, X1-be-is-null,X2-which-Which-null,X3-nationality-nationality-the,X4-creator-creator-the,X6-Wind-Wind-the,X5-Tree-Tree-null, X1-subj-X2,X1-obj-X3,X1-obl_of-X4,X6-has_name-Wind,X5-in-X6,X5-has_name-Tree,X1-obl_of-X5, X1-be-is-null,X2-which-Which-null,X3-nationality-nationality-the,X4-creator-creator-the,X5-Tree-Tree-null,X6-Wind-Wind-the, X1-subj-X2,X1-obj-X3,X1-obl_of-X4,X5-has_name-Tree,X1-obl_of-X5,X6-has_name-Wind,X1-obl_in-X6, X1-be-is-null,X2-which-Which-null,X3-nationality-nationality-the,X5-Tree-Tree-null,X6-Wind-Wind-the,X4-creator-creator-the, X1-subj-X2,X1-obj-X3,X5-has_name-Tree,X4-of-X5,X6-has_name-Wind,X4-in-X6,X1-obl_of-X4, X1-be-is-null,X2-which-Which-null,X4-creator-creator-the,X6-Wind-Wind-the,X5-Tree-Tree-null,X3-nationality-nationality-the, X1-subj-X2,X3-of-X4,X6-has_name-Wind,X5-in-X6,X5-has_name-Tree,X3-of-X5,X1-obj-X3, X1-be-is-null,X2-which-Which-null,X5-Wind-Wind-the,X4-Tree-Tree-null,X3-nationality-nationality-the,X6-creator-creator-the, X1-subj-X2,X5-has_name-Wind,X4-in-X5,X4-has_name-Tree,X3-of-X4,X1-obj-X3,X1-obl_of-X6, X1-be-is-null,X2-which-Which-null,X4-creator-creator-the,X3-nationality-nationality-the,X6-Wind-Wind-the,X5-Tree-Tree-null, X1-subj-X2,X3-of-X4,X1-obj-X3,X6-has_name-Wind,X5-in-X6,X5-has_name-Tree,X1-obl_of-X5, X1-be-is-null,X2-which-Which-null,X4-creator-creator-the,X5-Tree-Tree-null,X6-Wind-Wind-the,X3-nationality-nationality-the, X1-subj-X2,X3-of-X4,X5-has_name-Tree,X3-of-X5,X6-has_name-Wind,X3-in-X6,X1-obj-X3, X1-be-is-null,X2-which-Which-null,X5-Tree-Tree-null,X6-Wind-Wind-the,X4-creator-creator-the,X3-nationality-nationality-the, X1-subj-X2,X5-has_name-Tree,X4-of-X5,X6-has_name-Wind,X4-in-X6,X3-of-X4,X1-obj-X3,",Incorrect partial DRS,null,null
451,Which is the nationality of the creator of Trees Crossing?," X1-be-is-null,X2-which-Which-null,X5-tree cross-Trees Crossing-null,X4-creator-creator-the,X3-nationality-nationality-the, X1-subj-X2,X5-has_name-tree cross,X4-of-X5,X3-of-X4,X1-obj-X3, X1-be-is-null,X2-which-Which-null,X3-nationality-nationality-the,X5-tree cross-Trees Crossing-null,X4-creator-creator-the, X1-subj-X2,X1-obj-X3,X5-has_name-tree cross,X4-of-X5,X1-obl_of-X4, X1-be-is-null,X2-which-Which-null,X3-nationality-nationality-the,X4-creator-creator-the,X5-tree cross-Trees Crossing-null, X1-subj-X2,X1-obj-X3,X1-obl_of-X4,X5-has_name-tree cross,X1-obl_of-X5, X1-be-is-null,X2-which-Which-null,X4-creator-creator-the,X5-tree cross-Trees Crossing-null,X3-nationality-nationality-the, X1-subj-X2,X3-of-X4,X5-has_name-tree cross,X3-of-X5,X1-obj-X3, X1-be-is-null,X2-which-Which-null,X4-tree cross-Trees Crossing-null,X3-nationality-nationality-the,X5-creator-creator-the, X1-subj-X2,X4-has_name-tree cross,X3-of-X4,X1-obj-X3,X1-obl_of-X5, X1-be-is-null,X2-which-Which-null,X4-creator-creator-the,X3-nationality-nationality-the,X5-tree cross-Trees Crossing-null, X1-subj-X2,X3-of-X4,X1-obj-X3,X5-has_name-tree cross,X1-obl_of-X5,","Drs [
 tokens=[],
 dEntities=[
DEntity(X1, be, is, VERB, null, false, Query1, Query), 
DEntity(X2, which, Which, PRON, null, false, Qualifier2, Qualifier), 
DEntity(X5, tree cross, Trees Crossing, PROPN, null, false, Artefact3, Artefact), 
DEntity(X4, creator, creator, NOUN, the, false, Artist4, Artist), 
DEntity(X3, nationality, nationality, NOUN, the, false, ConceptArtist5, ConceptArtist)],
 dConditions=[
DCondition(X1, subj, X2, propriedades= [qQualifier] --- []), 
DCondition(X5, has_name, tree cross, propriedades= [] --- [has_name, has_text, who]), 
DCondition(X4, of, X5, propriedades= [author_of] --- []), 
DCondition(X3, of, X4, propriedades= [conc_of_Artist] --- []), 
DCondition(X1, obj, X3, propriedades= [select] --- []), 
DCondition(X1, has_text, be, propriedades= [] --- [has_name, has_text, who]), 
DCondition(X2, has_text, which, propriedades= [] --- [has_name, has_text, who]), 
DCondition(X5, has_text, tree cross, propriedades= [] --- [has_name, has_text, who]), 
DCondition(X4, has_text, creator, propriedades= [] --- [has_name, has_text, who]), 
DCondition(X3, has_text, nationality, propriedades= [] --- [has_name, has_text, who]), 
DCondition(X2, has_name, null list, propriedades= [] --- [has_name, has_text, who]), 
DCondition(X1, obj, X2, propriedades= [qQualifier] --- [])]
 solu��es = []
 numeroFrase = 0
 numHasNames = 2
 numIndividuals = 5
 numEntitiesOk = 10
 numIsClass = 0
 numPropsOk = 5
 numEntitiesNOk = 0
 numClassesOk = 4]"," PREFIX rdf: <http://www.w3.org/1999/02/22-rdf-syntax-ns#> PREFIX xsd: <http://www.w3.org/2001/XMLSchema#> PREFIX rdfs: <http://www.w3.org/2000/01/rdf-schema#> PREFIX cidoc: <http://www.cidoc-crm.org/cidoc-crm/> SELECT  DISTINCT  ?snameConceptArtist5 ?ConceptArtist5 ?snameArtefact3 ?Artefact3 WHERE { {{?Artefact3 cidoc:P131_is_identified_by ?nameArtefact3 . ?nameArtefact3 rdf:value ?snameArtefact3 .}  UNION {?Artefact3 rdfs:label ?snameArtefact3 .}}  filter(regex(?snameArtefact3,""tree cross"",""i"")) . ?prod cidoc:P14_carried_out_by ?Artist4 . ?Artefact3 cidoc:P108i_was_produced_by ?prod . ?Artist4 rdfs:label ?snameArtist4 . ?Artist4 cidoc:P107i_is_current_or_former_member_of ?ConceptArtist5. ?ConceptArtist5 rdfs:label ?snameConceptArtist5. }",false
452,Which is the nationality of the creator of Tricyclist?," X1-be-is-null,X2-which-Which-null,X5-Tricyclist-Tricyclist-null,X4-creator-creator-the,X3-nationality-nationality-the, X1-subj-X2,X5-has_name-Tricyclist,X4-of-X5,X3-of-X4,X1-obj-X3, X1-be-is-null,X2-which-Which-null,X3-nationality-nationality-the,X5-Tricyclist-Tricyclist-null,X4-creator-creator-the, X1-subj-X2,X1-obj-X3,X5-has_name-Tricyclist,X4-of-X5,X1-obl_of-X4, X1-be-is-null,X2-which-Which-null,X3-nationality-nationality-the,X4-creator-creator-the,X5-Tricyclist-Tricyclist-null, X1-subj-X2,X1-obj-X3,X1-obl_of-X4,X5-has_name-Tricyclist,X1-obl_of-X5, X1-be-is-null,X2-which-Which-null,X4-creator-creator-the,X5-Tricyclist-Tricyclist-null,X3-nationality-nationality-the, X1-subj-X2,X3-of-X4,X5-has_name-Tricyclist,X3-of-X5,X1-obj-X3, X1-be-is-null,X2-which-Which-null,X4-Tricyclist-Tricyclist-null,X3-nationality-nationality-the,X5-creator-creator-the, X1-subj-X2,X4-has_name-Tricyclist,X3-of-X4,X1-obj-X3,X1-obl_of-X5, X1-be-is-null,X2-which-Which-null,X4-creator-creator-the,X3-nationality-nationality-the,X5-Tricyclist-Tricyclist-null, X1-subj-X2,X3-of-X4,X1-obj-X3,X5-has_name-Tricyclist,X1-obl_of-X5,","Drs [
 tokens=[],
 dEntities=[
DEntity(X1, be, is, VERB, null, false, Query1, Query), 
DEntity(X2, which, Which, PRON, null, false, Qualifier2, Qualifier), 
DEntity(X5, Tricyclist, Tricyclist, PROPN, null, false, Artefact3, Artefact), 
DEntity(X4, creator, creator, NOUN, the, false, Artist4, Artist), 
DEntity(X3, nationality, nationality, NOUN, the, false, ConceptArtist5, ConceptArtist)],
 dConditions=[
DCondition(X1, subj, X2, propriedades= [qQualifier] --- []), 
DCondition(X5, has_name, Tricyclist, propriedades= [] --- [has_name, has_text, who]), 
DCondition(X4, of, X5, propriedades= [author_of] --- []), 
DCondition(X3, of, X4, propriedades= [conc_of_Artist] --- []), 
DCondition(X1, obj, X3, propriedades= [select] --- []), 
DCondition(X1, has_text, be, propriedades= [] --- [has_name, has_text, who]), 
DCondition(X2, has_text, which, propriedades= [] --- [has_name, has_text, who]), 
DCondition(X5, has_text, Tricyclist, propriedades= [] --- [has_name, has_text, who]), 
DCondition(X4, has_text, creator, propriedades= [] --- [has_name, has_text, who]), 
DCondition(X3, has_text, nationality, propriedades= [] --- [has_name, has_text, who]), 
DCondition(X2, has_name, null list, propriedades= [] --- [has_name, has_text, who]), 
DCondition(X1, obj, X2, propriedades= [qQualifier] --- [])]
 solu��es = []
 numeroFrase = 0
 numHasNames = 2
 numIndividuals = 5
 numEntitiesOk = 10
 numIsClass = 0
 numPropsOk = 5
 numEntitiesNOk = 0
 numClassesOk = 4]"," PREFIX rdf: <http://www.w3.org/1999/02/22-rdf-syntax-ns#> PREFIX xsd: <http://www.w3.org/2001/XMLSchema#> PREFIX rdfs: <http://www.w3.org/2000/01/rdf-schema#> PREFIX cidoc: <http://www.cidoc-crm.org/cidoc-crm/> SELECT  DISTINCT  ?snameConceptArtist5 ?ConceptArtist5 ?snameArtefact3 ?Artefact3 WHERE { {{?Artefact3 cidoc:P131_is_identified_by ?nameArtefact3 . ?nameArtefact3 rdf:value ?snameArtefact3 .}  UNION {?Artefact3 rdfs:label ?snameArtefact3 .}}  filter(regex(?snameArtefact3,""Tricyclist"",""i"")) . ?prod cidoc:P14_carried_out_by ?Artist4 . ?Artefact3 cidoc:P108i_was_produced_by ?prod . ?Artist4 rdfs:label ?snameArtist4 . ?Artist4 cidoc:P107i_is_current_or_former_member_of ?ConceptArtist5. ?ConceptArtist5 rdfs:label ?snameConceptArtist5. }",true
453,Which is the nationality of the creator of Triggered?,,Incorrect Stanza Parsing,null,null
454,Which is the nationality of the creator of Triple Double?," X1-be-is-null,X2-which-Which-null,X5-Double-Double-null,X4-creator-creator-the,X3-nationality-nationality-the, X1-subj-X2,X5-Triple-true,X5-has_name-Double,X4-of-X5,X3-of-X4,X1-obj-X3, X1-be-is-null,X2-which-Which-null,X5-Double-Double-null,X4-creator-creator-the,X3-nationality-nationality-the, X1-subj-X2,X5-has_name-Triple,X5-has_name-Double,X4-of-X5,X3-of-X4,X1-obj-X3, X1-be-is-null,X2-which-Which-null,X5-Triple Double-Triple Double-null,X4-creator-creator-the,X3-nationality-nationality-the, X1-subj-X2,X5-has_name-Triple Double,X4-of-X5,X3-of-X4,X1-obj-X3, X1-be-is-null,X2-which-Which-null,X3-nationality-nationality-the,X5-Double-Double-null,X4-creator-creator-the, X1-subj-X2,X1-obj-X3,X5-Triple-true,X5-has_name-Double,X4-of-X5,X1-obl_of-X4, X1-be-is-null,X2-which-Which-null,X3-nationality-nationality-the,X5-Double-Double-null,X4-creator-creator-the, X1-subj-X2,X1-obj-X3,X5-has_name-Triple,X5-has_name-Double,X4-of-X5,X1-obl_of-X4, X1-be-is-null,X2-which-Which-null,X3-nationality-nationality-the,X5-Triple Double-Triple Double-null,X4-creator-creator-the, X1-subj-X2,X1-obj-X3,X5-has_name-Triple Double,X4-of-X5,X1-obl_of-X4, X1-be-is-null,X2-which-Which-null,X3-nationality-nationality-the,X4-creator-creator-the,X5-Double-Double-null, X1-subj-X2,X1-obj-X3,X1-obl_of-X4,X5-Triple-true,X5-has_name-Double,X1-obl_of-X5, X1-be-is-null,X2-which-Which-null,X3-nationality-nationality-the,X4-creator-creator-the,X5-Double-Double-null, X1-subj-X2,X1-obj-X3,X1-obl_of-X4,X5-has_name-Triple,X5-has_name-Double,X1-obl_of-X5, X1-be-is-null,X2-which-Which-null,X3-nationality-nationality-the,X4-creator-creator-the,X5-Triple Double-Triple Double-null, X1-subj-X2,X1-obj-X3,X1-obl_of-X4,X5-has_name-Triple Double,X1-obl_of-X5, X1-be-is-null,X2-which-Which-null,X4-creator-creator-the,X5-Double-Double-null,X3-nationality-nationality-the, X1-subj-X2,X3-of-X4,X5-Triple-true,X5-has_name-Double,X3-of-X5,X1-obj-X3, X1-be-is-null,X2-which-Which-null,X4-creator-creator-the,X5-Double-Double-null,X3-nationality-nationality-the, X1-subj-X2,X3-of-X4,X5-has_name-Triple,X5-has_name-Double,X3-of-X5,X1-obj-X3, X1-be-is-null,X2-which-Which-null,X4-creator-creator-the,X5-Triple Double-Triple Double-null,X3-nationality-nationality-the, X1-subj-X2,X3-of-X4,X5-has_name-Triple Double,X3-of-X5,X1-obj-X3, X1-be-is-null,X2-which-Which-null,X4-Double-Double-null,X3-nationality-nationality-the,X5-creator-creator-the, X1-subj-X2,X4-Triple-true,X4-has_name-Double,X3-of-X4,X1-obj-X3,X1-obl_of-X5, X1-be-is-null,X2-which-Which-null,X4-Double-Double-null,X3-nationality-nationality-the,X5-creator-creator-the, X1-subj-X2,X4-has_name-Triple,X4-has_name-Double,X3-of-X4,X1-obj-X3,X1-obl_of-X5, X1-be-is-null,X2-which-Which-null,X4-Triple Double-Triple Double-null,X3-nationality-nationality-the,X5-creator-creator-the, X1-subj-X2,X4-has_name-Triple Double,X3-of-X4,X1-obj-X3,X1-obl_of-X5, X1-be-is-null,X2-which-Which-null,X4-creator-creator-the,X3-nationality-nationality-the,X5-Double-Double-null, X1-subj-X2,X3-of-X4,X1-obj-X3,X5-Triple-true,X5-has_name-Double,X1-obl_of-X5, X1-be-is-null,X2-which-Which-null,X4-creator-creator-the,X3-nationality-nationality-the,X5-Double-Double-null, X1-subj-X2,X3-of-X4,X1-obj-X3,X5-has_name-Triple,X5-has_name-Double,X1-obl_of-X5, X1-be-is-null,X2-which-Which-null,X4-creator-creator-the,X3-nationality-nationality-the,X5-Triple Double-Triple Double-null, X1-subj-X2,X3-of-X4,X1-obj-X3,X5-has_name-Triple Double,X1-obl_of-X5,","Drs [
 tokens=[],
 dEntities=[
DEntity(X1, be, is, VERB, null, false, Query1, Query), 
DEntity(X2, which, Which, PRON, null, false, Qualifier2, Qualifier), 
DEntity(X5, Double, Double, PROPN, null, false, Artefact3, Artefact), 
DEntity(X4, creator, creator, NOUN, the, false, Artist4, Artist), 
DEntity(X3, nationality, nationality, NOUN, the, false, ConceptArtist5, ConceptArtist)],
 dConditions=[
DCondition(X1, subj, X2, propriedades= [qQualifier] --- []), 
DCondition(X5, Triple, true, propriedades= [] --- [has_name, has_text, who]), 
DCondition(X5, has_name, Double, propriedades= [] --- [has_name, has_text, who]), 
DCondition(X4, of, X5, propriedades= [author_of] --- []), 
DCondition(X3, of, X4, propriedades= [conc_of_Artist] --- []), 
DCondition(X1, obj, X3, propriedades= [select] --- []), 
DCondition(X1, has_text, be, propriedades= [] --- [has_name, has_text, who]), 
DCondition(X2, has_text, which, propriedades= [] --- [has_name, has_text, who]), 
DCondition(X5, has_text, Double, propriedades= [] --- [has_name, has_text, who]), 
DCondition(X4, has_text, creator, propriedades= [] --- [has_name, has_text, who]), 
DCondition(X3, has_text, nationality, propriedades= [] --- [has_name, has_text, who]), 
DCondition(X2, has_name, null list, propriedades= [] --- [has_name, has_text, who]), 
DCondition(X1, obj, X2, propriedades= [qQualifier] --- [])]
 solu��es = []
 numeroFrase = 0
 numHasNames = 2
 numIndividuals = 5
 numEntitiesOk = 10
 numIsClass = 0
 numPropsOk = 5
 numEntitiesNOk = 0
 numClassesOk = 4]"," PREFIX rdf: <http://www.w3.org/1999/02/22-rdf-syntax-ns#> PREFIX xsd: <http://www.w3.org/2001/XMLSchema#> PREFIX rdfs: <http://www.w3.org/2000/01/rdf-schema#> PREFIX cidoc: <http://www.cidoc-crm.org/cidoc-crm/> SELECT  DISTINCT  ?snameConceptArtist5 ?ConceptArtist5 ?snameArtefact3 ?Artefact3 WHERE { {{?Artefact3 cidoc:P131_is_identified_by ?nameArtefact3 . ?nameArtefact3 rdf:value ?snameArtefact3 .}  UNION {?Artefact3 rdfs:label ?snameArtefact3 .}}  filter(regex(?snameArtefact3,""Double"",""i"")) . ?prod cidoc:P14_carried_out_by ?Artist4 . ?Artefact3 cidoc:P108i_was_produced_by ?prod . ?Artist4 rdfs:label ?snameArtist4 . ?Artist4 cidoc:P107i_is_current_or_former_member_of ?ConceptArtist5. ?ConceptArtist5 rdfs:label ?snameConceptArtist5. }",true
455,Which is the nationality of the creator of Triple Threat?," X1-be-is-null,X2-which-Which-null,X5-Threat-Threat-null,X4-creator-creator-the,X3-nationality-nationality-the, X1-subj-X2,X5-Triple-true,X5-has_name-Threat,X4-of-X5,X3-of-X4,X1-obj-X3, X1-be-is-null,X2-which-Which-null,X5-Threat-Threat-null,X4-creator-creator-the,X3-nationality-nationality-the, X1-subj-X2,X5-has_name-Triple,X5-has_name-Threat,X4-of-X5,X3-of-X4,X1-obj-X3, X1-be-is-null,X2-which-Which-null,X5-Triple Threat-Triple Threat-null,X4-creator-creator-the,X3-nationality-nationality-the, X1-subj-X2,X5-has_name-Triple Threat,X4-of-X5,X3-of-X4,X1-obj-X3, X1-be-is-null,X2-which-Which-null,X3-nationality-nationality-the,X5-Threat-Threat-null,X4-creator-creator-the, X1-subj-X2,X1-obj-X3,X5-Triple-true,X5-has_name-Threat,X4-of-X5,X1-obl_of-X4, X1-be-is-null,X2-which-Which-null,X3-nationality-nationality-the,X5-Threat-Threat-null,X4-creator-creator-the, X1-subj-X2,X1-obj-X3,X5-has_name-Triple,X5-has_name-Threat,X4-of-X5,X1-obl_of-X4, X1-be-is-null,X2-which-Which-null,X3-nationality-nationality-the,X5-Triple Threat-Triple Threat-null,X4-creator-creator-the, X1-subj-X2,X1-obj-X3,X5-has_name-Triple Threat,X4-of-X5,X1-obl_of-X4, X1-be-is-null,X2-which-Which-null,X3-nationality-nationality-the,X4-creator-creator-the,X5-Threat-Threat-null, X1-subj-X2,X1-obj-X3,X1-obl_of-X4,X5-Triple-true,X5-has_name-Threat,X1-obl_of-X5, X1-be-is-null,X2-which-Which-null,X3-nationality-nationality-the,X4-creator-creator-the,X5-Threat-Threat-null, X1-subj-X2,X1-obj-X3,X1-obl_of-X4,X5-has_name-Triple,X5-has_name-Threat,X1-obl_of-X5, X1-be-is-null,X2-which-Which-null,X3-nationality-nationality-the,X4-creator-creator-the,X5-Triple Threat-Triple Threat-null, X1-subj-X2,X1-obj-X3,X1-obl_of-X4,X5-has_name-Triple Threat,X1-obl_of-X5, X1-be-is-null,X2-which-Which-null,X4-creator-creator-the,X5-Threat-Threat-null,X3-nationality-nationality-the, X1-subj-X2,X3-of-X4,X5-Triple-true,X5-has_name-Threat,X3-of-X5,X1-obj-X3, X1-be-is-null,X2-which-Which-null,X4-creator-creator-the,X5-Threat-Threat-null,X3-nationality-nationality-the, X1-subj-X2,X3-of-X4,X5-has_name-Triple,X5-has_name-Threat,X3-of-X5,X1-obj-X3, X1-be-is-null,X2-which-Which-null,X4-creator-creator-the,X5-Triple Threat-Triple Threat-null,X3-nationality-nationality-the, X1-subj-X2,X3-of-X4,X5-has_name-Triple Threat,X3-of-X5,X1-obj-X3, X1-be-is-null,X2-which-Which-null,X4-Threat-Threat-null,X3-nationality-nationality-the,X5-creator-creator-the, X1-subj-X2,X4-Triple-true,X4-has_name-Threat,X3-of-X4,X1-obj-X3,X1-obl_of-X5, X1-be-is-null,X2-which-Which-null,X4-Threat-Threat-null,X3-nationality-nationality-the,X5-creator-creator-the, X1-subj-X2,X4-has_name-Triple,X4-has_name-Threat,X3-of-X4,X1-obj-X3,X1-obl_of-X5, X1-be-is-null,X2-which-Which-null,X4-Triple Threat-Triple Threat-null,X3-nationality-nationality-the,X5-creator-creator-the, X1-subj-X2,X4-has_name-Triple Threat,X3-of-X4,X1-obj-X3,X1-obl_of-X5, X1-be-is-null,X2-which-Which-null,X4-creator-creator-the,X3-nationality-nationality-the,X5-Threat-Threat-null, X1-subj-X2,X3-of-X4,X1-obj-X3,X5-Triple-true,X5-has_name-Threat,X1-obl_of-X5, X1-be-is-null,X2-which-Which-null,X4-creator-creator-the,X3-nationality-nationality-the,X5-Threat-Threat-null, X1-subj-X2,X3-of-X4,X1-obj-X3,X5-has_name-Triple,X5-has_name-Threat,X1-obl_of-X5, X1-be-is-null,X2-which-Which-null,X4-creator-creator-the,X3-nationality-nationality-the,X5-Triple Threat-Triple Threat-null, X1-subj-X2,X3-of-X4,X1-obj-X3,X5-has_name-Triple Threat,X1-obl_of-X5,","Drs [
 tokens=[],
 dEntities=[
DEntity(X1, be, is, VERB, null, false, Query1, Query), 
DEntity(X2, which, Which, PRON, null, false, Qualifier2, Qualifier), 
DEntity(X5, Threat, Threat, PROPN, null, false, Artefact3, Artefact), 
DEntity(X4, creator, creator, NOUN, the, false, Artist4, Artist), 
DEntity(X3, nationality, nationality, NOUN, the, false, ConceptArtist5, ConceptArtist)],
 dConditions=[
DCondition(X1, subj, X2, propriedades= [qQualifier] --- []), 
DCondition(X5, Triple, true, propriedades= [] --- [has_name, has_text, who]), 
DCondition(X5, has_name, Threat, propriedades= [] --- [has_name, has_text, who]), 
DCondition(X4, of, X5, propriedades= [author_of] --- []), 
DCondition(X3, of, X4, propriedades= [conc_of_Artist] --- []), 
DCondition(X1, obj, X3, propriedades= [select] --- []), 
DCondition(X1, has_text, be, propriedades= [] --- [has_name, has_text, who]), 
DCondition(X2, has_text, which, propriedades= [] --- [has_name, has_text, who]), 
DCondition(X5, has_text, Threat, propriedades= [] --- [has_name, has_text, who]), 
DCondition(X4, has_text, creator, propriedades= [] --- [has_name, has_text, who]), 
DCondition(X3, has_text, nationality, propriedades= [] --- [has_name, has_text, who]), 
DCondition(X2, has_name, null list, propriedades= [] --- [has_name, has_text, who]), 
DCondition(X1, obj, X2, propriedades= [qQualifier] --- [])]
 solu��es = []
 numeroFrase = 0
 numHasNames = 2
 numIndividuals = 5
 numEntitiesOk = 10
 numIsClass = 0
 numPropsOk = 5
 numEntitiesNOk = 0
 numClassesOk = 4]"," PREFIX rdf: <http://www.w3.org/1999/02/22-rdf-syntax-ns#> PREFIX xsd: <http://www.w3.org/2001/XMLSchema#> PREFIX rdfs: <http://www.w3.org/2000/01/rdf-schema#> PREFIX cidoc: <http://www.cidoc-crm.org/cidoc-crm/> SELECT  DISTINCT  ?snameConceptArtist5 ?ConceptArtist5 ?snameArtefact3 ?Artefact3 WHERE { {{?Artefact3 cidoc:P131_is_identified_by ?nameArtefact3 . ?nameArtefact3 rdf:value ?snameArtefact3 .}  UNION {?Artefact3 rdfs:label ?snameArtefact3 .}}  filter(regex(?snameArtefact3,""Threat"",""i"")) . ?prod cidoc:P14_carried_out_by ?Artist4 . ?Artefact3 cidoc:P108i_was_produced_by ?prod . ?Artist4 rdfs:label ?snameArtist4 . ?Artist4 cidoc:P107i_is_current_or_former_member_of ?ConceptArtist5. ?ConceptArtist5 rdfs:label ?snameConceptArtist5. }",true
456,Which is the nationality of the creator of Troas?," X1-be-is-null,X2-which-Which-null,X5-Troas-Troas-null,X4-creator-creator-the,X3-nationality-nationality-the, X1-subj-X2,X5-has_name-Troas,X4-of-X5,X3-of-X4,X1-obj-X3, X1-be-is-null,X2-which-Which-null,X3-nationality-nationality-the,X5-Troas-Troas-null,X4-creator-creator-the, X1-subj-X2,X1-obj-X3,X5-has_name-Troas,X4-of-X5,X1-obl_of-X4, X1-be-is-null,X2-which-Which-null,X3-nationality-nationality-the,X4-creator-creator-the,X5-Troas-Troas-null, X1-subj-X2,X1-obj-X3,X1-obl_of-X4,X5-has_name-Troas,X1-obl_of-X5, X1-be-is-null,X2-which-Which-null,X4-creator-creator-the,X5-Troas-Troas-null,X3-nationality-nationality-the, X1-subj-X2,X3-of-X4,X5-has_name-Troas,X3-of-X5,X1-obj-X3, X1-be-is-null,X2-which-Which-null,X4-Troas-Troas-null,X3-nationality-nationality-the,X5-creator-creator-the, X1-subj-X2,X4-has_name-Troas,X3-of-X4,X1-obj-X3,X1-obl_of-X5, X1-be-is-null,X2-which-Which-null,X4-creator-creator-the,X3-nationality-nationality-the,X5-Troas-Troas-null, X1-subj-X2,X3-of-X4,X1-obj-X3,X5-has_name-Troas,X1-obl_of-X5,","Drs [
 tokens=[],
 dEntities=[
DEntity(X1, be, is, VERB, null, false, Query1, Query), 
DEntity(X2, which, Which, PRON, null, false, Qualifier2, Qualifier), 
DEntity(X5, Troas, Troas, PROPN, null, false, Artefact3, Artefact), 
DEntity(X4, creator, creator, NOUN, the, false, Artist4, Artist), 
DEntity(X3, nationality, nationality, NOUN, the, false, ConceptArtist5, ConceptArtist)],
 dConditions=[
DCondition(X1, subj, X2, propriedades= [qQualifier] --- []), 
DCondition(X5, has_name, Troas, propriedades= [] --- [has_name, has_text, who]), 
DCondition(X4, of, X5, propriedades= [author_of] --- []), 
DCondition(X3, of, X4, propriedades= [conc_of_Artist] --- []), 
DCondition(X1, obj, X3, propriedades= [select] --- []), 
DCondition(X1, has_text, be, propriedades= [] --- [has_name, has_text, who]), 
DCondition(X2, has_text, which, propriedades= [] --- [has_name, has_text, who]), 
DCondition(X5, has_text, Troas, propriedades= [] --- [has_name, has_text, who]), 
DCondition(X4, has_text, creator, propriedades= [] --- [has_name, has_text, who]), 
DCondition(X3, has_text, nationality, propriedades= [] --- [has_name, has_text, who]), 
DCondition(X2, has_name, null list, propriedades= [] --- [has_name, has_text, who]), 
DCondition(X1, obj, X2, propriedades= [qQualifier] --- [])]
 solu��es = []
 numeroFrase = 0
 numHasNames = 2
 numIndividuals = 5
 numEntitiesOk = 10
 numIsClass = 0
 numPropsOk = 5
 numEntitiesNOk = 0
 numClassesOk = 4]"," PREFIX rdf: <http://www.w3.org/1999/02/22-rdf-syntax-ns#> PREFIX xsd: <http://www.w3.org/2001/XMLSchema#> PREFIX rdfs: <http://www.w3.org/2000/01/rdf-schema#> PREFIX cidoc: <http://www.cidoc-crm.org/cidoc-crm/> SELECT  DISTINCT  ?snameConceptArtist5 ?ConceptArtist5 ?snameArtefact3 ?Artefact3 WHERE { {{?Artefact3 cidoc:P131_is_identified_by ?nameArtefact3 . ?nameArtefact3 rdf:value ?snameArtefact3 .}  UNION {?Artefact3 rdfs:label ?snameArtefact3 .}}  filter(regex(?snameArtefact3,""Troas"",""i"")) . ?prod cidoc:P14_carried_out_by ?Artist4 . ?Artefact3 cidoc:P108i_was_produced_by ?prod . ?Artist4 rdfs:label ?snameArtist4 . ?Artist4 cidoc:P107i_is_current_or_former_member_of ?ConceptArtist5. ?ConceptArtist5 rdfs:label ?snameConceptArtist5. }",true
457,Which is the nationality of the creator of Tropic Moon?," X1-be-is-null,X2-which-Which-null,X5-Tropic Moon-Tropic Moon-null,X4-creator-creator-the,X3-nationality-nationality-the, X1-subj-X2,X5-has_name-Tropic Moon,X4-of-X5,X3-of-X4,X1-obj-X3, X1-be-is-null,X2-which-Which-null,X3-nationality-nationality-the,X5-Tropic Moon-Tropic Moon-null,X4-creator-creator-the, X1-subj-X2,X1-obj-X3,X5-has_name-Tropic Moon,X4-of-X5,X1-obl_of-X4, X1-be-is-null,X2-which-Which-null,X3-nationality-nationality-the,X4-creator-creator-the,X5-Tropic Moon-Tropic Moon-null, X1-subj-X2,X1-obj-X3,X1-obl_of-X4,X5-has_name-Tropic Moon,X1-obl_of-X5, X1-be-is-null,X2-which-Which-null,X4-creator-creator-the,X5-Tropic Moon-Tropic Moon-null,X3-nationality-nationality-the, X1-subj-X2,X3-of-X4,X5-has_name-Tropic Moon,X3-of-X5,X1-obj-X3, X1-be-is-null,X2-which-Which-null,X4-Tropic Moon-Tropic Moon-null,X3-nationality-nationality-the,X5-creator-creator-the, X1-subj-X2,X4-has_name-Tropic Moon,X3-of-X4,X1-obj-X3,X1-obl_of-X5, X1-be-is-null,X2-which-Which-null,X4-creator-creator-the,X3-nationality-nationality-the,X5-Tropic Moon-Tropic Moon-null, X1-subj-X2,X3-of-X4,X1-obj-X3,X5-has_name-Tropic Moon,X1-obl_of-X5,","Drs [
 tokens=[],
 dEntities=[
DEntity(X1, be, is, VERB, null, false, Query1, Query), 
DEntity(X2, which, Which, PRON, null, false, Qualifier2, Qualifier), 
DEntity(X5, Tropic Moon, Tropic Moon, PROPN, null, false, Artefact3, Artefact), 
DEntity(X4, creator, creator, NOUN, the, false, Artist4, Artist), 
DEntity(X3, nationality, nationality, NOUN, the, false, ConceptArtist5, ConceptArtist)],
 dConditions=[
DCondition(X1, subj, X2, propriedades= [qQualifier] --- []), 
DCondition(X5, has_name, Tropic Moon, propriedades= [] --- [has_name, has_text, who]), 
DCondition(X4, of, X5, propriedades= [author_of] --- []), 
DCondition(X3, of, X4, propriedades= [conc_of_Artist] --- []), 
DCondition(X1, obj, X3, propriedades= [select] --- []), 
DCondition(X1, has_text, be, propriedades= [] --- [has_name, has_text, who]), 
DCondition(X2, has_text, which, propriedades= [] --- [has_name, has_text, who]), 
DCondition(X5, has_text, Tropic Moon, propriedades= [] --- [has_name, has_text, who]), 
DCondition(X4, has_text, creator, propriedades= [] --- [has_name, has_text, who]), 
DCondition(X3, has_text, nationality, propriedades= [] --- [has_name, has_text, who]), 
DCondition(X2, has_name, null list, propriedades= [] --- [has_name, has_text, who]), 
DCondition(X1, obj, X2, propriedades= [qQualifier] --- [])]
 solu��es = []
 numeroFrase = 0
 numHasNames = 2
 numIndividuals = 5
 numEntitiesOk = 10
 numIsClass = 0
 numPropsOk = 5
 numEntitiesNOk = 0
 numClassesOk = 4]"," PREFIX rdf: <http://www.w3.org/1999/02/22-rdf-syntax-ns#> PREFIX xsd: <http://www.w3.org/2001/XMLSchema#> PREFIX rdfs: <http://www.w3.org/2000/01/rdf-schema#> PREFIX cidoc: <http://www.cidoc-crm.org/cidoc-crm/> SELECT  DISTINCT  ?snameConceptArtist5 ?ConceptArtist5 ?snameArtefact3 ?Artefact3 WHERE { {{?Artefact3 cidoc:P131_is_identified_by ?nameArtefact3 . ?nameArtefact3 rdf:value ?snameArtefact3 .}  UNION {?Artefact3 rdfs:label ?snameArtefact3 .}}  filter(regex(?snameArtefact3,""Tropic Moon"",""i"")) . ?prod cidoc:P14_carried_out_by ?Artist4 . ?Artefact3 cidoc:P108i_was_produced_by ?prod . ?Artist4 rdfs:label ?snameArtist4 . ?Artist4 cidoc:P107i_is_current_or_former_member_of ?ConceptArtist5. ?ConceptArtist5 rdfs:label ?snameConceptArtist5. }",true
458,Which is the nationality of the creator of Troy?," X1-be-is-null,X2-which-Which-null,X5-Troy-Troy-null,X4-creator-creator-the,X3-nationality-nationality-the, X1-subj-X2,X5-has_name-Troy,X4-of-X5,X3-of-X4,X1-obj-X3, X1-be-is-null,X2-which-Which-null,X3-nationality-nationality-the,X5-Troy-Troy-null,X4-creator-creator-the, X1-subj-X2,X1-obj-X3,X5-has_name-Troy,X4-of-X5,X1-obl_of-X4, X1-be-is-null,X2-which-Which-null,X3-nationality-nationality-the,X4-creator-creator-the,X5-Troy-Troy-null, X1-subj-X2,X1-obj-X3,X1-obl_of-X4,X5-has_name-Troy,X1-obl_of-X5, X1-be-is-null,X2-which-Which-null,X4-creator-creator-the,X5-Troy-Troy-null,X3-nationality-nationality-the, X1-subj-X2,X3-of-X4,X5-has_name-Troy,X3-of-X5,X1-obj-X3, X1-be-is-null,X2-which-Which-null,X4-Troy-Troy-null,X3-nationality-nationality-the,X5-creator-creator-the, X1-subj-X2,X4-has_name-Troy,X3-of-X4,X1-obj-X3,X1-obl_of-X5, X1-be-is-null,X2-which-Which-null,X4-creator-creator-the,X3-nationality-nationality-the,X5-Troy-Troy-null, X1-subj-X2,X3-of-X4,X1-obj-X3,X5-has_name-Troy,X1-obl_of-X5,","Drs [
 tokens=[],
 dEntities=[
DEntity(X1, be, is, VERB, null, false, Query1, Query), 
DEntity(X2, which, Which, PRON, null, false, Qualifier2, Qualifier), 
DEntity(X5, Troy, Troy, PROPN, null, false, Artefact3, Artefact), 
DEntity(X4, creator, creator, NOUN, the, false, Artist4, Artist), 
DEntity(X3, nationality, nationality, NOUN, the, false, ConceptArtist5, ConceptArtist)],
 dConditions=[
DCondition(X1, subj, X2, propriedades= [qQualifier] --- []), 
DCondition(X5, has_name, Troy, propriedades= [] --- [has_name, has_text, who]), 
DCondition(X4, of, X5, propriedades= [author_of] --- []), 
DCondition(X3, of, X4, propriedades= [conc_of_Artist] --- []), 
DCondition(X1, obj, X3, propriedades= [select] --- []), 
DCondition(X1, has_text, be, propriedades= [] --- [has_name, has_text, who]), 
DCondition(X2, has_text, which, propriedades= [] --- [has_name, has_text, who]), 
DCondition(X5, has_text, Troy, propriedades= [] --- [has_name, has_text, who]), 
DCondition(X4, has_text, creator, propriedades= [] --- [has_name, has_text, who]), 
DCondition(X3, has_text, nationality, propriedades= [] --- [has_name, has_text, who]), 
DCondition(X2, has_name, null list, propriedades= [] --- [has_name, has_text, who]), 
DCondition(X1, obj, X2, propriedades= [qQualifier] --- [])]
 solu��es = []
 numeroFrase = 0
 numHasNames = 2
 numIndividuals = 5
 numEntitiesOk = 10
 numIsClass = 0
 numPropsOk = 5
 numEntitiesNOk = 0
 numClassesOk = 4]"," PREFIX rdf: <http://www.w3.org/1999/02/22-rdf-syntax-ns#> PREFIX xsd: <http://www.w3.org/2001/XMLSchema#> PREFIX rdfs: <http://www.w3.org/2000/01/rdf-schema#> PREFIX cidoc: <http://www.cidoc-crm.org/cidoc-crm/> SELECT  DISTINCT  ?snameConceptArtist5 ?ConceptArtist5 ?snameArtefact3 ?Artefact3 WHERE { {{?Artefact3 cidoc:P131_is_identified_by ?nameArtefact3 . ?nameArtefact3 rdf:value ?snameArtefact3 .}  UNION {?Artefact3 rdfs:label ?snameArtefact3 .}}  filter(regex(?snameArtefact3,""Troy"",""i"")) . ?prod cidoc:P14_carried_out_by ?Artist4 . ?Artefact3 cidoc:P108i_was_produced_by ?prod . ?Artist4 rdfs:label ?snameArtist4 . ?Artist4 cidoc:P107i_is_current_or_former_member_of ?ConceptArtist5. ?ConceptArtist5 rdfs:label ?snameConceptArtist5. }",true
459,Which is the nationality of the creator of Tugboat Captain?," X1-be-is-null,X2-which-Which-null,X5-Tugboat Captain-Tugboat Captain-null,X4-creator-creator-the,X3-nationality-nationality-the, X1-subj-X2,X5-has_name-Tugboat Captain,X4-of-X5,X3-of-X4,X1-obj-X3, X1-be-is-null,X2-which-Which-null,X3-nationality-nationality-the,X5-Tugboat Captain-Tugboat Captain-null,X4-creator-creator-the, X1-subj-X2,X1-obj-X3,X5-has_name-Tugboat Captain,X4-of-X5,X1-obl_of-X4, X1-be-is-null,X2-which-Which-null,X3-nationality-nationality-the,X4-creator-creator-the,X5-Tugboat Captain-Tugboat Captain-null, X1-subj-X2,X1-obj-X3,X1-obl_of-X4,X5-has_name-Tugboat Captain,X1-obl_of-X5, X1-be-is-null,X2-which-Which-null,X4-creator-creator-the,X5-Tugboat Captain-Tugboat Captain-null,X3-nationality-nationality-the, X1-subj-X2,X3-of-X4,X5-has_name-Tugboat Captain,X3-of-X5,X1-obj-X3, X1-be-is-null,X2-which-Which-null,X4-Tugboat Captain-Tugboat Captain-null,X3-nationality-nationality-the,X5-creator-creator-the, X1-subj-X2,X4-has_name-Tugboat Captain,X3-of-X4,X1-obj-X3,X1-obl_of-X5, X1-be-is-null,X2-which-Which-null,X4-creator-creator-the,X3-nationality-nationality-the,X5-Tugboat Captain-Tugboat Captain-null, X1-subj-X2,X3-of-X4,X1-obj-X3,X5-has_name-Tugboat Captain,X1-obl_of-X5,","Drs [
 tokens=[],
 dEntities=[
DEntity(X1, be, is, VERB, null, false, Query1, Query), 
DEntity(X2, which, Which, PRON, null, false, Qualifier2, Qualifier), 
DEntity(X5, Tugboat Captain, Tugboat Captain, PROPN, null, false, Artefact3, Artefact), 
DEntity(X4, creator, creator, NOUN, the, false, Artist4, Artist), 
DEntity(X3, nationality, nationality, NOUN, the, false, ConceptArtist5, ConceptArtist)],
 dConditions=[
DCondition(X1, subj, X2, propriedades= [qQualifier] --- []), 
DCondition(X5, has_name, Tugboat Captain, propriedades= [] --- [has_name, has_text, who]), 
DCondition(X4, of, X5, propriedades= [author_of] --- []), 
DCondition(X3, of, X4, propriedades= [conc_of_Artist] --- []), 
DCondition(X1, obj, X3, propriedades= [select] --- []), 
DCondition(X1, has_text, be, propriedades= [] --- [has_name, has_text, who]), 
DCondition(X2, has_text, which, propriedades= [] --- [has_name, has_text, who]), 
DCondition(X5, has_text, Tugboat Captain, propriedades= [] --- [has_name, has_text, who]), 
DCondition(X4, has_text, creator, propriedades= [] --- [has_name, has_text, who]), 
DCondition(X3, has_text, nationality, propriedades= [] --- [has_name, has_text, who]), 
DCondition(X2, has_name, null list, propriedades= [] --- [has_name, has_text, who]), 
DCondition(X1, obj, X2, propriedades= [qQualifier] --- [])]
 solu��es = []
 numeroFrase = 0
 numHasNames = 2
 numIndividuals = 5
 numEntitiesOk = 10
 numIsClass = 0
 numPropsOk = 5
 numEntitiesNOk = 0
 numClassesOk = 4]"," PREFIX rdf: <http://www.w3.org/1999/02/22-rdf-syntax-ns#> PREFIX xsd: <http://www.w3.org/2001/XMLSchema#> PREFIX rdfs: <http://www.w3.org/2000/01/rdf-schema#> PREFIX cidoc: <http://www.cidoc-crm.org/cidoc-crm/> SELECT  DISTINCT  ?snameConceptArtist5 ?ConceptArtist5 ?snameArtefact3 ?Artefact3 WHERE { {{?Artefact3 cidoc:P131_is_identified_by ?nameArtefact3 . ?nameArtefact3 rdf:value ?snameArtefact3 .}  UNION {?Artefact3 rdfs:label ?snameArtefact3 .}}  filter(regex(?snameArtefact3,""Tugboat Captain"",""i"")) . ?prod cidoc:P14_carried_out_by ?Artist4 . ?Artefact3 cidoc:P108i_was_produced_by ?prod . ?Artist4 rdfs:label ?snameArtist4 . ?Artist4 cidoc:P107i_is_current_or_former_member_of ?ConceptArtist5. ?ConceptArtist5 rdfs:label ?snameConceptArtist5. }",true
460,Which is the nationality of the creator of Tur?," X1-be-is-null,X2-which-Which-null,X5-Tur-Tur-null,X4-creator-creator-the,X3-nationality-nationality-the, X1-subj-X2,X5-has_name-Tur,X4-of-X5,X3-of-X4,X1-obj-X3, X1-be-is-null,X2-which-Which-null,X3-nationality-nationality-the,X5-Tur-Tur-null,X4-creator-creator-the, X1-subj-X2,X1-obj-X3,X5-has_name-Tur,X4-of-X5,X1-obl_of-X4, X1-be-is-null,X2-which-Which-null,X3-nationality-nationality-the,X4-creator-creator-the,X5-Tur-Tur-null, X1-subj-X2,X1-obj-X3,X1-obl_of-X4,X5-has_name-Tur,X1-obl_of-X5, X1-be-is-null,X2-which-Which-null,X4-creator-creator-the,X5-Tur-Tur-null,X3-nationality-nationality-the, X1-subj-X2,X3-of-X4,X5-has_name-Tur,X3-of-X5,X1-obj-X3, X1-be-is-null,X2-which-Which-null,X4-Tur-Tur-null,X3-nationality-nationality-the,X5-creator-creator-the, X1-subj-X2,X4-has_name-Tur,X3-of-X4,X1-obj-X3,X1-obl_of-X5, X1-be-is-null,X2-which-Which-null,X4-creator-creator-the,X3-nationality-nationality-the,X5-Tur-Tur-null, X1-subj-X2,X3-of-X4,X1-obj-X3,X5-has_name-Tur,X1-obl_of-X5,","Drs [
 tokens=[],
 dEntities=[
DEntity(X1, be, is, VERB, null, false, Query1, Query), 
DEntity(X2, which, Which, PRON, null, false, Qualifier2, Qualifier), 
DEntity(X5, Tur, Tur, PROPN, null, false, Artefact3, Artefact), 
DEntity(X4, creator, creator, NOUN, the, false, Artist4, Artist), 
DEntity(X3, nationality, nationality, NOUN, the, false, ConceptArtist5, ConceptArtist)],
 dConditions=[
DCondition(X1, subj, X2, propriedades= [qQualifier] --- []), 
DCondition(X5, has_name, Tur, propriedades= [] --- [has_name, has_text, who]), 
DCondition(X4, of, X5, propriedades= [author_of] --- []), 
DCondition(X3, of, X4, propriedades= [conc_of_Artist] --- []), 
DCondition(X1, obj, X3, propriedades= [select] --- []), 
DCondition(X1, has_text, be, propriedades= [] --- [has_name, has_text, who]), 
DCondition(X2, has_text, which, propriedades= [] --- [has_name, has_text, who]), 
DCondition(X5, has_text, Tur, propriedades= [] --- [has_name, has_text, who]), 
DCondition(X4, has_text, creator, propriedades= [] --- [has_name, has_text, who]), 
DCondition(X3, has_text, nationality, propriedades= [] --- [has_name, has_text, who]), 
DCondition(X2, has_name, null list, propriedades= [] --- [has_name, has_text, who]), 
DCondition(X1, obj, X2, propriedades= [qQualifier] --- [])]
 solu��es = []
 numeroFrase = 0
 numHasNames = 2
 numIndividuals = 5
 numEntitiesOk = 10
 numIsClass = 0
 numPropsOk = 5
 numEntitiesNOk = 0
 numClassesOk = 4]"," PREFIX rdf: <http://www.w3.org/1999/02/22-rdf-syntax-ns#> PREFIX xsd: <http://www.w3.org/2001/XMLSchema#> PREFIX rdfs: <http://www.w3.org/2000/01/rdf-schema#> PREFIX cidoc: <http://www.cidoc-crm.org/cidoc-crm/> SELECT  DISTINCT  ?snameConceptArtist5 ?ConceptArtist5 ?snameArtefact3 ?Artefact3 WHERE { {{?Artefact3 cidoc:P131_is_identified_by ?nameArtefact3 . ?nameArtefact3 rdf:value ?snameArtefact3 .}  UNION {?Artefact3 rdfs:label ?snameArtefact3 .}}  filter(regex(?snameArtefact3,""Tur"",""i"")) . ?prod cidoc:P14_carried_out_by ?Artist4 . ?Artefact3 cidoc:P108i_was_produced_by ?prod . ?Artist4 rdfs:label ?snameArtist4 . ?Artist4 cidoc:P107i_is_current_or_former_member_of ?ConceptArtist5. ?ConceptArtist5 rdfs:label ?snameConceptArtist5. }",true
461,"Which is the nationality of the creator of Two Barbers, Philadelphia?"," X1-be-is-null,X2-which-Which-null,X5-Barbers-Barbers-two,X4-creator-creator-the,X3-nationality-nationality-the, X1-subj-X2,X5-has_name-Philadelphia,X5-has_name-Barbers,X4-of-X5,X3-of-X4,X1-obj-X3, X1-be-is-null,X2-which-Which-null,X3-nationality-nationality-the,X5-Barbers-Barbers-two,X4-creator-creator-the, X1-subj-X2,X1-obj-X3,X5-has_name-Philadelphia,X5-has_name-Barbers,X4-of-X5,X1-obl_of-X4, X1-be-is-null,X2-which-Which-null,X3-nationality-nationality-the,X4-creator-creator-the,X5-Barbers-Barbers-two, X1-subj-X2,X1-obj-X3,X1-obl_of-X4,X5-has_name-Philadelphia,X5-has_name-Barbers,X1-obl_of-X5, X1-be-is-null,X2-which-Which-null,X4-creator-creator-the,X5-Barbers-Barbers-two,X3-nationality-nationality-the, X1-subj-X2,X3-of-X4,X5-has_name-Philadelphia,X5-has_name-Barbers,X3-of-X5,X1-obj-X3, X1-be-is-null,X2-which-Which-null,X4-Barbers-Barbers-two,X3-nationality-nationality-the,X5-creator-creator-the, X1-subj-X2,X4-has_name-Philadelphia,X4-has_name-Barbers,X3-of-X4,X1-obj-X3,X1-obl_of-X5, X1-be-is-null,X2-which-Which-null,X4-creator-creator-the,X3-nationality-nationality-the,X5-Barbers-Barbers-two, X1-subj-X2,X3-of-X4,X1-obj-X3,X5-has_name-Philadelphia,X5-has_name-Barbers,X1-obl_of-X5,","Drs [
 tokens=[],
 dEntities=[
DEntity(X1, be, is, VERB, null, false, Query1, Query), 
DEntity(X2, which, Which, PRON, null, false, Qualifier2, Qualifier), 
DEntity(X5, Barbers, Barbers, PROPN, two, false, Artefact3, Artefact), 
DEntity(X4, creator, creator, NOUN, the, false, Artist4, Artist), 
DEntity(X3, nationality, nationality, NOUN, the, false, ConceptArtist5, ConceptArtist)],
 dConditions=[
DCondition(X1, subj, X2, propriedades= [qQualifier] --- []), 
DCondition(X5, has_name, Philadelphia, propriedades= [] --- [has_name, has_text, who]), 
DCondition(X5, has_name, Barbers, propriedades= [] --- [has_name, has_text, who]), 
DCondition(X4, of, X5, propriedades= [author_of] --- []), 
DCondition(X3, of, X4, propriedades= [conc_of_Artist] --- []), 
DCondition(X1, obj, X3, propriedades= [select] --- []), 
DCondition(X1, has_text, be, propriedades= [] --- [has_name, has_text, who]), 
DCondition(X2, has_text, which, propriedades= [] --- [has_name, has_text, who]), 
DCondition(X5, has_text, Barbers, propriedades= [] --- [has_name, has_text, who]), 
DCondition(X4, has_text, creator, propriedades= [] --- [has_name, has_text, who]), 
DCondition(X3, has_text, nationality, propriedades= [] --- [has_name, has_text, who]), 
DCondition(X2, has_name, null list, propriedades= [] --- [has_name, has_text, who]), 
DCondition(X1, obj, X2, propriedades= [qQualifier] --- [])]
 solu��es = []
 numeroFrase = 0
 numHasNames = 3
 numIndividuals = 5
 numEntitiesOk = 10
 numIsClass = 0
 numPropsOk = 5
 numEntitiesNOk = 0
 numClassesOk = 4]"," PREFIX rdf: <http://www.w3.org/1999/02/22-rdf-syntax-ns#> PREFIX xsd: <http://www.w3.org/2001/XMLSchema#> PREFIX rdfs: <http://www.w3.org/2000/01/rdf-schema#> PREFIX cidoc: <http://www.cidoc-crm.org/cidoc-crm/> SELECT  DISTINCT  ?snameConceptArtist5 ?ConceptArtist5 ?snameArtefact3 ?Artefact3 WHERE { {{?Artefact3 cidoc:P131_is_identified_by ?nameArtefact3 . ?nameArtefact3 rdf:value ?snameArtefact3 .}  UNION {?Artefact3 rdfs:label ?snameArtefact3 .}}  filter(regex(?snameArtefact3,""Barbers"",""i"")) . {{?Artefact3 cidoc:P131_is_identified_by ?nameArtefact3 . ?nameArtefact3 rdf:value ?snameArtefact3 .}  UNION {?Artefact3 rdfs:label ?snameArtefact3 .}}  filter(regex(?snameArtefact3,""Philadelphia"",""i"")) . ?prod cidoc:P14_carried_out_by ?Artist4 . ?Artefact3 cidoc:P108i_was_produced_by ?prod . ?Artist4 rdfs:label ?snameArtist4 . ?Artist4 cidoc:P107i_is_current_or_former_member_of ?ConceptArtist5. ?ConceptArtist5 rdfs:label ?snameConceptArtist5. }",true
462,Which is the nationality of the creator of Two Bottles?," X1-be-is-null,X2-which-Which-null,X5-bottle-Bottles-two,X4-creator-creator-the,X3-nationality-nationality-the, X1-subj-X2,X4-of-X5,X3-of-X4,X1-obj-X3, X1-be-is-null,X2-which-Which-null,X3-nationality-nationality-the,X5-bottle-Bottles-two,X4-creator-creator-the, X1-subj-X2,X1-obj-X3,X4-of-X5,X1-obl_of-X4, X1-be-is-null,X2-which-Which-null,X3-nationality-nationality-the,X4-creator-creator-the,X5-bottle-Bottles-two, X1-subj-X2,X1-obj-X3,X1-obl_of-X4,X1-obl_of-X5, X1-be-is-null,X2-which-Which-null,X4-creator-creator-the,X5-bottle-Bottles-two,X3-nationality-nationality-the, X1-subj-X2,X3-of-X4,X3-of-X5,X1-obj-X3, X1-be-is-null,X2-which-Which-null,X4-bottle-Bottles-two,X3-nationality-nationality-the,X5-creator-creator-the, X1-subj-X2,X3-of-X4,X1-obj-X3,X1-obl_of-X5, X1-be-is-null,X2-which-Which-null,X4-creator-creator-the,X3-nationality-nationality-the,X5-bottle-Bottles-two, X1-subj-X2,X3-of-X4,X1-obj-X3,X1-obl_of-X5,",Incorrect partial DRS,null,null
463,Which is the nationality of the creator of Two Magnolias?," X1-be-is-null,X2-which-Which-null,X5-Magnolias-Magnolias-two,X4-creator-creator-the,X3-nationality-nationality-the, X1-subj-X2,X5-has_name-Magnolias,X4-of-X5,X3-of-X4,X1-obj-X3, X1-be-is-null,X2-which-Which-null,X3-nationality-nationality-the,X5-Magnolias-Magnolias-two,X4-creator-creator-the, X1-subj-X2,X1-obj-X3,X5-has_name-Magnolias,X4-of-X5,X1-obl_of-X4, X1-be-is-null,X2-which-Which-null,X3-nationality-nationality-the,X4-creator-creator-the,X5-Magnolias-Magnolias-two, X1-subj-X2,X1-obj-X3,X1-obl_of-X4,X5-has_name-Magnolias,X1-obl_of-X5, X1-be-is-null,X2-which-Which-null,X4-creator-creator-the,X5-Magnolias-Magnolias-two,X3-nationality-nationality-the, X1-subj-X2,X3-of-X4,X5-has_name-Magnolias,X3-of-X5,X1-obj-X3, X1-be-is-null,X2-which-Which-null,X4-Magnolias-Magnolias-two,X3-nationality-nationality-the,X5-creator-creator-the, X1-subj-X2,X4-has_name-Magnolias,X3-of-X4,X1-obj-X3,X1-obl_of-X5, X1-be-is-null,X2-which-Which-null,X4-creator-creator-the,X3-nationality-nationality-the,X5-Magnolias-Magnolias-two, X1-subj-X2,X3-of-X4,X1-obj-X3,X5-has_name-Magnolias,X1-obl_of-X5,","Drs [
 tokens=[],
 dEntities=[
DEntity(X1, be, is, VERB, null, false, Query1, Query), 
DEntity(X2, which, Which, PRON, null, false, Qualifier2, Qualifier), 
DEntity(X5, Magnolias, Magnolias, PROPN, two, false, Artefact3, Artefact), 
DEntity(X4, creator, creator, NOUN, the, false, Artist4, Artist), 
DEntity(X3, nationality, nationality, NOUN, the, false, ConceptArtist5, ConceptArtist)],
 dConditions=[
DCondition(X1, subj, X2, propriedades= [qQualifier] --- []), 
DCondition(X5, has_name, Magnolias, propriedades= [] --- [has_name, has_text, who]), 
DCondition(X4, of, X5, propriedades= [author_of] --- []), 
DCondition(X3, of, X4, propriedades= [conc_of_Artist] --- []), 
DCondition(X1, obj, X3, propriedades= [select] --- []), 
DCondition(X1, has_text, be, propriedades= [] --- [has_name, has_text, who]), 
DCondition(X2, has_text, which, propriedades= [] --- [has_name, has_text, who]), 
DCondition(X5, has_text, Magnolias, propriedades= [] --- [has_name, has_text, who]), 
DCondition(X4, has_text, creator, propriedades= [] --- [has_name, has_text, who]), 
DCondition(X3, has_text, nationality, propriedades= [] --- [has_name, has_text, who]), 
DCondition(X2, has_name, null list, propriedades= [] --- [has_name, has_text, who]), 
DCondition(X1, obj, X2, propriedades= [qQualifier] --- [])]
 solu��es = []
 numeroFrase = 0
 numHasNames = 2
 numIndividuals = 5
 numEntitiesOk = 10
 numIsClass = 0
 numPropsOk = 5
 numEntitiesNOk = 0
 numClassesOk = 4]"," PREFIX rdf: <http://www.w3.org/1999/02/22-rdf-syntax-ns#> PREFIX xsd: <http://www.w3.org/2001/XMLSchema#> PREFIX rdfs: <http://www.w3.org/2000/01/rdf-schema#> PREFIX cidoc: <http://www.cidoc-crm.org/cidoc-crm/> SELECT  DISTINCT  ?snameConceptArtist5 ?ConceptArtist5 ?snameArtefact3 ?Artefact3 WHERE { {{?Artefact3 cidoc:P131_is_identified_by ?nameArtefact3 . ?nameArtefact3 rdf:value ?snameArtefact3 .}  UNION {?Artefact3 rdfs:label ?snameArtefact3 .}}  filter(regex(?snameArtefact3,""Magnolias"",""i"")) . ?prod cidoc:P14_carried_out_by ?Artist4 . ?Artefact3 cidoc:P108i_was_produced_by ?prod . ?Artist4 rdfs:label ?snameArtist4 . ?Artist4 cidoc:P107i_is_current_or_former_member_of ?ConceptArtist5. ?ConceptArtist5 rdfs:label ?snameConceptArtist5. }",true
464,Which is the nationality of the creator of Two Part Blue?," X1-be-is-null,X2-which-Which-null,X5-part Blue-Part Blue-two,X4-creator-creator-the,X3-nationality-nationality-the, X1-subj-X2,X5-has_name-part Blue,X4-of-X5,X3-of-X4,X1-obj-X3, X1-be-is-null,X2-which-Which-null,X3-nationality-nationality-the,X5-part Blue-Part Blue-two,X4-creator-creator-the, X1-subj-X2,X1-obj-X3,X5-has_name-part Blue,X4-of-X5,X1-obl_of-X4, X1-be-is-null,X2-which-Which-null,X3-nationality-nationality-the,X4-creator-creator-the,X5-part Blue-Part Blue-two, X1-subj-X2,X1-obj-X3,X1-obl_of-X4,X5-has_name-part Blue,X1-obl_of-X5, X1-be-is-null,X2-which-Which-null,X4-creator-creator-the,X5-part Blue-Part Blue-two,X3-nationality-nationality-the, X1-subj-X2,X3-of-X4,X5-has_name-part Blue,X3-of-X5,X1-obj-X3, X1-be-is-null,X2-which-Which-null,X4-part Blue-Part Blue-two,X3-nationality-nationality-the,X5-creator-creator-the, X1-subj-X2,X4-has_name-part Blue,X3-of-X4,X1-obj-X3,X1-obl_of-X5, X1-be-is-null,X2-which-Which-null,X4-creator-creator-the,X3-nationality-nationality-the,X5-part Blue-Part Blue-two, X1-subj-X2,X3-of-X4,X1-obj-X3,X5-has_name-part Blue,X1-obl_of-X5,",Incorrect partial DRS,null,null
465,Which is the nationality of the creator of Van Cortlandt Park Mansion?,,Incorrect Stanza Parsing,null,null
466,Which is the nationality of the creator of Velvet Petals?," X1-be-is-null,X2-which-Which-null,X5-Velvet Petal-Velvet Petals-null,X4-creator-creator-the,X3-nationality-nationality-the, X1-subj-X2,X5-has_name-Velvet Petal,X4-of-X5,X3-of-X4,X1-obj-X3, X1-be-is-null,X2-which-Which-null,X3-nationality-nationality-the,X5-Velvet Petal-Velvet Petals-null,X4-creator-creator-the, X1-subj-X2,X1-obj-X3,X5-has_name-Velvet Petal,X4-of-X5,X1-obl_of-X4, X1-be-is-null,X2-which-Which-null,X3-nationality-nationality-the,X4-creator-creator-the,X5-Velvet Petal-Velvet Petals-null, X1-subj-X2,X1-obj-X3,X1-obl_of-X4,X5-has_name-Velvet Petal,X1-obl_of-X5, X1-be-is-null,X2-which-Which-null,X4-creator-creator-the,X5-Velvet Petal-Velvet Petals-null,X3-nationality-nationality-the, X1-subj-X2,X3-of-X4,X5-has_name-Velvet Petal,X3-of-X5,X1-obj-X3, X1-be-is-null,X2-which-Which-null,X4-Velvet Petal-Velvet Petals-null,X3-nationality-nationality-the,X5-creator-creator-the, X1-subj-X2,X4-has_name-Velvet Petal,X3-of-X4,X1-obj-X3,X1-obl_of-X5, X1-be-is-null,X2-which-Which-null,X4-creator-creator-the,X3-nationality-nationality-the,X5-Velvet Petal-Velvet Petals-null, X1-subj-X2,X3-of-X4,X1-obj-X3,X5-has_name-Velvet Petal,X1-obl_of-X5,","Drs [
 tokens=[],
 dEntities=[
DEntity(X1, be, is, VERB, null, false, Query1, Query), 
DEntity(X2, which, Which, PRON, null, false, Qualifier2, Qualifier), 
DEntity(X5, Velvet Petal, Velvet Petals, PROPN, null, false, Artefact3, Artefact), 
DEntity(X4, creator, creator, NOUN, the, false, Artist4, Artist), 
DEntity(X3, nationality, nationality, NOUN, the, false, ConceptArtist5, ConceptArtist)],
 dConditions=[
DCondition(X1, subj, X2, propriedades= [qQualifier] --- []), 
DCondition(X5, has_name, Velvet Petal, propriedades= [] --- [has_name, has_text, who]), 
DCondition(X4, of, X5, propriedades= [author_of] --- []), 
DCondition(X3, of, X4, propriedades= [conc_of_Artist] --- []), 
DCondition(X1, obj, X3, propriedades= [select] --- []), 
DCondition(X1, has_text, be, propriedades= [] --- [has_name, has_text, who]), 
DCondition(X2, has_text, which, propriedades= [] --- [has_name, has_text, who]), 
DCondition(X5, has_text, Velvet Petal, propriedades= [] --- [has_name, has_text, who]), 
DCondition(X4, has_text, creator, propriedades= [] --- [has_name, has_text, who]), 
DCondition(X3, has_text, nationality, propriedades= [] --- [has_name, has_text, who]), 
DCondition(X2, has_name, null list, propriedades= [] --- [has_name, has_text, who]), 
DCondition(X1, obj, X2, propriedades= [qQualifier] --- [])]
 solu��es = []
 numeroFrase = 0
 numHasNames = 2
 numIndividuals = 5
 numEntitiesOk = 10
 numIsClass = 0
 numPropsOk = 5
 numEntitiesNOk = 0
 numClassesOk = 4]"," PREFIX rdf: <http://www.w3.org/1999/02/22-rdf-syntax-ns#> PREFIX xsd: <http://www.w3.org/2001/XMLSchema#> PREFIX rdfs: <http://www.w3.org/2000/01/rdf-schema#> PREFIX cidoc: <http://www.cidoc-crm.org/cidoc-crm/> SELECT  DISTINCT  ?snameConceptArtist5 ?ConceptArtist5 ?snameArtefact3 ?Artefact3 WHERE { {{?Artefact3 cidoc:P131_is_identified_by ?nameArtefact3 . ?nameArtefact3 rdf:value ?snameArtefact3 .}  UNION {?Artefact3 rdfs:label ?snameArtefact3 .}}  filter(regex(?snameArtefact3,""Velvet Petal"",""i"")) . ?prod cidoc:P14_carried_out_by ?Artist4 . ?Artefact3 cidoc:P108i_was_produced_by ?prod . ?Artist4 rdfs:label ?snameArtist4 . ?Artist4 cidoc:P107i_is_current_or_former_member_of ?ConceptArtist5. ?ConceptArtist5 rdfs:label ?snameConceptArtist5. }",true
467,Which is the nationality of the creator of Vermont in November?," X1-be-is-null,X2-which-Which-null,X5-Vermont-Vermont-null,X4-creator-creator-the,X6-November-November-null,X3-nationality-nationality-the, X1-subj-X2,X5-has_name-Vermont,X4-of-X5,X3-of-X4,X6-has_name-November,X3-in-X6,X1-obj-X3, X1-be-is-null,X2-which-Which-null,X4-November-November-null,X3-nationality-nationality-the,X6-Vermont-Vermont-null,X5-creator-creator-the, X1-subj-X2,X4-has_name-November,X3-in-X4,X1-obj-X3,X6-has_name-Vermont,X5-of-X6,X1-obl_of-X5, X1-be-is-null,X2-which-Which-null,X4-November-November-null,X3-nationality-nationality-the,X5-creator-creator-the,X6-Vermont-Vermont-null, X1-subj-X2,X4-has_name-November,X3-in-X4,X1-obj-X3,X1-obl_of-X5,X6-has_name-Vermont,X1-obl_of-X6, X1-be-is-null,X2-which-Which-null,X3-nationality-nationality-the,X4-creator-creator-the,X5-Vermont-Vermont-null,X6-November-November-null, X1-subj-X2,X1-obj-X3,X1-obl_of-X4,X5-has_name-Vermont,X1-obl_of-X5,X6-has_name-November,X1-obl_in-X6, X1-be-is-null,X2-which-Which-null,X3-nationality-nationality-the,X5-Vermont-Vermont-null,X4-creator-creator-the,X6-November-November-null, X1-subj-X2,X1-obj-X3,X5-has_name-Vermont,X4-of-X5,X1-obl_of-X4,X6-has_name-November,X1-obl_in-X6, X1-be-is-null,X2-which-Which-null,X4-creator-creator-the,X5-Vermont-Vermont-null,X6-November-November-null,X3-nationality-nationality-the, X1-subj-X2,X3-of-X4,X5-has_name-Vermont,X3-of-X5,X6-has_name-November,X3-in-X6,X1-obj-X3, X1-be-is-null,X2-which-Which-null,X4-Vermont-Vermont-null,X5-November-November-null,X3-nationality-nationality-the,X6-creator-creator-the, X1-subj-X2,X4-has_name-Vermont,X3-of-X4,X5-has_name-November,X3-in-X5,X1-obj-X3,X1-obl_of-X6, X1-be-is-null,X2-which-Which-null,X4-creator-creator-the,X5-November-November-null,X3-nationality-nationality-the,X6-Vermont-Vermont-null, X1-subj-X2,X3-of-X4,X5-has_name-November,X3-in-X5,X1-obj-X3,X6-has_name-Vermont,X1-obl_of-X6, X1-be-is-null,X2-which-Which-null,X4-creator-creator-the,X5-Vermont-Vermont-null,X3-nationality-nationality-the,X6-November-November-null, X1-subj-X2,X3-of-X4,X5-has_name-Vermont,X3-of-X5,X1-obj-X3,X6-has_name-November,X1-obl_in-X6, X1-be-is-null,X2-which-Which-null,X5-Vermont-Vermont-null,X4-creator-creator-the,X3-nationality-nationality-the,X6-November-November-null, X1-subj-X2,X5-has_name-Vermont,X4-of-X5,X3-of-X4,X1-obj-X3,X6-has_name-November,X1-obl_in-X6,",Incorrect partial DRS,null,null
468,Which is the nationality of the creator of Veterans?," X1-be-is-null,X2-which-Which-null,X5-Veteran-Veterans-null,X4-creator-creator-the,X3-nationality-nationality-the, X1-subj-X2,X5-has_name-Veteran,X4-of-X5,X3-of-X4,X1-obj-X3, X1-be-is-null,X2-which-Which-null,X3-nationality-nationality-the,X5-Veteran-Veterans-null,X4-creator-creator-the, X1-subj-X2,X1-obj-X3,X5-has_name-Veteran,X4-of-X5,X1-obl_of-X4, X1-be-is-null,X2-which-Which-null,X3-nationality-nationality-the,X4-creator-creator-the,X5-Veteran-Veterans-null, X1-subj-X2,X1-obj-X3,X1-obl_of-X4,X5-has_name-Veteran,X1-obl_of-X5, X1-be-is-null,X2-which-Which-null,X4-creator-creator-the,X5-Veteran-Veterans-null,X3-nationality-nationality-the, X1-subj-X2,X3-of-X4,X5-has_name-Veteran,X3-of-X5,X1-obj-X3, X1-be-is-null,X2-which-Which-null,X4-Veteran-Veterans-null,X3-nationality-nationality-the,X5-creator-creator-the, X1-subj-X2,X4-has_name-Veteran,X3-of-X4,X1-obj-X3,X1-obl_of-X5, X1-be-is-null,X2-which-Which-null,X4-creator-creator-the,X3-nationality-nationality-the,X5-Veteran-Veterans-null, X1-subj-X2,X3-of-X4,X1-obj-X3,X5-has_name-Veteran,X1-obl_of-X5,","Drs [
 tokens=[],
 dEntities=[
DEntity(X1, be, is, VERB, null, false, Query1, Query), 
DEntity(X2, which, Which, PRON, null, false, Qualifier2, Qualifier), 
DEntity(X5, Veteran, Veterans, PROPN, null, false, Artefact3, Artefact), 
DEntity(X4, creator, creator, NOUN, the, false, Artist4, Artist), 
DEntity(X3, nationality, nationality, NOUN, the, false, ConceptArtist5, ConceptArtist)],
 dConditions=[
DCondition(X1, subj, X2, propriedades= [qQualifier] --- []), 
DCondition(X5, has_name, Veteran, propriedades= [] --- [has_name, has_text, who]), 
DCondition(X4, of, X5, propriedades= [author_of] --- []), 
DCondition(X3, of, X4, propriedades= [conc_of_Artist] --- []), 
DCondition(X1, obj, X3, propriedades= [select] --- []), 
DCondition(X1, has_text, be, propriedades= [] --- [has_name, has_text, who]), 
DCondition(X2, has_text, which, propriedades= [] --- [has_name, has_text, who]), 
DCondition(X5, has_text, Veteran, propriedades= [] --- [has_name, has_text, who]), 
DCondition(X4, has_text, creator, propriedades= [] --- [has_name, has_text, who]), 
DCondition(X3, has_text, nationality, propriedades= [] --- [has_name, has_text, who]), 
DCondition(X2, has_name, null list, propriedades= [] --- [has_name, has_text, who]), 
DCondition(X1, obj, X2, propriedades= [qQualifier] --- [])]
 solu��es = []
 numeroFrase = 0
 numHasNames = 2
 numIndividuals = 5
 numEntitiesOk = 10
 numIsClass = 0
 numPropsOk = 5
 numEntitiesNOk = 0
 numClassesOk = 4]"," PREFIX rdf: <http://www.w3.org/1999/02/22-rdf-syntax-ns#> PREFIX xsd: <http://www.w3.org/2001/XMLSchema#> PREFIX rdfs: <http://www.w3.org/2000/01/rdf-schema#> PREFIX cidoc: <http://www.cidoc-crm.org/cidoc-crm/> SELECT  DISTINCT  ?snameConceptArtist5 ?ConceptArtist5 ?snameArtefact3 ?Artefact3 WHERE { {{?Artefact3 cidoc:P131_is_identified_by ?nameArtefact3 . ?nameArtefact3 rdf:value ?snameArtefact3 .}  UNION {?Artefact3 rdfs:label ?snameArtefact3 .}}  filter(regex(?snameArtefact3,""Veteran"",""i"")) . ?prod cidoc:P14_carried_out_by ?Artist4 . ?Artefact3 cidoc:P108i_was_produced_by ?prod . ?Artist4 rdfs:label ?snameArtist4 . ?Artist4 cidoc:P107i_is_current_or_former_member_of ?ConceptArtist5. ?ConceptArtist5 rdfs:label ?snameConceptArtist5. }",true
469,Which is the nationality of the creator of Victime?," X1-be-is-null,X2-which-Which-null,X5-Victime-Victime-null,X4-creator-creator-the,X3-nationality-nationality-the, X1-subj-X2,X5-has_name-Victime,X4-of-X5,X3-of-X4,X1-obj-X3, X1-be-is-null,X2-which-Which-null,X3-nationality-nationality-the,X5-Victime-Victime-null,X4-creator-creator-the, X1-subj-X2,X1-obj-X3,X5-has_name-Victime,X4-of-X5,X1-obl_of-X4, X1-be-is-null,X2-which-Which-null,X3-nationality-nationality-the,X4-creator-creator-the,X5-Victime-Victime-null, X1-subj-X2,X1-obj-X3,X1-obl_of-X4,X5-has_name-Victime,X1-obl_of-X5, X1-be-is-null,X2-which-Which-null,X4-creator-creator-the,X5-Victime-Victime-null,X3-nationality-nationality-the, X1-subj-X2,X3-of-X4,X5-has_name-Victime,X3-of-X5,X1-obj-X3, X1-be-is-null,X2-which-Which-null,X4-Victime-Victime-null,X3-nationality-nationality-the,X5-creator-creator-the, X1-subj-X2,X4-has_name-Victime,X3-of-X4,X1-obj-X3,X1-obl_of-X5, X1-be-is-null,X2-which-Which-null,X4-creator-creator-the,X3-nationality-nationality-the,X5-Victime-Victime-null, X1-subj-X2,X3-of-X4,X1-obj-X3,X5-has_name-Victime,X1-obl_of-X5,","Drs [
 tokens=[],
 dEntities=[
DEntity(X1, be, is, VERB, null, false, Query1, Query), 
DEntity(X2, which, Which, PRON, null, false, Qualifier2, Qualifier), 
DEntity(X5, Victime, Victime, PROPN, null, false, Artefact3, Artefact), 
DEntity(X4, creator, creator, NOUN, the, false, Artist4, Artist), 
DEntity(X3, nationality, nationality, NOUN, the, false, ConceptArtist5, ConceptArtist)],
 dConditions=[
DCondition(X1, subj, X2, propriedades= [qQualifier] --- []), 
DCondition(X5, has_name, Victime, propriedades= [] --- [has_name, has_text, who]), 
DCondition(X4, of, X5, propriedades= [author_of] --- []), 
DCondition(X3, of, X4, propriedades= [conc_of_Artist] --- []), 
DCondition(X1, obj, X3, propriedades= [select] --- []), 
DCondition(X1, has_text, be, propriedades= [] --- [has_name, has_text, who]), 
DCondition(X2, has_text, which, propriedades= [] --- [has_name, has_text, who]), 
DCondition(X5, has_text, Victime, propriedades= [] --- [has_name, has_text, who]), 
DCondition(X4, has_text, creator, propriedades= [] --- [has_name, has_text, who]), 
DCondition(X3, has_text, nationality, propriedades= [] --- [has_name, has_text, who]), 
DCondition(X2, has_name, null list, propriedades= [] --- [has_name, has_text, who]), 
DCondition(X1, obj, X2, propriedades= [qQualifier] --- [])]
 solu��es = []
 numeroFrase = 0
 numHasNames = 2
 numIndividuals = 5
 numEntitiesOk = 10
 numIsClass = 0
 numPropsOk = 5
 numEntitiesNOk = 0
 numClassesOk = 4]"," PREFIX rdf: <http://www.w3.org/1999/02/22-rdf-syntax-ns#> PREFIX xsd: <http://www.w3.org/2001/XMLSchema#> PREFIX rdfs: <http://www.w3.org/2000/01/rdf-schema#> PREFIX cidoc: <http://www.cidoc-crm.org/cidoc-crm/> SELECT  DISTINCT  ?snameConceptArtist5 ?ConceptArtist5 ?snameArtefact3 ?Artefact3 WHERE { {{?Artefact3 cidoc:P131_is_identified_by ?nameArtefact3 . ?nameArtefact3 rdf:value ?snameArtefact3 .}  UNION {?Artefact3 rdfs:label ?snameArtefact3 .}}  filter(regex(?snameArtefact3,""Victime"",""i"")) . ?prod cidoc:P14_carried_out_by ?Artist4 . ?Artefact3 cidoc:P108i_was_produced_by ?prod . ?Artist4 rdfs:label ?snameArtist4 . ?Artist4 cidoc:P107i_is_current_or_former_member_of ?ConceptArtist5. ?ConceptArtist5 rdfs:label ?snameConceptArtist5. }",true
470,Which is the nationality of the creator of Victory Overseas?," X1-be-is-null,X2-which-Which-null,X5-Victory Overseas-Victory Overseas-null,X4-creator-creator-the,X3-nationality-nationality-the, X1-subj-X2,X5-has_name-Victory Overseas,X4-of-X5,X3-of-X4,X1-obj-X3, X1-be-is-null,X2-which-Which-null,X3-nationality-nationality-the,X5-Victory Overseas-Victory Overseas-null,X4-creator-creator-the, X1-subj-X2,X1-obj-X3,X5-has_name-Victory Overseas,X4-of-X5,X1-obl_of-X4, X1-be-is-null,X2-which-Which-null,X3-nationality-nationality-the,X4-creator-creator-the,X5-Victory Overseas-Victory Overseas-null, X1-subj-X2,X1-obj-X3,X1-obl_of-X4,X5-has_name-Victory Overseas,X1-obl_of-X5, X1-be-is-null,X2-which-Which-null,X4-creator-creator-the,X5-Victory Overseas-Victory Overseas-null,X3-nationality-nationality-the, X1-subj-X2,X3-of-X4,X5-has_name-Victory Overseas,X3-of-X5,X1-obj-X3, X1-be-is-null,X2-which-Which-null,X4-Victory Overseas-Victory Overseas-null,X3-nationality-nationality-the,X5-creator-creator-the, X1-subj-X2,X4-has_name-Victory Overseas,X3-of-X4,X1-obj-X3,X1-obl_of-X5, X1-be-is-null,X2-which-Which-null,X4-creator-creator-the,X3-nationality-nationality-the,X5-Victory Overseas-Victory Overseas-null, X1-subj-X2,X3-of-X4,X1-obj-X3,X5-has_name-Victory Overseas,X1-obl_of-X5,","Drs [
 tokens=[],
 dEntities=[
DEntity(X1, be, is, VERB, null, false, Query1, Query), 
DEntity(X2, which, Which, PRON, null, false, Qualifier2, Qualifier), 
DEntity(X5, Victory Overseas, Victory Overseas, PROPN, null, false, Artefact3, Artefact), 
DEntity(X4, creator, creator, NOUN, the, false, Artist4, Artist), 
DEntity(X3, nationality, nationality, NOUN, the, false, ConceptArtist5, ConceptArtist)],
 dConditions=[
DCondition(X1, subj, X2, propriedades= [qQualifier] --- []), 
DCondition(X5, has_name, Victory Overseas, propriedades= [] --- [has_name, has_text, who]), 
DCondition(X4, of, X5, propriedades= [author_of] --- []), 
DCondition(X3, of, X4, propriedades= [conc_of_Artist] --- []), 
DCondition(X1, obj, X3, propriedades= [select] --- []), 
DCondition(X1, has_text, be, propriedades= [] --- [has_name, has_text, who]), 
DCondition(X2, has_text, which, propriedades= [] --- [has_name, has_text, who]), 
DCondition(X5, has_text, Victory Overseas, propriedades= [] --- [has_name, has_text, who]), 
DCondition(X4, has_text, creator, propriedades= [] --- [has_name, has_text, who]), 
DCondition(X3, has_text, nationality, propriedades= [] --- [has_name, has_text, who]), 
DCondition(X2, has_name, null list, propriedades= [] --- [has_name, has_text, who]), 
DCondition(X1, obj, X2, propriedades= [qQualifier] --- [])]
 solu��es = []
 numeroFrase = 0
 numHasNames = 2
 numIndividuals = 5
 numEntitiesOk = 10
 numIsClass = 0
 numPropsOk = 5
 numEntitiesNOk = 0
 numClassesOk = 4]"," PREFIX rdf: <http://www.w3.org/1999/02/22-rdf-syntax-ns#> PREFIX xsd: <http://www.w3.org/2001/XMLSchema#> PREFIX rdfs: <http://www.w3.org/2000/01/rdf-schema#> PREFIX cidoc: <http://www.cidoc-crm.org/cidoc-crm/> SELECT  DISTINCT  ?snameConceptArtist5 ?ConceptArtist5 ?snameArtefact3 ?Artefact3 WHERE { {{?Artefact3 cidoc:P131_is_identified_by ?nameArtefact3 . ?nameArtefact3 rdf:value ?snameArtefact3 .}  UNION {?Artefact3 rdfs:label ?snameArtefact3 .}}  filter(regex(?snameArtefact3,""Victory Overseas"",""i"")) . ?prod cidoc:P14_carried_out_by ?Artist4 . ?Artefact3 cidoc:P108i_was_produced_by ?prod . ?Artist4 rdfs:label ?snameArtist4 . ?Artist4 cidoc:P107i_is_current_or_former_member_of ?ConceptArtist5. ?ConceptArtist5 rdfs:label ?snameConceptArtist5. }",true
471,Which is the nationality of the creator of View Toward South?," X1-be-is-null,X2-which-Which-null,X6-South-South-null,X5-View-View-null,X4-creator-creator-the,X3-nationality-nationality-the, X1-subj-X2,X6-has_name-South,X5-toward-X6,X5-has_name-View,X4-of-X5,X3-of-X4,X1-obj-X3, X1-be-is-null,X2-which-Which-null,X3-nationality-nationality-the,X6-South-South-null,X5-View-View-null,X4-creator-creator-the, X1-subj-X2,X1-obj-X3,X6-has_name-South,X5-toward-X6,X5-has_name-View,X4-of-X5,X1-obl_of-X4, X1-be-is-null,X2-which-Which-null,X3-nationality-nationality-the,X4-creator-creator-the,X6-South-South-null,X5-View-View-null, X1-subj-X2,X1-obj-X3,X1-obl_of-X4,X6-has_name-South,X5-toward-X6,X5-has_name-View,X1-obl_of-X5, X1-be-is-null,X2-which-Which-null,X3-nationality-nationality-the,X4-creator-creator-the,X5-View-View-null,X6-South-South-null, X1-subj-X2,X1-obj-X3,X1-obl_of-X4,X5-has_name-View,X1-obl_of-X5,X6-has_name-South,X1-obl_toward-X6, X1-be-is-null,X2-which-Which-null,X3-nationality-nationality-the,X5-View-View-null,X6-South-South-null,X4-creator-creator-the, X1-subj-X2,X1-obj-X3,X5-has_name-View,X4-of-X5,X6-has_name-South,X4-toward-X6,X1-obl_of-X4, X1-be-is-null,X2-which-Which-null,X4-creator-creator-the,X6-South-South-null,X5-View-View-null,X3-nationality-nationality-the, X1-subj-X2,X3-of-X4,X6-has_name-South,X5-toward-X6,X5-has_name-View,X3-of-X5,X1-obj-X3, X1-be-is-null,X2-which-Which-null,X5-South-South-null,X4-View-View-null,X3-nationality-nationality-the,X6-creator-creator-the, X1-subj-X2,X5-has_name-South,X4-toward-X5,X4-has_name-View,X3-of-X4,X1-obj-X3,X1-obl_of-X6, X1-be-is-null,X2-which-Which-null,X4-creator-creator-the,X3-nationality-nationality-the,X6-South-South-null,X5-View-View-null, X1-subj-X2,X3-of-X4,X1-obj-X3,X6-has_name-South,X5-toward-X6,X5-has_name-View,X1-obl_of-X5, X1-be-is-null,X2-which-Which-null,X4-creator-creator-the,X5-View-View-null,X6-South-South-null,X3-nationality-nationality-the, X1-subj-X2,X3-of-X4,X5-has_name-View,X3-of-X5,X6-has_name-South,X3-toward-X6,X1-obj-X3, X1-be-is-null,X2-which-Which-null,X5-View-View-null,X6-South-South-null,X4-creator-creator-the,X3-nationality-nationality-the, X1-subj-X2,X5-has_name-View,X4-of-X5,X6-has_name-South,X4-toward-X6,X3-of-X4,X1-obj-X3,",Incorrect partial DRS,null,null
472,Which is the nationality of the creator of Village Square?," X1-be-is-null,X2-which-Which-null,X5-Village Square-Village Square-null,X4-creator-creator-the,X3-nationality-nationality-the, X1-subj-X2,X5-has_name-Village Square,X4-of-X5,X3-of-X4,X1-obj-X3, X1-be-is-null,X2-which-Which-null,X3-nationality-nationality-the,X5-Village Square-Village Square-null,X4-creator-creator-the, X1-subj-X2,X1-obj-X3,X5-has_name-Village Square,X4-of-X5,X1-obl_of-X4, X1-be-is-null,X2-which-Which-null,X3-nationality-nationality-the,X4-creator-creator-the,X5-Village Square-Village Square-null, X1-subj-X2,X1-obj-X3,X1-obl_of-X4,X5-has_name-Village Square,X1-obl_of-X5, X1-be-is-null,X2-which-Which-null,X4-creator-creator-the,X5-Village Square-Village Square-null,X3-nationality-nationality-the, X1-subj-X2,X3-of-X4,X5-has_name-Village Square,X3-of-X5,X1-obj-X3, X1-be-is-null,X2-which-Which-null,X4-Village Square-Village Square-null,X3-nationality-nationality-the,X5-creator-creator-the, X1-subj-X2,X4-has_name-Village Square,X3-of-X4,X1-obj-X3,X1-obl_of-X5, X1-be-is-null,X2-which-Which-null,X4-creator-creator-the,X3-nationality-nationality-the,X5-Village Square-Village Square-null, X1-subj-X2,X3-of-X4,X1-obj-X3,X5-has_name-Village Square,X1-obl_of-X5,","Drs [
 tokens=[],
 dEntities=[
DEntity(X1, be, is, VERB, null, false, Query1, Query), 
DEntity(X2, which, Which, PRON, null, false, Qualifier2, Qualifier), 
DEntity(X5, Village Square, Village Square, PROPN, null, false, Artefact3, Artefact), 
DEntity(X4, creator, creator, NOUN, the, false, Artist4, Artist), 
DEntity(X3, nationality, nationality, NOUN, the, false, ConceptArtist5, ConceptArtist)],
 dConditions=[
DCondition(X1, subj, X2, propriedades= [qQualifier] --- []), 
DCondition(X5, has_name, Village Square, propriedades= [] --- [has_name, has_text, who]), 
DCondition(X4, of, X5, propriedades= [author_of] --- []), 
DCondition(X3, of, X4, propriedades= [conc_of_Artist] --- []), 
DCondition(X1, obj, X3, propriedades= [select] --- []), 
DCondition(X1, has_text, be, propriedades= [] --- [has_name, has_text, who]), 
DCondition(X2, has_text, which, propriedades= [] --- [has_name, has_text, who]), 
DCondition(X5, has_text, Village Square, propriedades= [] --- [has_name, has_text, who]), 
DCondition(X4, has_text, creator, propriedades= [] --- [has_name, has_text, who]), 
DCondition(X3, has_text, nationality, propriedades= [] --- [has_name, has_text, who]), 
DCondition(X2, has_name, null list, propriedades= [] --- [has_name, has_text, who]), 
DCondition(X1, obj, X2, propriedades= [qQualifier] --- [])]
 solu��es = []
 numeroFrase = 0
 numHasNames = 2
 numIndividuals = 5
 numEntitiesOk = 10
 numIsClass = 0
 numPropsOk = 5
 numEntitiesNOk = 0
 numClassesOk = 4]"," PREFIX rdf: <http://www.w3.org/1999/02/22-rdf-syntax-ns#> PREFIX xsd: <http://www.w3.org/2001/XMLSchema#> PREFIX rdfs: <http://www.w3.org/2000/01/rdf-schema#> PREFIX cidoc: <http://www.cidoc-crm.org/cidoc-crm/> SELECT  DISTINCT  ?snameConceptArtist5 ?ConceptArtist5 ?snameArtefact3 ?Artefact3 WHERE { {{?Artefact3 cidoc:P131_is_identified_by ?nameArtefact3 . ?nameArtefact3 rdf:value ?snameArtefact3 .}  UNION {?Artefact3 rdfs:label ?snameArtefact3 .}}  filter(regex(?snameArtefact3,""Village Square"",""i"")) . ?prod cidoc:P14_carried_out_by ?Artist4 . ?Artefact3 cidoc:P108i_was_produced_by ?prod . ?Artist4 rdfs:label ?snameArtist4 . ?Artist4 cidoc:P107i_is_current_or_former_member_of ?ConceptArtist5. ?ConceptArtist5 rdfs:label ?snameConceptArtist5. }",true
473,Which is the nationality of the creator of Virga?," X1-be-is-null,X2-which-Which-null,X5-Virga-Virga-null,X4-creator-creator-the,X3-nationality-nationality-the, X1-subj-X2,X5-has_name-Virga,X4-of-X5,X3-of-X4,X1-obj-X3, X1-be-is-null,X2-which-Which-null,X3-nationality-nationality-the,X5-Virga-Virga-null,X4-creator-creator-the, X1-subj-X2,X1-obj-X3,X5-has_name-Virga,X4-of-X5,X1-obl_of-X4, X1-be-is-null,X2-which-Which-null,X3-nationality-nationality-the,X4-creator-creator-the,X5-Virga-Virga-null, X1-subj-X2,X1-obj-X3,X1-obl_of-X4,X5-has_name-Virga,X1-obl_of-X5, X1-be-is-null,X2-which-Which-null,X4-creator-creator-the,X5-Virga-Virga-null,X3-nationality-nationality-the, X1-subj-X2,X3-of-X4,X5-has_name-Virga,X3-of-X5,X1-obj-X3, X1-be-is-null,X2-which-Which-null,X4-Virga-Virga-null,X3-nationality-nationality-the,X5-creator-creator-the, X1-subj-X2,X4-has_name-Virga,X3-of-X4,X1-obj-X3,X1-obl_of-X5, X1-be-is-null,X2-which-Which-null,X4-creator-creator-the,X3-nationality-nationality-the,X5-Virga-Virga-null, X1-subj-X2,X3-of-X4,X1-obj-X3,X5-has_name-Virga,X1-obl_of-X5,","Drs [
 tokens=[],
 dEntities=[
DEntity(X1, be, is, VERB, null, false, Query1, Query), 
DEntity(X2, which, Which, PRON, null, false, Qualifier2, Qualifier), 
DEntity(X5, Virga, Virga, PROPN, null, false, Artefact3, Artefact), 
DEntity(X4, creator, creator, NOUN, the, false, Artist4, Artist), 
DEntity(X3, nationality, nationality, NOUN, the, false, ConceptArtist5, ConceptArtist)],
 dConditions=[
DCondition(X1, subj, X2, propriedades= [qQualifier] --- []), 
DCondition(X5, has_name, Virga, propriedades= [] --- [has_name, has_text, who]), 
DCondition(X4, of, X5, propriedades= [author_of] --- []), 
DCondition(X3, of, X4, propriedades= [conc_of_Artist] --- []), 
DCondition(X1, obj, X3, propriedades= [select] --- []), 
DCondition(X1, has_text, be, propriedades= [] --- [has_name, has_text, who]), 
DCondition(X2, has_text, which, propriedades= [] --- [has_name, has_text, who]), 
DCondition(X5, has_text, Virga, propriedades= [] --- [has_name, has_text, who]), 
DCondition(X4, has_text, creator, propriedades= [] --- [has_name, has_text, who]), 
DCondition(X3, has_text, nationality, propriedades= [] --- [has_name, has_text, who]), 
DCondition(X2, has_name, null list, propriedades= [] --- [has_name, has_text, who]), 
DCondition(X1, obj, X2, propriedades= [qQualifier] --- [])]
 solu��es = []
 numeroFrase = 0
 numHasNames = 2
 numIndividuals = 5
 numEntitiesOk = 10
 numIsClass = 0
 numPropsOk = 5
 numEntitiesNOk = 0
 numClassesOk = 4]"," PREFIX rdf: <http://www.w3.org/1999/02/22-rdf-syntax-ns#> PREFIX xsd: <http://www.w3.org/2001/XMLSchema#> PREFIX rdfs: <http://www.w3.org/2000/01/rdf-schema#> PREFIX cidoc: <http://www.cidoc-crm.org/cidoc-crm/> SELECT  DISTINCT  ?snameConceptArtist5 ?ConceptArtist5 ?snameArtefact3 ?Artefact3 WHERE { {{?Artefact3 cidoc:P131_is_identified_by ?nameArtefact3 . ?nameArtefact3 rdf:value ?snameArtefact3 .}  UNION {?Artefact3 rdfs:label ?snameArtefact3 .}}  filter(regex(?snameArtefact3,""Virga"",""i"")) . ?prod cidoc:P14_carried_out_by ?Artist4 . ?Artefact3 cidoc:P108i_was_produced_by ?prod . ?Artist4 rdfs:label ?snameArtist4 . ?Artist4 cidoc:P107i_is_current_or_former_member_of ?ConceptArtist5. ?ConceptArtist5 rdfs:label ?snameConceptArtist5. }",true
474,Which is the nationality of the creator of Wall of Light Red Grey?,,Incorrect Stanza Parsing,null,null
475,Which is the nationality of the creator of Ward Heelers?," X1-be-is-null,X2-which-Which-null,X5-Ward Heeler-Ward Heelers-null,X4-creator-creator-the,X3-nationality-nationality-the, X1-subj-X2,X5-has_name-Ward Heeler,X4-of-X5,X3-of-X4,X1-obj-X3, X1-be-is-null,X2-which-Which-null,X3-nationality-nationality-the,X5-Ward Heeler-Ward Heelers-null,X4-creator-creator-the, X1-subj-X2,X1-obj-X3,X5-has_name-Ward Heeler,X4-of-X5,X1-obl_of-X4, X1-be-is-null,X2-which-Which-null,X3-nationality-nationality-the,X4-creator-creator-the,X5-Ward Heeler-Ward Heelers-null, X1-subj-X2,X1-obj-X3,X1-obl_of-X4,X5-has_name-Ward Heeler,X1-obl_of-X5, X1-be-is-null,X2-which-Which-null,X4-creator-creator-the,X5-Ward Heeler-Ward Heelers-null,X3-nationality-nationality-the, X1-subj-X2,X3-of-X4,X5-has_name-Ward Heeler,X3-of-X5,X1-obj-X3, X1-be-is-null,X2-which-Which-null,X4-Ward Heeler-Ward Heelers-null,X3-nationality-nationality-the,X5-creator-creator-the, X1-subj-X2,X4-has_name-Ward Heeler,X3-of-X4,X1-obj-X3,X1-obl_of-X5, X1-be-is-null,X2-which-Which-null,X4-creator-creator-the,X3-nationality-nationality-the,X5-Ward Heeler-Ward Heelers-null, X1-subj-X2,X3-of-X4,X1-obj-X3,X5-has_name-Ward Heeler,X1-obl_of-X5,","Drs [
 tokens=[],
 dEntities=[
DEntity(X1, be, is, VERB, null, false, Query1, Query), 
DEntity(X2, which, Which, PRON, null, false, Qualifier2, Qualifier), 
DEntity(X5, Ward Heeler, Ward Heelers, PROPN, null, false, Artefact3, Artefact), 
DEntity(X4, creator, creator, NOUN, the, false, Artist4, Artist), 
DEntity(X3, nationality, nationality, NOUN, the, false, ConceptArtist5, ConceptArtist)],
 dConditions=[
DCondition(X1, subj, X2, propriedades= [qQualifier] --- []), 
DCondition(X5, has_name, Ward Heeler, propriedades= [] --- [has_name, has_text, who]), 
DCondition(X4, of, X5, propriedades= [author_of] --- []), 
DCondition(X3, of, X4, propriedades= [conc_of_Artist] --- []), 
DCondition(X1, obj, X3, propriedades= [select] --- []), 
DCondition(X1, has_text, be, propriedades= [] --- [has_name, has_text, who]), 
DCondition(X2, has_text, which, propriedades= [] --- [has_name, has_text, who]), 
DCondition(X5, has_text, Ward Heeler, propriedades= [] --- [has_name, has_text, who]), 
DCondition(X4, has_text, creator, propriedades= [] --- [has_name, has_text, who]), 
DCondition(X3, has_text, nationality, propriedades= [] --- [has_name, has_text, who]), 
DCondition(X2, has_name, null list, propriedades= [] --- [has_name, has_text, who]), 
DCondition(X1, obj, X2, propriedades= [qQualifier] --- [])]
 solu��es = []
 numeroFrase = 0
 numHasNames = 2
 numIndividuals = 5
 numEntitiesOk = 10
 numIsClass = 0
 numPropsOk = 5
 numEntitiesNOk = 0
 numClassesOk = 4]"," PREFIX rdf: <http://www.w3.org/1999/02/22-rdf-syntax-ns#> PREFIX xsd: <http://www.w3.org/2001/XMLSchema#> PREFIX rdfs: <http://www.w3.org/2000/01/rdf-schema#> PREFIX cidoc: <http://www.cidoc-crm.org/cidoc-crm/> SELECT  DISTINCT  ?snameConceptArtist5 ?ConceptArtist5 ?snameArtefact3 ?Artefact3 WHERE { {{?Artefact3 cidoc:P131_is_identified_by ?nameArtefact3 . ?nameArtefact3 rdf:value ?snameArtefact3 .}  UNION {?Artefact3 rdfs:label ?snameArtefact3 .}}  filter(regex(?snameArtefact3,""Ward Heeler"",""i"")) . ?prod cidoc:P14_carried_out_by ?Artist4 . ?Artefact3 cidoc:P108i_was_produced_by ?prod . ?Artist4 rdfs:label ?snameArtist4 . ?Artist4 cidoc:P107i_is_current_or_former_member_of ?ConceptArtist5. ?ConceptArtist5 rdfs:label ?snameConceptArtist5. }",true
476,"Which is the nationality of the creator of Water Carrier, Venice?"," X1-be-is-null,X2-which-Which-null,X5-Water Carrier-Water Carrier-null,X4-creator-creator-the,X3-nationality-nationality-the, X1-subj-X2,X5-has_name-Venice,X5-has_name-Water Carrier,X4-of-X5,X3-of-X4,X1-obj-X3, X1-be-is-null,X2-which-Which-null,X3-nationality-nationality-the,X5-Water Carrier-Water Carrier-null,X4-creator-creator-the, X1-subj-X2,X1-obj-X3,X5-has_name-Venice,X5-has_name-Water Carrier,X4-of-X5,X1-obl_of-X4, X1-be-is-null,X2-which-Which-null,X3-nationality-nationality-the,X4-creator-creator-the,X5-Water Carrier-Water Carrier-null, X1-subj-X2,X1-obj-X3,X1-obl_of-X4,X5-has_name-Venice,X5-has_name-Water Carrier,X1-obl_of-X5, X1-be-is-null,X2-which-Which-null,X4-creator-creator-the,X5-Water Carrier-Water Carrier-null,X3-nationality-nationality-the, X1-subj-X2,X3-of-X4,X5-has_name-Venice,X5-has_name-Water Carrier,X3-of-X5,X1-obj-X3, X1-be-is-null,X2-which-Which-null,X4-Water Carrier-Water Carrier-null,X3-nationality-nationality-the,X5-creator-creator-the, X1-subj-X2,X4-has_name-Venice,X4-has_name-Water Carrier,X3-of-X4,X1-obj-X3,X1-obl_of-X5, X1-be-is-null,X2-which-Which-null,X4-creator-creator-the,X3-nationality-nationality-the,X5-Water Carrier-Water Carrier-null, X1-subj-X2,X3-of-X4,X1-obj-X3,X5-has_name-Venice,X5-has_name-Water Carrier,X1-obl_of-X5,","Drs [
 tokens=[],
 dEntities=[
DEntity(X1, be, is, VERB, null, false, Query1, Query), 
DEntity(X2, which, Which, PRON, null, false, Qualifier2, Qualifier), 
DEntity(X5, Water Carrier, Water Carrier, PROPN, null, false, Artefact3, Artefact), 
DEntity(X4, creator, creator, NOUN, the, false, Artist4, Artist), 
DEntity(X3, nationality, nationality, NOUN, the, false, ConceptArtist5, ConceptArtist)],
 dConditions=[
DCondition(X1, subj, X2, propriedades= [qQualifier] --- []), 
DCondition(X5, has_name, Venice, propriedades= [] --- [has_name, has_text, who]), 
DCondition(X5, has_name, Water Carrier, propriedades= [] --- [has_name, has_text, who]), 
DCondition(X4, of, X5, propriedades= [author_of] --- []), 
DCondition(X3, of, X4, propriedades= [conc_of_Artist] --- []), 
DCondition(X1, obj, X3, propriedades= [select] --- []), 
DCondition(X1, has_text, be, propriedades= [] --- [has_name, has_text, who]), 
DCondition(X2, has_text, which, propriedades= [] --- [has_name, has_text, who]), 
DCondition(X5, has_text, Water Carrier, propriedades= [] --- [has_name, has_text, who]), 
DCondition(X4, has_text, creator, propriedades= [] --- [has_name, has_text, who]), 
DCondition(X3, has_text, nationality, propriedades= [] --- [has_name, has_text, who]), 
DCondition(X2, has_name, null list, propriedades= [] --- [has_name, has_text, who]), 
DCondition(X1, obj, X2, propriedades= [qQualifier] --- [])]
 solu��es = []
 numeroFrase = 0
 numHasNames = 3
 numIndividuals = 5
 numEntitiesOk = 10
 numIsClass = 0
 numPropsOk = 5
 numEntitiesNOk = 0
 numClassesOk = 4]"," PREFIX rdf: <http://www.w3.org/1999/02/22-rdf-syntax-ns#> PREFIX xsd: <http://www.w3.org/2001/XMLSchema#> PREFIX rdfs: <http://www.w3.org/2000/01/rdf-schema#> PREFIX cidoc: <http://www.cidoc-crm.org/cidoc-crm/> SELECT  DISTINCT  ?snameConceptArtist5 ?ConceptArtist5 ?snameArtefact3 ?Artefact3 WHERE { {{?Artefact3 cidoc:P131_is_identified_by ?nameArtefact3 . ?nameArtefact3 rdf:value ?snameArtefact3 .}  UNION {?Artefact3 rdfs:label ?snameArtefact3 .}}  filter(regex(?snameArtefact3,""Water Carrier"",""i"")) . {{?Artefact3 cidoc:P131_is_identified_by ?nameArtefact3 . ?nameArtefact3 rdf:value ?snameArtefact3 .}  UNION {?Artefact3 rdfs:label ?snameArtefact3 .}}  filter(regex(?snameArtefact3,""Venice"",""i"")) . ?prod cidoc:P14_carried_out_by ?Artist4 . ?Artefact3 cidoc:P108i_was_produced_by ?prod . ?Artist4 rdfs:label ?snameArtist4 . ?Artist4 cidoc:P107i_is_current_or_former_member_of ?ConceptArtist5. ?ConceptArtist5 rdfs:label ?snameConceptArtist5. }",true
477,Which is the nationality of the creator of Weighing In?,,Incorrect Stanza Parsing,null,null
478,"Which is the nationality of the creator of Wharf Scene, Gloucester?"," X1-be-is-null,X2-which-Which-null,X5-Wharf scene-Wharf Scene-null,X4-creator-creator-the,X3-nationality-nationality-the, X1-subj-X2,X5-has_name-Gloucester,X5-has_name-Wharf scene,X4-of-X5,X3-of-X4,X1-obj-X3, X1-be-is-null,X2-which-Which-null,X3-nationality-nationality-the,X5-Wharf scene-Wharf Scene-null,X4-creator-creator-the, X1-subj-X2,X1-obj-X3,X5-has_name-Gloucester,X5-has_name-Wharf scene,X4-of-X5,X1-obl_of-X4, X1-be-is-null,X2-which-Which-null,X3-nationality-nationality-the,X4-creator-creator-the,X5-Wharf scene-Wharf Scene-null, X1-subj-X2,X1-obj-X3,X1-obl_of-X4,X5-has_name-Gloucester,X5-has_name-Wharf scene,X1-obl_of-X5, X1-be-is-null,X2-which-Which-null,X4-creator-creator-the,X5-Wharf scene-Wharf Scene-null,X3-nationality-nationality-the, X1-subj-X2,X3-of-X4,X5-has_name-Gloucester,X5-has_name-Wharf scene,X3-of-X5,X1-obj-X3, X1-be-is-null,X2-which-Which-null,X4-Wharf scene-Wharf Scene-null,X3-nationality-nationality-the,X5-creator-creator-the, X1-subj-X2,X4-has_name-Gloucester,X4-has_name-Wharf scene,X3-of-X4,X1-obj-X3,X1-obl_of-X5, X1-be-is-null,X2-which-Which-null,X4-creator-creator-the,X3-nationality-nationality-the,X5-Wharf scene-Wharf Scene-null, X1-subj-X2,X3-of-X4,X1-obj-X3,X5-has_name-Gloucester,X5-has_name-Wharf scene,X1-obl_of-X5, X1-be-is-null,X2-which-Which-null,X6-Gloucester-Gloucester-null,X5-Wharf scene-Wharf Scene-null,X4-creator-creator-the,X3-nationality-nationality-the, X1-subj-X2,X6-has_name-Gloucester,X5-rel-X6,X5-has_name-Wharf scene,X4-of-X5,X3-of-X4,X1-obj-X3, X1-be-is-null,X2-which-Which-null,X3-nationality-nationality-the,X6-Gloucester-Gloucester-null,X5-Wharf scene-Wharf Scene-null,X4-creator-creator-the, X1-subj-X2,X1-obj-X3,X6-has_name-Gloucester,X5-rel-X6,X5-has_name-Wharf scene,X4-of-X5,X1-obl_of-X4, X1-be-is-null,X2-which-Which-null,X3-nationality-nationality-the,X4-creator-creator-the,X6-Gloucester-Gloucester-null,X5-Wharf scene-Wharf Scene-null, X1-subj-X2,X1-obj-X3,X1-obl_of-X4,X6-has_name-Gloucester,X5-rel-X6,X5-has_name-Wharf scene,X1-obl_of-X5, X1-be-is-null,X2-which-Which-null,X4-creator-creator-the,X6-Gloucester-Gloucester-null,X5-Wharf scene-Wharf Scene-null,X3-nationality-nationality-the, X1-subj-X2,X3-of-X4,X6-has_name-Gloucester,X5-rel-X6,X5-has_name-Wharf scene,X3-of-X5,X1-obj-X3, X1-be-is-null,X2-which-Which-null,X5-Gloucester-Gloucester-null,X4-Wharf scene-Wharf Scene-null,X3-nationality-nationality-the,X6-creator-creator-the, X1-subj-X2,X5-has_name-Gloucester,X4-rel-X5,X4-has_name-Wharf scene,X3-of-X4,X1-obj-X3,X1-obl_of-X6, X1-be-is-null,X2-which-Which-null,X4-creator-creator-the,X3-nationality-nationality-the,X6-Gloucester-Gloucester-null,X5-Wharf scene-Wharf Scene-null, X1-subj-X2,X3-of-X4,X1-obj-X3,X6-has_name-Gloucester,X5-rel-X6,X5-has_name-Wharf scene,X1-obl_of-X5,",Incorrect partial DRS,null,null
479,Which is the nationality of the creator of Wheat Bottle?," X1-be-is-null,X2-which-Which-null,X5-Wheat bottle-Wheat Bottle-null,X4-creator-creator-the,X3-nationality-nationality-the, X1-subj-X2,X4-of-X5,X3-of-X4,X1-obj-X3, X1-be-is-null,X2-which-Which-null,X3-nationality-nationality-the,X5-Wheat bottle-Wheat Bottle-null,X4-creator-creator-the, X1-subj-X2,X1-obj-X3,X4-of-X5,X1-obl_of-X4, X1-be-is-null,X2-which-Which-null,X3-nationality-nationality-the,X4-creator-creator-the,X5-Wheat bottle-Wheat Bottle-null, X1-subj-X2,X1-obj-X3,X1-obl_of-X4,X1-obl_of-X5, X1-be-is-null,X2-which-Which-null,X4-creator-creator-the,X5-Wheat bottle-Wheat Bottle-null,X3-nationality-nationality-the, X1-subj-X2,X3-of-X4,X3-of-X5,X1-obj-X3, X1-be-is-null,X2-which-Which-null,X4-Wheat bottle-Wheat Bottle-null,X3-nationality-nationality-the,X5-creator-creator-the, X1-subj-X2,X3-of-X4,X1-obj-X3,X1-obl_of-X5, X1-be-is-null,X2-which-Which-null,X4-creator-creator-the,X3-nationality-nationality-the,X5-Wheat bottle-Wheat Bottle-null, X1-subj-X2,X3-of-X4,X1-obj-X3,X1-obl_of-X5,","Drs [
 tokens=[],
 dEntities=[
DEntity(X1, be, is, VERB, null, false, Query1, Query), 
DEntity(X2, which, Which, PRON, null, false, Qualifier2, Qualifier), 
DEntity(X5, Wheat bottle, Wheat Bottle, NOUN, null, false, Artefact3, Artefact), 
DEntity(X4, creator, creator, NOUN, the, false, Artist4, Artist), 
DEntity(X3, nationality, nationality, NOUN, the, false, ConceptArtist5, ConceptArtist)],
 dConditions=[
DCondition(X1, subj, X2, propriedades= [qQualifier] --- []), 
DCondition(X4, of, X5, propriedades= [author_of] --- []), 
DCondition(X3, of, X4, propriedades= [conc_of_Artist] --- []), 
DCondition(X1, obj, X3, propriedades= [select] --- []), 
DCondition(X1, has_text, be, propriedades= [] --- [has_name, has_text, who]), 
DCondition(X2, has_text, which, propriedades= [] --- [has_name, has_text, who]), 
DCondition(X5, has_text, Wheat bottle, propriedades= [] --- [has_name, has_text, who]), 
DCondition(X4, has_text, creator, propriedades= [] --- [has_name, has_text, who]), 
DCondition(X3, has_text, nationality, propriedades= [] --- [has_name, has_text, who]), 
DCondition(X2, has_name, null list, propriedades= [] --- [has_name, has_text, who]), 
DCondition(X1, obj, X2, propriedades= [qQualifier] --- [])]
 solu��es = []
 numeroFrase = 0
 numHasNames = 1
 numIndividuals = 5
 numEntitiesOk = 10
 numIsClass = 0
 numPropsOk = 5
 numEntitiesNOk = 0
 numClassesOk = 4]", PREFIX rdf: <http://www.w3.org/1999/02/22-rdf-syntax-ns#> PREFIX xsd: <http://www.w3.org/2001/XMLSchema#> PREFIX rdfs: <http://www.w3.org/2000/01/rdf-schema#> PREFIX cidoc: <http://www.cidoc-crm.org/cidoc-crm/> SELECT  DISTINCT  ?snameConceptArtist5 ?ConceptArtist5 WHERE { ?prod cidoc:P14_carried_out_by ?Artist4 . ?Artefact3 cidoc:P108i_was_produced_by ?prod . ?Artist4 rdfs:label ?snameArtist4 . ?Artist4 cidoc:P107i_is_current_or_former_member_of ?ConceptArtist5. ?ConceptArtist5 rdfs:label ?snameConceptArtist5. },false
480,Which is the nationality of the creator of Where the Junk Sails Lift?," X1-be-is-null,X2-which-Which-null,X5-where-Where-null,X6-Junk sail Lift-Junk Sails Lift-the,X4-creator-creator-the,X3-nationality-nationality-the, X1-subj-X2,X4-of-X5,X6-has_name-Junk sail Lift,X4-rel-X6,X3-of-X4,X1-obj-X3, X1-be-is-null,X2-which-Which-null,X3-nationality-nationality-the,X5-where-Where-null,X6-Junk sail Lift-Junk Sails Lift-the,X4-creator-creator-the, X1-subj-X2,X1-obj-X3,X4-of-X5,X6-has_name-Junk sail Lift,X4-rel-X6,X1-obl_of-X4, X1-be-is-null,X2-which-Which-null,X3-nationality-nationality-the,X5-Junk sail Lift-Junk Sails Lift-the,X4-creator-creator-the,X6-where-Where-null, X1-subj-X2,X1-obj-X3,X5-has_name-Junk sail Lift,X4-rel-X5,X1-obl_of-X4,X1-obl_of-X6, X1-be-is-null,X2-which-Which-null,X5-Junk sail Lift-Junk Sails Lift-the,X4-creator-creator-the,X6-where-Where-null,X3-nationality-nationality-the, X1-subj-X2,X5-has_name-Junk sail Lift,X4-rel-X5,X3-of-X4,X3-of-X6,X1-obj-X3, X1-be-is-null,X2-which-Which-null,X4-where-Where-null,X3-nationality-nationality-the,X6-Junk sail Lift-Junk Sails Lift-the,X5-creator-creator-the, X1-subj-X2,X3-of-X4,X1-obj-X3,X6-has_name-Junk sail Lift,X5-rel-X6,X1-obl_of-X5, X1-be-is-null,X2-which-Which-null,X5-Junk sail Lift-Junk Sails Lift-the,X4-creator-creator-the,X3-nationality-nationality-the,X6-where-Where-null, X1-subj-X2,X5-has_name-Junk sail Lift,X4-rel-X5,X3-of-X4,X1-obj-X3,X1-obl_of-X6,",Incorrect partial DRS,null,null
481,Which is the nationality of the creator of White Daisies Rhapsody?,,Incorrect Stanza Parsing,null,null
482,Which is the nationality of the creator of Wild Duck Shooting?," X1-be-is-null,X2-which-Which-null,X5-Duck Shooting-Duck Shooting-null,X4-creator-creator-the,X3-nationality-nationality-the, X1-subj-X2,X5-wild-true,X5-has_name-Duck Shooting,X4-of-X5,X3-of-X4,X1-obj-X3, X1-be-is-null,X2-which-Which-null,X5-Duck Shooting-Duck Shooting-null,X4-creator-creator-the,X3-nationality-nationality-the, X1-subj-X2,X5-has_name-Wild,X5-has_name-Duck Shooting,X4-of-X5,X3-of-X4,X1-obj-X3, X1-be-is-null,X2-which-Which-null,X5-Duck Wild Shooting-Duck Wild Shooting-null,X4-creator-creator-the,X3-nationality-nationality-the, X1-subj-X2,X5-has_name-Duck Wild Shooting,X4-of-X5,X3-of-X4,X1-obj-X3, X1-be-is-null,X2-which-Which-null,X3-nationality-nationality-the,X5-Duck Shooting-Duck Shooting-null,X4-creator-creator-the, X1-subj-X2,X1-obj-X3,X5-wild-true,X5-has_name-Duck Shooting,X4-of-X5,X1-obl_of-X4, X1-be-is-null,X2-which-Which-null,X3-nationality-nationality-the,X5-Duck Shooting-Duck Shooting-null,X4-creator-creator-the, X1-subj-X2,X1-obj-X3,X5-has_name-Wild,X5-has_name-Duck Shooting,X4-of-X5,X1-obl_of-X4, X1-be-is-null,X2-which-Which-null,X3-nationality-nationality-the,X5-Duck Wild Shooting-Duck Wild Shooting-null,X4-creator-creator-the, X1-subj-X2,X1-obj-X3,X5-has_name-Duck Wild Shooting,X4-of-X5,X1-obl_of-X4, X1-be-is-null,X2-which-Which-null,X3-nationality-nationality-the,X4-creator-creator-the,X5-Duck Shooting-Duck Shooting-null, X1-subj-X2,X1-obj-X3,X1-obl_of-X4,X5-wild-true,X5-has_name-Duck Shooting,X1-obl_of-X5, X1-be-is-null,X2-which-Which-null,X3-nationality-nationality-the,X4-creator-creator-the,X5-Duck Shooting-Duck Shooting-null, X1-subj-X2,X1-obj-X3,X1-obl_of-X4,X5-has_name-Wild,X5-has_name-Duck Shooting,X1-obl_of-X5, X1-be-is-null,X2-which-Which-null,X3-nationality-nationality-the,X4-creator-creator-the,X5-Duck Wild Shooting-Duck Wild Shooting-null, X1-subj-X2,X1-obj-X3,X1-obl_of-X4,X5-has_name-Duck Wild Shooting,X1-obl_of-X5, X1-be-is-null,X2-which-Which-null,X4-creator-creator-the,X5-Duck Shooting-Duck Shooting-null,X3-nationality-nationality-the, X1-subj-X2,X3-of-X4,X5-wild-true,X5-has_name-Duck Shooting,X3-of-X5,X1-obj-X3, X1-be-is-null,X2-which-Which-null,X4-creator-creator-the,X5-Duck Shooting-Duck Shooting-null,X3-nationality-nationality-the, X1-subj-X2,X3-of-X4,X5-has_name-Wild,X5-has_name-Duck Shooting,X3-of-X5,X1-obj-X3, X1-be-is-null,X2-which-Which-null,X4-creator-creator-the,X5-Duck Wild Shooting-Duck Wild Shooting-null,X3-nationality-nationality-the, X1-subj-X2,X3-of-X4,X5-has_name-Duck Wild Shooting,X3-of-X5,X1-obj-X3, X1-be-is-null,X2-which-Which-null,X4-Duck Shooting-Duck Shooting-null,X3-nationality-nationality-the,X5-creator-creator-the, X1-subj-X2,X4-wild-true,X4-has_name-Duck Shooting,X3-of-X4,X1-obj-X3,X1-obl_of-X5, X1-be-is-null,X2-which-Which-null,X4-Duck Shooting-Duck Shooting-null,X3-nationality-nationality-the,X5-creator-creator-the, X1-subj-X2,X4-has_name-Wild,X4-has_name-Duck Shooting,X3-of-X4,X1-obj-X3,X1-obl_of-X5, X1-be-is-null,X2-which-Which-null,X4-Duck Wild Shooting-Duck Wild Shooting-null,X3-nationality-nationality-the,X5-creator-creator-the, X1-subj-X2,X4-has_name-Duck Wild Shooting,X3-of-X4,X1-obj-X3,X1-obl_of-X5, X1-be-is-null,X2-which-Which-null,X4-creator-creator-the,X3-nationality-nationality-the,X5-Duck Shooting-Duck Shooting-null, X1-subj-X2,X3-of-X4,X1-obj-X3,X5-wild-true,X5-has_name-Duck Shooting,X1-obl_of-X5, X1-be-is-null,X2-which-Which-null,X4-creator-creator-the,X3-nationality-nationality-the,X5-Duck Shooting-Duck Shooting-null, X1-subj-X2,X3-of-X4,X1-obj-X3,X5-has_name-Wild,X5-has_name-Duck Shooting,X1-obl_of-X5, X1-be-is-null,X2-which-Which-null,X4-creator-creator-the,X3-nationality-nationality-the,X5-Duck Wild Shooting-Duck Wild Shooting-null, X1-subj-X2,X3-of-X4,X1-obj-X3,X5-has_name-Duck Wild Shooting,X1-obl_of-X5,",Incorrect partial DRS,null,null
483,Which is the nationality of the creator of Will I Survive?," X1-be-is-null,X2-which-Which-null,X5-I-I-null,X6-survive-Survive-of,X4-creator-creator-the,X3-nationality-nationality-the, X1-subj-X2,X6-subj-X5,X3-of-X4,X1-obj-X3,X6-subj-X4, X1-be-is-null,X2-which-Which-null,X3-nationality-nationality-the,X5-I-I-null,X6-survive-Survive-of,X4-creator-creator-the, X1-subj-X2,X1-obj-X3,X6-subj-X5,X1-obl_of-X4,X6-subj-X4,X1-obl-X4,",Incorrect partial DRS,null,null
484,Which is the nationality of the creator of William H. King?," X1-be-is-null,X2-which-Which-null,X5-William H. King-William-null,X4-creator-creator-the,X3-nationality-nationality-the, X1-subj-X2,X5-has_name-William H. King,X4-of-X5,X3-of-X4,X1-obj-X3, X1-be-is-null,X2-which-Which-null,X3-nationality-nationality-the,X5-William H. King-William-null,X4-creator-creator-the, X1-subj-X2,X1-obj-X3,X5-has_name-William H. King,X4-of-X5,X1-obl_of-X4, X1-be-is-null,X2-which-Which-null,X3-nationality-nationality-the,X4-creator-creator-the,X5-William H. King-William-null, X1-subj-X2,X1-obj-X3,X1-obl_of-X4,X5-has_name-William H. King,X1-obl_of-X5, X1-be-is-null,X2-which-Which-null,X4-creator-creator-the,X5-William H. King-William-null,X3-nationality-nationality-the, X1-subj-X2,X3-of-X4,X5-has_name-William H. King,X3-of-X5,X1-obj-X3, X1-be-is-null,X2-which-Which-null,X4-William H. King-William-null,X3-nationality-nationality-the,X5-creator-creator-the, X1-subj-X2,X4-has_name-William H. King,X3-of-X4,X1-obj-X3,X1-obl_of-X5, X1-be-is-null,X2-which-Which-null,X4-creator-creator-the,X3-nationality-nationality-the,X5-William H. King-William-null, X1-subj-X2,X3-of-X4,X1-obj-X3,X5-has_name-William H. King,X1-obl_of-X5,","Drs [
 tokens=[],
 dEntities=[
DEntity(X1, be, is, VERB, null, false, Query1, Query), 
DEntity(X2, which, Which, PRON, null, false, Qualifier2, Qualifier), 
DEntity(X5, William H. King, William, PROPN, null, false, Artefact3, Artefact), 
DEntity(X4, creator, creator, NOUN, the, false, Artist4, Artist), 
DEntity(X3, nationality, nationality, NOUN, the, false, ConceptArtist5, ConceptArtist)],
 dConditions=[
DCondition(X1, subj, X2, propriedades= [qQualifier] --- []), 
DCondition(X5, has_name, William H. King, propriedades= [] --- [has_name, has_text, who]), 
DCondition(X4, of, X5, propriedades= [author_of] --- []), 
DCondition(X3, of, X4, propriedades= [conc_of_Artist] --- []), 
DCondition(X1, obj, X3, propriedades= [select] --- []), 
DCondition(X1, has_text, be, propriedades= [] --- [has_name, has_text, who]), 
DCondition(X2, has_text, which, propriedades= [] --- [has_name, has_text, who]), 
DCondition(X5, has_text, William H. King, propriedades= [] --- [has_name, has_text, who]), 
DCondition(X4, has_text, creator, propriedades= [] --- [has_name, has_text, who]), 
DCondition(X3, has_text, nationality, propriedades= [] --- [has_name, has_text, who]), 
DCondition(X2, has_name, null list, propriedades= [] --- [has_name, has_text, who]), 
DCondition(X1, obj, X2, propriedades= [qQualifier] --- [])]
 solu��es = []
 numeroFrase = 0
 numHasNames = 2
 numIndividuals = 5
 numEntitiesOk = 10
 numIsClass = 0
 numPropsOk = 5
 numEntitiesNOk = 0
 numClassesOk = 4]"," PREFIX rdf: <http://www.w3.org/1999/02/22-rdf-syntax-ns#> PREFIX xsd: <http://www.w3.org/2001/XMLSchema#> PREFIX rdfs: <http://www.w3.org/2000/01/rdf-schema#> PREFIX cidoc: <http://www.cidoc-crm.org/cidoc-crm/> SELECT  DISTINCT  ?snameConceptArtist5 ?ConceptArtist5 ?snameArtefact3 ?Artefact3 WHERE { {{?Artefact3 cidoc:P131_is_identified_by ?nameArtefact3 . ?nameArtefact3 rdf:value ?snameArtefact3 .}  UNION {?Artefact3 rdfs:label ?snameArtefact3 .}}  filter(regex(?snameArtefact3,""William H\\. King"",""i"")) . ?prod cidoc:P14_carried_out_by ?Artist4 . ?Artefact3 cidoc:P108i_was_produced_by ?prod . ?Artist4 rdfs:label ?snameArtist4 . ?Artist4 cidoc:P107i_is_current_or_former_member_of ?ConceptArtist5. ?ConceptArtist5 rdfs:label ?snameConceptArtist5. }",true
485,Which is the nationality of the creator of William Mather Smith?," X1-be-is-null,X2-which-Which-null,X5-William Mather Smith-William-null,X4-creator-creator-the,X3-nationality-nationality-the, X1-subj-X2,X5-has_name-William Mather Smith,X4-of-X5,X3-of-X4,X1-obj-X3, X1-be-is-null,X2-which-Which-null,X3-nationality-nationality-the,X5-William Mather Smith-William-null,X4-creator-creator-the, X1-subj-X2,X1-obj-X3,X5-has_name-William Mather Smith,X4-of-X5,X1-obl_of-X4, X1-be-is-null,X2-which-Which-null,X3-nationality-nationality-the,X4-creator-creator-the,X5-William Mather Smith-William-null, X1-subj-X2,X1-obj-X3,X1-obl_of-X4,X5-has_name-William Mather Smith,X1-obl_of-X5, X1-be-is-null,X2-which-Which-null,X4-creator-creator-the,X5-William Mather Smith-William-null,X3-nationality-nationality-the, X1-subj-X2,X3-of-X4,X5-has_name-William Mather Smith,X3-of-X5,X1-obj-X3, X1-be-is-null,X2-which-Which-null,X4-William Mather Smith-William-null,X3-nationality-nationality-the,X5-creator-creator-the, X1-subj-X2,X4-has_name-William Mather Smith,X3-of-X4,X1-obj-X3,X1-obl_of-X5, X1-be-is-null,X2-which-Which-null,X4-creator-creator-the,X3-nationality-nationality-the,X5-William Mather Smith-William-null, X1-subj-X2,X3-of-X4,X1-obj-X3,X5-has_name-William Mather Smith,X1-obl_of-X5,","Drs [
 tokens=[],
 dEntities=[
DEntity(X1, be, is, VERB, null, false, Query1, Query), 
DEntity(X2, which, Which, PRON, null, false, Qualifier2, Qualifier), 
DEntity(X5, William Mather Smith, William, PROPN, null, false, Artefact3, Artefact), 
DEntity(X4, creator, creator, NOUN, the, false, Artist4, Artist), 
DEntity(X3, nationality, nationality, NOUN, the, false, ConceptArtist5, ConceptArtist)],
 dConditions=[
DCondition(X1, subj, X2, propriedades= [qQualifier] --- []), 
DCondition(X5, has_name, William Mather Smith, propriedades= [] --- [has_name, has_text, who]), 
DCondition(X4, of, X5, propriedades= [author_of] --- []), 
DCondition(X3, of, X4, propriedades= [conc_of_Artist] --- []), 
DCondition(X1, obj, X3, propriedades= [select] --- []), 
DCondition(X1, has_text, be, propriedades= [] --- [has_name, has_text, who]), 
DCondition(X2, has_text, which, propriedades= [] --- [has_name, has_text, who]), 
DCondition(X5, has_text, William Mather Smith, propriedades= [] --- [has_name, has_text, who]), 
DCondition(X4, has_text, creator, propriedades= [] --- [has_name, has_text, who]), 
DCondition(X3, has_text, nationality, propriedades= [] --- [has_name, has_text, who]), 
DCondition(X2, has_name, null list, propriedades= [] --- [has_name, has_text, who]), 
DCondition(X1, obj, X2, propriedades= [qQualifier] --- [])]
 solu��es = []
 numeroFrase = 0
 numHasNames = 2
 numIndividuals = 5
 numEntitiesOk = 10
 numIsClass = 0
 numPropsOk = 5
 numEntitiesNOk = 0
 numClassesOk = 4]"," PREFIX rdf: <http://www.w3.org/1999/02/22-rdf-syntax-ns#> PREFIX xsd: <http://www.w3.org/2001/XMLSchema#> PREFIX rdfs: <http://www.w3.org/2000/01/rdf-schema#> PREFIX cidoc: <http://www.cidoc-crm.org/cidoc-crm/> SELECT  DISTINCT  ?snameConceptArtist5 ?ConceptArtist5 ?snameArtefact3 ?Artefact3 WHERE { {{?Artefact3 cidoc:P131_is_identified_by ?nameArtefact3 . ?nameArtefact3 rdf:value ?snameArtefact3 .}  UNION {?Artefact3 rdfs:label ?snameArtefact3 .}}  filter(regex(?snameArtefact3,""William Mather Smith"",""i"")) . ?prod cidoc:P14_carried_out_by ?Artist4 . ?Artefact3 cidoc:P108i_was_produced_by ?prod . ?Artist4 rdfs:label ?snameArtist4 . ?Artist4 cidoc:P107i_is_current_or_former_member_of ?ConceptArtist5. ?ConceptArtist5 rdfs:label ?snameConceptArtist5. }",true
486,Which is the nationality of the creator of William Thornton?," X1-be-is-null,X2-which-Which-null,X5-William Thornton-William-null,X4-creator-creator-the,X3-nationality-nationality-the, X1-subj-X2,X5-has_name-William Thornton,X4-of-X5,X3-of-X4,X1-obj-X3, X1-be-is-null,X2-which-Which-null,X3-nationality-nationality-the,X5-William Thornton-William-null,X4-creator-creator-the, X1-subj-X2,X1-obj-X3,X5-has_name-William Thornton,X4-of-X5,X1-obl_of-X4, X1-be-is-null,X2-which-Which-null,X3-nationality-nationality-the,X4-creator-creator-the,X5-William Thornton-William-null, X1-subj-X2,X1-obj-X3,X1-obl_of-X4,X5-has_name-William Thornton,X1-obl_of-X5, X1-be-is-null,X2-which-Which-null,X4-creator-creator-the,X5-William Thornton-William-null,X3-nationality-nationality-the, X1-subj-X2,X3-of-X4,X5-has_name-William Thornton,X3-of-X5,X1-obj-X3, X1-be-is-null,X2-which-Which-null,X4-William Thornton-William-null,X3-nationality-nationality-the,X5-creator-creator-the, X1-subj-X2,X4-has_name-William Thornton,X3-of-X4,X1-obj-X3,X1-obl_of-X5, X1-be-is-null,X2-which-Which-null,X4-creator-creator-the,X3-nationality-nationality-the,X5-William Thornton-William-null, X1-subj-X2,X3-of-X4,X1-obj-X3,X5-has_name-William Thornton,X1-obl_of-X5,","Drs [
 tokens=[],
 dEntities=[
DEntity(X1, be, is, VERB, null, false, Query1, Query), 
DEntity(X2, which, Which, PRON, null, false, Qualifier2, Qualifier), 
DEntity(X5, William Thornton, William, PROPN, null, false, Artefact3, Artefact), 
DEntity(X4, creator, creator, NOUN, the, false, Artist4, Artist), 
DEntity(X3, nationality, nationality, NOUN, the, false, ConceptArtist5, ConceptArtist)],
 dConditions=[
DCondition(X1, subj, X2, propriedades= [qQualifier] --- []), 
DCondition(X5, has_name, William Thornton, propriedades= [] --- [has_name, has_text, who]), 
DCondition(X4, of, X5, propriedades= [author_of] --- []), 
DCondition(X3, of, X4, propriedades= [conc_of_Artist] --- []), 
DCondition(X1, obj, X3, propriedades= [select] --- []), 
DCondition(X1, has_text, be, propriedades= [] --- [has_name, has_text, who]), 
DCondition(X2, has_text, which, propriedades= [] --- [has_name, has_text, who]), 
DCondition(X5, has_text, William Thornton, propriedades= [] --- [has_name, has_text, who]), 
DCondition(X4, has_text, creator, propriedades= [] --- [has_name, has_text, who]), 
DCondition(X3, has_text, nationality, propriedades= [] --- [has_name, has_text, who]), 
DCondition(X2, has_name, null list, propriedades= [] --- [has_name, has_text, who]), 
DCondition(X1, obj, X2, propriedades= [qQualifier] --- [])]
 solu��es = []
 numeroFrase = 0
 numHasNames = 2
 numIndividuals = 5
 numEntitiesOk = 10
 numIsClass = 0
 numPropsOk = 5
 numEntitiesNOk = 0
 numClassesOk = 4]"," PREFIX rdf: <http://www.w3.org/1999/02/22-rdf-syntax-ns#> PREFIX xsd: <http://www.w3.org/2001/XMLSchema#> PREFIX rdfs: <http://www.w3.org/2000/01/rdf-schema#> PREFIX cidoc: <http://www.cidoc-crm.org/cidoc-crm/> SELECT  DISTINCT  ?snameConceptArtist5 ?ConceptArtist5 ?snameArtefact3 ?Artefact3 WHERE { {{?Artefact3 cidoc:P131_is_identified_by ?nameArtefact3 . ?nameArtefact3 rdf:value ?snameArtefact3 .}  UNION {?Artefact3 rdfs:label ?snameArtefact3 .}}  filter(regex(?snameArtefact3,""William Thornton"",""i"")) . ?prod cidoc:P14_carried_out_by ?Artist4 . ?Artefact3 cidoc:P108i_was_produced_by ?prod . ?Artist4 rdfs:label ?snameArtist4 . ?Artist4 cidoc:P107i_is_current_or_former_member_of ?ConceptArtist5. ?ConceptArtist5 rdfs:label ?snameConceptArtist5. }",true
487,Which is the nationality of the creator of Windbreak?," X1-be-is-null,X2-which-Which-null,X5-Windbreak-Windbreak-null,X4-creator-creator-the,X3-nationality-nationality-the, X1-subj-X2,X5-has_name-Windbreak,X4-of-X5,X3-of-X4,X1-obj-X3, X1-be-is-null,X2-which-Which-null,X3-nationality-nationality-the,X5-Windbreak-Windbreak-null,X4-creator-creator-the, X1-subj-X2,X1-obj-X3,X5-has_name-Windbreak,X4-of-X5,X1-obl_of-X4, X1-be-is-null,X2-which-Which-null,X3-nationality-nationality-the,X4-creator-creator-the,X5-Windbreak-Windbreak-null, X1-subj-X2,X1-obj-X3,X1-obl_of-X4,X5-has_name-Windbreak,X1-obl_of-X5, X1-be-is-null,X2-which-Which-null,X4-creator-creator-the,X5-Windbreak-Windbreak-null,X3-nationality-nationality-the, X1-subj-X2,X3-of-X4,X5-has_name-Windbreak,X3-of-X5,X1-obj-X3, X1-be-is-null,X2-which-Which-null,X4-Windbreak-Windbreak-null,X3-nationality-nationality-the,X5-creator-creator-the, X1-subj-X2,X4-has_name-Windbreak,X3-of-X4,X1-obj-X3,X1-obl_of-X5, X1-be-is-null,X2-which-Which-null,X4-creator-creator-the,X3-nationality-nationality-the,X5-Windbreak-Windbreak-null, X1-subj-X2,X3-of-X4,X1-obj-X3,X5-has_name-Windbreak,X1-obl_of-X5,","Drs [
 tokens=[],
 dEntities=[
DEntity(X1, be, is, VERB, null, false, Query1, Query), 
DEntity(X2, which, Which, PRON, null, false, Qualifier2, Qualifier), 
DEntity(X5, Windbreak, Windbreak, PROPN, null, false, Artefact3, Artefact), 
DEntity(X4, creator, creator, NOUN, the, false, Artist4, Artist), 
DEntity(X3, nationality, nationality, NOUN, the, false, ConceptArtist5, ConceptArtist)],
 dConditions=[
DCondition(X1, subj, X2, propriedades= [qQualifier] --- []), 
DCondition(X5, has_name, Windbreak, propriedades= [] --- [has_name, has_text, who]), 
DCondition(X4, of, X5, propriedades= [author_of] --- []), 
DCondition(X3, of, X4, propriedades= [conc_of_Artist] --- []), 
DCondition(X1, obj, X3, propriedades= [select] --- []), 
DCondition(X1, has_text, be, propriedades= [] --- [has_name, has_text, who]), 
DCondition(X2, has_text, which, propriedades= [] --- [has_name, has_text, who]), 
DCondition(X5, has_text, Windbreak, propriedades= [] --- [has_name, has_text, who]), 
DCondition(X4, has_text, creator, propriedades= [] --- [has_name, has_text, who]), 
DCondition(X3, has_text, nationality, propriedades= [] --- [has_name, has_text, who]), 
DCondition(X2, has_name, null list, propriedades= [] --- [has_name, has_text, who]), 
DCondition(X1, obj, X2, propriedades= [qQualifier] --- [])]
 solu��es = []
 numeroFrase = 0
 numHasNames = 2
 numIndividuals = 5
 numEntitiesOk = 10
 numIsClass = 0
 numPropsOk = 5
 numEntitiesNOk = 0
 numClassesOk = 4]"," PREFIX rdf: <http://www.w3.org/1999/02/22-rdf-syntax-ns#> PREFIX xsd: <http://www.w3.org/2001/XMLSchema#> PREFIX rdfs: <http://www.w3.org/2000/01/rdf-schema#> PREFIX cidoc: <http://www.cidoc-crm.org/cidoc-crm/> SELECT  DISTINCT  ?snameConceptArtist5 ?ConceptArtist5 ?snameArtefact3 ?Artefact3 WHERE { {{?Artefact3 cidoc:P131_is_identified_by ?nameArtefact3 . ?nameArtefact3 rdf:value ?snameArtefact3 .}  UNION {?Artefact3 rdfs:label ?snameArtefact3 .}}  filter(regex(?snameArtefact3,""Windbreak"",""i"")) . ?prod cidoc:P14_carried_out_by ?Artist4 . ?Artefact3 cidoc:P108i_was_produced_by ?prod . ?Artist4 rdfs:label ?snameArtist4 . ?Artist4 cidoc:P107i_is_current_or_former_member_of ?ConceptArtist5. ?ConceptArtist5 rdfs:label ?snameConceptArtist5. }",true
488,Which is the nationality of the creator of Window Shopper?," X1-be-is-null,X2-which-Which-null,X5-Window Shopper-Window Shopper-null,X4-creator-creator-the,X3-nationality-nationality-the, X1-subj-X2,X5-has_name-Window Shopper,X4-of-X5,X3-of-X4,X1-obj-X3, X1-be-is-null,X2-which-Which-null,X3-nationality-nationality-the,X5-Window Shopper-Window Shopper-null,X4-creator-creator-the, X1-subj-X2,X1-obj-X3,X5-has_name-Window Shopper,X4-of-X5,X1-obl_of-X4, X1-be-is-null,X2-which-Which-null,X3-nationality-nationality-the,X4-creator-creator-the,X5-Window Shopper-Window Shopper-null, X1-subj-X2,X1-obj-X3,X1-obl_of-X4,X5-has_name-Window Shopper,X1-obl_of-X5, X1-be-is-null,X2-which-Which-null,X4-creator-creator-the,X5-Window Shopper-Window Shopper-null,X3-nationality-nationality-the, X1-subj-X2,X3-of-X4,X5-has_name-Window Shopper,X3-of-X5,X1-obj-X3, X1-be-is-null,X2-which-Which-null,X4-Window Shopper-Window Shopper-null,X3-nationality-nationality-the,X5-creator-creator-the, X1-subj-X2,X4-has_name-Window Shopper,X3-of-X4,X1-obj-X3,X1-obl_of-X5, X1-be-is-null,X2-which-Which-null,X4-creator-creator-the,X3-nationality-nationality-the,X5-Window Shopper-Window Shopper-null, X1-subj-X2,X3-of-X4,X1-obj-X3,X5-has_name-Window Shopper,X1-obl_of-X5,","Drs [
 tokens=[],
 dEntities=[
DEntity(X1, be, is, VERB, null, false, Query1, Query), 
DEntity(X2, which, Which, PRON, null, false, Qualifier2, Qualifier), 
DEntity(X5, Window Shopper, Window Shopper, PROPN, null, false, Artefact3, Artefact), 
DEntity(X4, creator, creator, NOUN, the, false, Artist4, Artist), 
DEntity(X3, nationality, nationality, NOUN, the, false, ConceptArtist5, ConceptArtist)],
 dConditions=[
DCondition(X1, subj, X2, propriedades= [qQualifier] --- []), 
DCondition(X5, has_name, Window Shopper, propriedades= [] --- [has_name, has_text, who]), 
DCondition(X4, of, X5, propriedades= [author_of] --- []), 
DCondition(X3, of, X4, propriedades= [conc_of_Artist] --- []), 
DCondition(X1, obj, X3, propriedades= [select] --- []), 
DCondition(X1, has_text, be, propriedades= [] --- [has_name, has_text, who]), 
DCondition(X2, has_text, which, propriedades= [] --- [has_name, has_text, who]), 
DCondition(X5, has_text, Window Shopper, propriedades= [] --- [has_name, has_text, who]), 
DCondition(X4, has_text, creator, propriedades= [] --- [has_name, has_text, who]), 
DCondition(X3, has_text, nationality, propriedades= [] --- [has_name, has_text, who]), 
DCondition(X2, has_name, null list, propriedades= [] --- [has_name, has_text, who]), 
DCondition(X1, obj, X2, propriedades= [qQualifier] --- [])]
 solu��es = []
 numeroFrase = 0
 numHasNames = 2
 numIndividuals = 5
 numEntitiesOk = 10
 numIsClass = 0
 numPropsOk = 5
 numEntitiesNOk = 0
 numClassesOk = 4]"," PREFIX rdf: <http://www.w3.org/1999/02/22-rdf-syntax-ns#> PREFIX xsd: <http://www.w3.org/2001/XMLSchema#> PREFIX rdfs: <http://www.w3.org/2000/01/rdf-schema#> PREFIX cidoc: <http://www.cidoc-crm.org/cidoc-crm/> SELECT  DISTINCT  ?snameConceptArtist5 ?ConceptArtist5 ?snameArtefact3 ?Artefact3 WHERE { {{?Artefact3 cidoc:P131_is_identified_by ?nameArtefact3 . ?nameArtefact3 rdf:value ?snameArtefact3 .}  UNION {?Artefact3 rdfs:label ?snameArtefact3 .}}  filter(regex(?snameArtefact3,""Window Shopper"",""i"")) . ?prod cidoc:P14_carried_out_by ?Artist4 . ?Artefact3 cidoc:P108i_was_produced_by ?prod . ?Artist4 rdfs:label ?snameArtist4 . ?Artist4 cidoc:P107i_is_current_or_former_member_of ?ConceptArtist5. ?ConceptArtist5 rdfs:label ?snameConceptArtist5. }",true
489,Which is the nationality of the creator of Winter Sunset?," X1-be-is-null,X2-which-Which-null,X5-Winter Sunset-Winter Sunset-null,X4-creator-creator-the,X3-nationality-nationality-the, X1-subj-X2,X5-has_name-Winter Sunset,X4-of-X5,X3-of-X4,X1-obj-X3, X1-be-is-null,X2-which-Which-null,X3-nationality-nationality-the,X5-Winter Sunset-Winter Sunset-null,X4-creator-creator-the, X1-subj-X2,X1-obj-X3,X5-has_name-Winter Sunset,X4-of-X5,X1-obl_of-X4, X1-be-is-null,X2-which-Which-null,X3-nationality-nationality-the,X4-creator-creator-the,X5-Winter Sunset-Winter Sunset-null, X1-subj-X2,X1-obj-X3,X1-obl_of-X4,X5-has_name-Winter Sunset,X1-obl_of-X5, X1-be-is-null,X2-which-Which-null,X4-creator-creator-the,X5-Winter Sunset-Winter Sunset-null,X3-nationality-nationality-the, X1-subj-X2,X3-of-X4,X5-has_name-Winter Sunset,X3-of-X5,X1-obj-X3, X1-be-is-null,X2-which-Which-null,X4-Winter Sunset-Winter Sunset-null,X3-nationality-nationality-the,X5-creator-creator-the, X1-subj-X2,X4-has_name-Winter Sunset,X3-of-X4,X1-obj-X3,X1-obl_of-X5, X1-be-is-null,X2-which-Which-null,X4-creator-creator-the,X3-nationality-nationality-the,X5-Winter Sunset-Winter Sunset-null, X1-subj-X2,X3-of-X4,X1-obj-X3,X5-has_name-Winter Sunset,X1-obl_of-X5,","Drs [
 tokens=[],
 dEntities=[
DEntity(X1, be, is, VERB, null, false, Query1, Query), 
DEntity(X2, which, Which, PRON, null, false, Qualifier2, Qualifier), 
DEntity(X5, Winter Sunset, Winter Sunset, PROPN, null, false, Artefact3, Artefact), 
DEntity(X4, creator, creator, NOUN, the, false, Artist4, Artist), 
DEntity(X3, nationality, nationality, NOUN, the, false, ConceptArtist5, ConceptArtist)],
 dConditions=[
DCondition(X1, subj, X2, propriedades= [qQualifier] --- []), 
DCondition(X5, has_name, Winter Sunset, propriedades= [] --- [has_name, has_text, who]), 
DCondition(X4, of, X5, propriedades= [author_of] --- []), 
DCondition(X3, of, X4, propriedades= [conc_of_Artist] --- []), 
DCondition(X1, obj, X3, propriedades= [select] --- []), 
DCondition(X1, has_text, be, propriedades= [] --- [has_name, has_text, who]), 
DCondition(X2, has_text, which, propriedades= [] --- [has_name, has_text, who]), 
DCondition(X5, has_text, Winter Sunset, propriedades= [] --- [has_name, has_text, who]), 
DCondition(X4, has_text, creator, propriedades= [] --- [has_name, has_text, who]), 
DCondition(X3, has_text, nationality, propriedades= [] --- [has_name, has_text, who]), 
DCondition(X2, has_name, null list, propriedades= [] --- [has_name, has_text, who]), 
DCondition(X1, obj, X2, propriedades= [qQualifier] --- [])]
 solu��es = []
 numeroFrase = 0
 numHasNames = 2
 numIndividuals = 5
 numEntitiesOk = 10
 numIsClass = 0
 numPropsOk = 5
 numEntitiesNOk = 0
 numClassesOk = 4]"," PREFIX rdf: <http://www.w3.org/1999/02/22-rdf-syntax-ns#> PREFIX xsd: <http://www.w3.org/2001/XMLSchema#> PREFIX rdfs: <http://www.w3.org/2000/01/rdf-schema#> PREFIX cidoc: <http://www.cidoc-crm.org/cidoc-crm/> SELECT  DISTINCT  ?snameConceptArtist5 ?ConceptArtist5 ?snameArtefact3 ?Artefact3 WHERE { {{?Artefact3 cidoc:P131_is_identified_by ?nameArtefact3 . ?nameArtefact3 rdf:value ?snameArtefact3 .}  UNION {?Artefact3 rdfs:label ?snameArtefact3 .}}  filter(regex(?snameArtefact3,""Winter Sunset"",""i"")) . ?prod cidoc:P14_carried_out_by ?Artist4 . ?Artefact3 cidoc:P108i_was_produced_by ?prod . ?Artist4 rdfs:label ?snameArtist4 . ?Artist4 cidoc:P107i_is_current_or_former_member_of ?ConceptArtist5. ?ConceptArtist5 rdfs:label ?snameConceptArtist5. }",true
490,Which is the nationality of the creator of Winter in Jackson Park?," X1-be-is-null,X2-which-Which-null,X6-Jackson Park-Jackson Park-null,X5-Winter-Winter-null,X4-creator-creator-the,X3-nationality-nationality-the, X1-subj-X2,X6-has_name-Jackson Park,X5-in-X6,X5-has_name-Winter,X4-of-X5,X3-of-X4,X1-obj-X3, X1-be-is-null,X2-which-Which-null,X3-nationality-nationality-the,X6-Jackson Park-Jackson Park-null,X5-Winter-Winter-null,X4-creator-creator-the, X1-subj-X2,X1-obj-X3,X6-has_name-Jackson Park,X5-in-X6,X5-has_name-Winter,X4-of-X5,X1-obl_of-X4, X1-be-is-null,X2-which-Which-null,X3-nationality-nationality-the,X4-creator-creator-the,X6-Jackson Park-Jackson Park-null,X5-Winter-Winter-null, X1-subj-X2,X1-obj-X3,X1-obl_of-X4,X6-has_name-Jackson Park,X5-in-X6,X5-has_name-Winter,X1-obl_of-X5, X1-be-is-null,X2-which-Which-null,X3-nationality-nationality-the,X4-creator-creator-the,X5-Winter-Winter-null,X6-Jackson Park-Jackson Park-null, X1-subj-X2,X1-obj-X3,X1-obl_of-X4,X5-has_name-Winter,X1-obl_of-X5,X6-has_name-Jackson Park,X1-obl_in-X6, X1-be-is-null,X2-which-Which-null,X3-nationality-nationality-the,X5-Winter-Winter-null,X6-Jackson Park-Jackson Park-null,X4-creator-creator-the, X1-subj-X2,X1-obj-X3,X5-has_name-Winter,X4-of-X5,X6-has_name-Jackson Park,X4-in-X6,X1-obl_of-X4, X1-be-is-null,X2-which-Which-null,X4-creator-creator-the,X6-Jackson Park-Jackson Park-null,X5-Winter-Winter-null,X3-nationality-nationality-the, X1-subj-X2,X3-of-X4,X6-has_name-Jackson Park,X5-in-X6,X5-has_name-Winter,X3-of-X5,X1-obj-X3, X1-be-is-null,X2-which-Which-null,X5-Jackson Park-Jackson Park-null,X4-Winter-Winter-null,X3-nationality-nationality-the,X6-creator-creator-the, X1-subj-X2,X5-has_name-Jackson Park,X4-in-X5,X4-has_name-Winter,X3-of-X4,X1-obj-X3,X1-obl_of-X6, X1-be-is-null,X2-which-Which-null,X4-creator-creator-the,X3-nationality-nationality-the,X6-Jackson Park-Jackson Park-null,X5-Winter-Winter-null, X1-subj-X2,X3-of-X4,X1-obj-X3,X6-has_name-Jackson Park,X5-in-X6,X5-has_name-Winter,X1-obl_of-X5, X1-be-is-null,X2-which-Which-null,X4-creator-creator-the,X5-Winter-Winter-null,X6-Jackson Park-Jackson Park-null,X3-nationality-nationality-the, X1-subj-X2,X3-of-X4,X5-has_name-Winter,X3-of-X5,X6-has_name-Jackson Park,X3-in-X6,X1-obj-X3, X1-be-is-null,X2-which-Which-null,X5-Winter-Winter-null,X6-Jackson Park-Jackson Park-null,X4-creator-creator-the,X3-nationality-nationality-the, X1-subj-X2,X5-has_name-Winter,X4-of-X5,X6-has_name-Jackson Park,X4-in-X6,X3-of-X4,X1-obj-X3,",Incorrect partial DRS,null,null
491,Which is the nationality of the creator of Winterberries?," X1-be-is-null,X2-which-Which-null,X5-Winterberry-Winterberries-null,X4-creator-creator-the,X3-nationality-nationality-the, X1-subj-X2,X5-has_name-Winterberry,X4-of-X5,X3-of-X4,X1-obj-X3, X1-be-is-null,X2-which-Which-null,X3-nationality-nationality-the,X5-Winterberry-Winterberries-null,X4-creator-creator-the, X1-subj-X2,X1-obj-X3,X5-has_name-Winterberry,X4-of-X5,X1-obl_of-X4, X1-be-is-null,X2-which-Which-null,X3-nationality-nationality-the,X4-creator-creator-the,X5-Winterberry-Winterberries-null, X1-subj-X2,X1-obj-X3,X1-obl_of-X4,X5-has_name-Winterberry,X1-obl_of-X5, X1-be-is-null,X2-which-Which-null,X4-creator-creator-the,X5-Winterberry-Winterberries-null,X3-nationality-nationality-the, X1-subj-X2,X3-of-X4,X5-has_name-Winterberry,X3-of-X5,X1-obj-X3, X1-be-is-null,X2-which-Which-null,X4-Winterberry-Winterberries-null,X3-nationality-nationality-the,X5-creator-creator-the, X1-subj-X2,X4-has_name-Winterberry,X3-of-X4,X1-obj-X3,X1-obl_of-X5, X1-be-is-null,X2-which-Which-null,X4-creator-creator-the,X3-nationality-nationality-the,X5-Winterberry-Winterberries-null, X1-subj-X2,X3-of-X4,X1-obj-X3,X5-has_name-Winterberry,X1-obl_of-X5,",Incorrect partial DRS,null,null
492,Which is the nationality of the creator of Woman Phone Booth?,,Incorrect Stanza Parsing,null,null
493,Which is the nationality of the creator of World Trade Center?,,Incorrect Stanza Parsing,null,null
494,Which is the nationality of the creator of Wyatt Eaton?," X1-be-is-null,X2-which-Which-null,X5-Wyatt Eaton-Wyatt-null,X4-creator-creator-the,X3-nationality-nationality-the, X1-subj-X2,X5-has_name-Wyatt Eaton,X4-of-X5,X3-of-X4,X1-obj-X3, X1-be-is-null,X2-which-Which-null,X3-nationality-nationality-the,X5-Wyatt Eaton-Wyatt-null,X4-creator-creator-the, X1-subj-X2,X1-obj-X3,X5-has_name-Wyatt Eaton,X4-of-X5,X1-obl_of-X4, X1-be-is-null,X2-which-Which-null,X3-nationality-nationality-the,X4-creator-creator-the,X5-Wyatt Eaton-Wyatt-null, X1-subj-X2,X1-obj-X3,X1-obl_of-X4,X5-has_name-Wyatt Eaton,X1-obl_of-X5, X1-be-is-null,X2-which-Which-null,X4-creator-creator-the,X5-Wyatt Eaton-Wyatt-null,X3-nationality-nationality-the, X1-subj-X2,X3-of-X4,X5-has_name-Wyatt Eaton,X3-of-X5,X1-obj-X3, X1-be-is-null,X2-which-Which-null,X4-Wyatt Eaton-Wyatt-null,X3-nationality-nationality-the,X5-creator-creator-the, X1-subj-X2,X4-has_name-Wyatt Eaton,X3-of-X4,X1-obj-X3,X1-obl_of-X5, X1-be-is-null,X2-which-Which-null,X4-creator-creator-the,X3-nationality-nationality-the,X5-Wyatt Eaton-Wyatt-null, X1-subj-X2,X3-of-X4,X1-obj-X3,X5-has_name-Wyatt Eaton,X1-obl_of-X5,","Drs [
 tokens=[],
 dEntities=[
DEntity(X1, be, is, VERB, null, false, Query1, Query), 
DEntity(X2, which, Which, PRON, null, false, Qualifier2, Qualifier), 
DEntity(X5, Wyatt Eaton, Wyatt, PROPN, null, false, Artefact3, Artefact), 
DEntity(X4, creator, creator, NOUN, the, false, Artist4, Artist), 
DEntity(X3, nationality, nationality, NOUN, the, false, ConceptArtist5, ConceptArtist)],
 dConditions=[
DCondition(X1, subj, X2, propriedades= [qQualifier] --- []), 
DCondition(X5, has_name, Wyatt Eaton, propriedades= [] --- [has_name, has_text, who]), 
DCondition(X4, of, X5, propriedades= [author_of] --- []), 
DCondition(X3, of, X4, propriedades= [conc_of_Artist] --- []), 
DCondition(X1, obj, X3, propriedades= [select] --- []), 
DCondition(X1, has_text, be, propriedades= [] --- [has_name, has_text, who]), 
DCondition(X2, has_text, which, propriedades= [] --- [has_name, has_text, who]), 
DCondition(X5, has_text, Wyatt Eaton, propriedades= [] --- [has_name, has_text, who]), 
DCondition(X4, has_text, creator, propriedades= [] --- [has_name, has_text, who]), 
DCondition(X3, has_text, nationality, propriedades= [] --- [has_name, has_text, who]), 
DCondition(X2, has_name, null list, propriedades= [] --- [has_name, has_text, who]), 
DCondition(X1, obj, X2, propriedades= [qQualifier] --- [])]
 solu��es = []
 numeroFrase = 0
 numHasNames = 2
 numIndividuals = 5
 numEntitiesOk = 10
 numIsClass = 0
 numPropsOk = 5
 numEntitiesNOk = 0
 numClassesOk = 4]"," PREFIX rdf: <http://www.w3.org/1999/02/22-rdf-syntax-ns#> PREFIX xsd: <http://www.w3.org/2001/XMLSchema#> PREFIX rdfs: <http://www.w3.org/2000/01/rdf-schema#> PREFIX cidoc: <http://www.cidoc-crm.org/cidoc-crm/> SELECT  DISTINCT  ?snameConceptArtist5 ?ConceptArtist5 ?snameArtefact3 ?Artefact3 WHERE { {{?Artefact3 cidoc:P131_is_identified_by ?nameArtefact3 . ?nameArtefact3 rdf:value ?snameArtefact3 .}  UNION {?Artefact3 rdfs:label ?snameArtefact3 .}}  filter(regex(?snameArtefact3,""Wyatt Eaton"",""i"")) . ?prod cidoc:P14_carried_out_by ?Artist4 . ?Artefact3 cidoc:P108i_was_produced_by ?prod . ?Artist4 rdfs:label ?snameArtist4 . ?Artist4 cidoc:P107i_is_current_or_former_member_of ?ConceptArtist5. ?ConceptArtist5 rdfs:label ?snameConceptArtist5. }",true
495,"Which is the nationality of the creator of Yangshuo, China?"," X1-be-is-null,X2-which-Which-null,X5-Yangshuo-Yangshuo-null,X4-creator-creator-the,X3-nationality-nationality-the, X1-subj-X2,X5-has_name-China,X5-has_name-Yangshuo,X4-of-X5,X3-of-X4,X1-obj-X3, X1-be-is-null,X2-which-Which-null,X3-nationality-nationality-the,X5-Yangshuo-Yangshuo-null,X4-creator-creator-the, X1-subj-X2,X1-obj-X3,X5-has_name-China,X5-has_name-Yangshuo,X4-of-X5,X1-obl_of-X4, X1-be-is-null,X2-which-Which-null,X3-nationality-nationality-the,X4-creator-creator-the,X5-Yangshuo-Yangshuo-null, X1-subj-X2,X1-obj-X3,X1-obl_of-X4,X5-has_name-China,X5-has_name-Yangshuo,X1-obl_of-X5, X1-be-is-null,X2-which-Which-null,X4-creator-creator-the,X5-Yangshuo-Yangshuo-null,X3-nationality-nationality-the, X1-subj-X2,X3-of-X4,X5-has_name-China,X5-has_name-Yangshuo,X3-of-X5,X1-obj-X3, X1-be-is-null,X2-which-Which-null,X4-Yangshuo-Yangshuo-null,X3-nationality-nationality-the,X5-creator-creator-the, X1-subj-X2,X4-has_name-China,X4-has_name-Yangshuo,X3-of-X4,X1-obj-X3,X1-obl_of-X5, X1-be-is-null,X2-which-Which-null,X4-creator-creator-the,X3-nationality-nationality-the,X5-Yangshuo-Yangshuo-null, X1-subj-X2,X3-of-X4,X1-obj-X3,X5-has_name-China,X5-has_name-Yangshuo,X1-obl_of-X5, X1-be-is-null,X2-which-Which-null,X6-China-China-null,X5-Yangshuo-Yangshuo-null,X4-creator-creator-the,X3-nationality-nationality-the, X1-subj-X2,X6-has_name-China,X5-rel-X6,X5-has_name-Yangshuo,X4-of-X5,X3-of-X4,X1-obj-X3, X1-be-is-null,X2-which-Which-null,X3-nationality-nationality-the,X6-China-China-null,X5-Yangshuo-Yangshuo-null,X4-creator-creator-the, X1-subj-X2,X1-obj-X3,X6-has_name-China,X5-rel-X6,X5-has_name-Yangshuo,X4-of-X5,X1-obl_of-X4, X1-be-is-null,X2-which-Which-null,X3-nationality-nationality-the,X4-creator-creator-the,X6-China-China-null,X5-Yangshuo-Yangshuo-null, X1-subj-X2,X1-obj-X3,X1-obl_of-X4,X6-has_name-China,X5-rel-X6,X5-has_name-Yangshuo,X1-obl_of-X5, X1-be-is-null,X2-which-Which-null,X4-creator-creator-the,X6-China-China-null,X5-Yangshuo-Yangshuo-null,X3-nationality-nationality-the, X1-subj-X2,X3-of-X4,X6-has_name-China,X5-rel-X6,X5-has_name-Yangshuo,X3-of-X5,X1-obj-X3, X1-be-is-null,X2-which-Which-null,X5-China-China-null,X4-Yangshuo-Yangshuo-null,X3-nationality-nationality-the,X6-creator-creator-the, X1-subj-X2,X5-has_name-China,X4-rel-X5,X4-has_name-Yangshuo,X3-of-X4,X1-obj-X3,X1-obl_of-X6, X1-be-is-null,X2-which-Which-null,X4-creator-creator-the,X3-nationality-nationality-the,X6-China-China-null,X5-Yangshuo-Yangshuo-null, X1-subj-X2,X3-of-X4,X1-obj-X3,X6-has_name-China,X5-rel-X6,X5-has_name-Yangshuo,X1-obl_of-X5,",Incorrect partial DRS,null,null
496,Which is the nationality of the creator of Year of the Snake?," X1-be-is-null,X2-which-Which-null,X6-snake-Snake-the,X5-Year-Year-null,X4-creator-creator-the,X3-nationality-nationality-the, X1-subj-X2,X6-has_name-snake,X5-of-X6,X5-has_name-Year,X4-of-X5,X3-of-X4,X1-obj-X3, X1-be-is-null,X2-which-Which-null,X3-nationality-nationality-the,X6-snake-Snake-the,X5-Year-Year-null,X4-creator-creator-the, X1-subj-X2,X1-obj-X3,X6-has_name-snake,X5-of-X6,X5-has_name-Year,X4-of-X5,X1-obl_of-X4, X1-be-is-null,X2-which-Which-null,X3-nationality-nationality-the,X4-creator-creator-the,X6-snake-Snake-the,X5-Year-Year-null, X1-subj-X2,X1-obj-X3,X1-obl_of-X4,X6-has_name-snake,X5-of-X6,X5-has_name-Year,X1-obl_of-X5, X1-be-is-null,X2-which-Which-null,X3-nationality-nationality-the,X4-creator-creator-the,X5-Year-Year-null,X6-snake-Snake-the, X1-subj-X2,X1-obj-X3,X1-obl_of-X4,X5-has_name-Year,X1-obl_of-X5,X6-has_name-snake,X1-obl_of-X6, X1-be-is-null,X2-which-Which-null,X3-nationality-nationality-the,X5-Year-Year-null,X6-snake-Snake-the,X4-creator-creator-the, X1-subj-X2,X1-obj-X3,X5-has_name-Year,X4-of-X5,X6-has_name-snake,X4-of-X6,X1-obl_of-X4, X1-be-is-null,X2-which-Which-null,X4-creator-creator-the,X6-snake-Snake-the,X5-Year-Year-null,X3-nationality-nationality-the, X1-subj-X2,X3-of-X4,X6-has_name-snake,X5-of-X6,X5-has_name-Year,X3-of-X5,X1-obj-X3, X1-be-is-null,X2-which-Which-null,X5-snake-Snake-the,X4-Year-Year-null,X3-nationality-nationality-the,X6-creator-creator-the, X1-subj-X2,X5-has_name-snake,X4-of-X5,X4-has_name-Year,X3-of-X4,X1-obj-X3,X1-obl_of-X6, X1-be-is-null,X2-which-Which-null,X4-creator-creator-the,X3-nationality-nationality-the,X6-snake-Snake-the,X5-Year-Year-null, X1-subj-X2,X3-of-X4,X1-obj-X3,X6-has_name-snake,X5-of-X6,X5-has_name-Year,X1-obl_of-X5, X1-be-is-null,X2-which-Which-null,X4-creator-creator-the,X5-Year-Year-null,X6-snake-Snake-the,X3-nationality-nationality-the, X1-subj-X2,X3-of-X4,X5-has_name-Year,X3-of-X5,X6-has_name-snake,X3-of-X6,X1-obj-X3, X1-be-is-null,X2-which-Which-null,X5-Year-Year-null,X6-snake-Snake-the,X4-creator-creator-the,X3-nationality-nationality-the, X1-subj-X2,X5-has_name-Year,X4-of-X5,X6-has_name-snake,X4-of-X6,X3-of-X4,X1-obj-X3,",Incorrect partial DRS,null,null
497,Which is the nationality of the creator of Yes-No?,,Incorrect Stanza Parsing,null,null
498,Which is the nationality of the creator of Young Girl in Purple?," X1-be-is-null,X2-which-Which-null,X5-Girl-Girl-null,X6-purple-Purple-null,X4-creator-creator-the,X3-nationality-nationality-the, X1-subj-X2,X5-Young-true,X5-has_name-Girl,X4-of-X5,X6-has_name-purple,X4-in-X6,X3-of-X4,X1-obj-X3, X1-be-is-null,X2-which-Which-null,X5-Girl-Girl-null,X6-purple-Purple-null,X4-creator-creator-the,X3-nationality-nationality-the, X1-subj-X2,X5-has_name-Young,X5-has_name-Girl,X4-of-X5,X6-has_name-purple,X4-in-X6,X3-of-X4,X1-obj-X3, X1-be-is-null,X2-which-Which-null,X5-Young Girl-Young Girl-null,X6-purple-Purple-null,X4-creator-creator-the,X3-nationality-nationality-the, X1-subj-X2,X5-has_name-Young Girl,X4-of-X5,X6-has_name-purple,X4-in-X6,X3-of-X4,X1-obj-X3, X1-be-is-null,X2-which-Which-null,X3-nationality-nationality-the,X5-Girl-Girl-null,X6-purple-Purple-null,X4-creator-creator-the, X1-subj-X2,X1-obj-X3,X5-Young-true,X5-has_name-Girl,X4-of-X5,X6-has_name-purple,X4-in-X6,X1-obl_of-X4, X1-be-is-null,X2-which-Which-null,X3-nationality-nationality-the,X5-Girl-Girl-null,X6-purple-Purple-null,X4-creator-creator-the, X1-subj-X2,X1-obj-X3,X5-has_name-Young,X5-has_name-Girl,X4-of-X5,X6-has_name-purple,X4-in-X6,X1-obl_of-X4, X1-be-is-null,X2-which-Which-null,X3-nationality-nationality-the,X5-Young Girl-Young Girl-null,X6-purple-Purple-null,X4-creator-creator-the, X1-subj-X2,X1-obj-X3,X5-has_name-Young Girl,X4-of-X5,X6-has_name-purple,X4-in-X6,X1-obl_of-X4, X1-be-is-null,X2-which-Which-null,X3-nationality-nationality-the,X5-purple-Purple-null,X4-creator-creator-the,X6-Girl-Girl-null, X1-subj-X2,X1-obj-X3,X5-has_name-purple,X4-in-X5,X1-obl_of-X4,X6-Young-true,X6-has_name-Girl,X1-obl_of-X6, X1-be-is-null,X2-which-Which-null,X3-nationality-nationality-the,X5-purple-Purple-null,X4-creator-creator-the,X6-Girl-Girl-null, X1-subj-X2,X1-obj-X3,X5-has_name-purple,X4-in-X5,X1-obl_of-X4,X6-has_name-Young,X6-has_name-Girl,X1-obl_of-X6, X1-be-is-null,X2-which-Which-null,X3-nationality-nationality-the,X5-purple-Purple-null,X4-creator-creator-the,X6-Young Girl-Young Girl-null, X1-subj-X2,X1-obj-X3,X5-has_name-purple,X4-in-X5,X1-obl_of-X4,X6-has_name-Young Girl,X1-obl_of-X6, X1-be-is-null,X2-which-Which-null,X3-nationality-nationality-the,X4-creator-creator-the,X5-Girl-Girl-null,X6-purple-Purple-null, X1-subj-X2,X1-obj-X3,X1-obl_of-X4,X5-Young-true,X5-has_name-Girl,X1-obl_of-X5,X6-has_name-purple,X1-obl_in-X6, X1-be-is-null,X2-which-Which-null,X3-nationality-nationality-the,X4-creator-creator-the,X5-Girl-Girl-null,X6-purple-Purple-null, X1-subj-X2,X1-obj-X3,X1-obl_of-X4,X5-has_name-Young,X5-has_name-Girl,X1-obl_of-X5,X6-has_name-purple,X1-obl_in-X6, X1-be-is-null,X2-which-Which-null,X3-nationality-nationality-the,X4-creator-creator-the,X5-Young Girl-Young Girl-null,X6-purple-Purple-null, X1-subj-X2,X1-obj-X3,X1-obl_of-X4,X5-has_name-Young Girl,X1-obl_of-X5,X6-has_name-purple,X1-obl_in-X6, X1-be-is-null,X2-which-Which-null,X3-nationality-nationality-the,X5-Girl-Girl-null,X4-creator-creator-the,X6-purple-Purple-null, X1-subj-X2,X1-obj-X3,X5-Young-true,X5-has_name-Girl,X4-of-X5,X1-obl_of-X4,X6-has_name-purple,X1-obl_in-X6, X1-be-is-null,X2-which-Which-null,X3-nationality-nationality-the,X5-Girl-Girl-null,X4-creator-creator-the,X6-purple-Purple-null, X1-subj-X2,X1-obj-X3,X5-has_name-Young,X5-has_name-Girl,X4-of-X5,X1-obl_of-X4,X6-has_name-purple,X1-obl_in-X6, X1-be-is-null,X2-which-Which-null,X3-nationality-nationality-the,X5-Young Girl-Young Girl-null,X4-creator-creator-the,X6-purple-Purple-null, X1-subj-X2,X1-obj-X3,X5-has_name-Young Girl,X4-of-X5,X1-obl_of-X4,X6-has_name-purple,X1-obl_in-X6, X1-be-is-null,X2-which-Which-null,X5-purple-Purple-null,X4-creator-creator-the,X6-Girl-Girl-null,X3-nationality-nationality-the, X1-subj-X2,X5-has_name-purple,X4-in-X5,X3-of-X4,X6-Young-true,X6-has_name-Girl,X3-of-X6,X1-obj-X3, X1-be-is-null,X2-which-Which-null,X5-purple-Purple-null,X4-creator-creator-the,X6-Girl-Girl-null,X3-nationality-nationality-the, X1-subj-X2,X5-has_name-purple,X4-in-X5,X3-of-X4,X6-has_name-Young,X6-has_name-Girl,X3-of-X6,X1-obj-X3, X1-be-is-null,X2-which-Which-null,X5-purple-Purple-null,X4-creator-creator-the,X6-Young Girl-Young Girl-null,X3-nationality-nationality-the, X1-subj-X2,X5-has_name-purple,X4-in-X5,X3-of-X4,X6-has_name-Young Girl,X3-of-X6,X1-obj-X3, X1-be-is-null,X2-which-Which-null,X4-Girl-Girl-null,X3-nationality-nationality-the,X6-purple-Purple-null,X5-creator-creator-the, X1-subj-X2,X4-Young-true,X4-has_name-Girl,X3-of-X4,X1-obj-X3,X6-has_name-purple,X5-in-X6,X1-obl_of-X5, X1-be-is-null,X2-which-Which-null,X4-Girl-Girl-null,X3-nationality-nationality-the,X6-purple-Purple-null,X5-creator-creator-the, X1-subj-X2,X4-has_name-Young,X4-has_name-Girl,X3-of-X4,X1-obj-X3,X6-has_name-purple,X5-in-X6,X1-obl_of-X5, X1-be-is-null,X2-which-Which-null,X4-Young Girl-Young Girl-null,X3-nationality-nationality-the,X6-purple-Purple-null,X5-creator-creator-the, X1-subj-X2,X4-has_name-Young Girl,X3-of-X4,X1-obj-X3,X6-has_name-purple,X5-in-X6,X1-obl_of-X5, X1-be-is-null,X2-which-Which-null,X5-purple-Purple-null,X4-creator-creator-the,X3-nationality-nationality-the,X6-Girl-Girl-null, X1-subj-X2,X5-has_name-purple,X4-in-X5,X3-of-X4,X1-obj-X3,X6-Young-true,X6-has_name-Girl,X1-obl_of-X6, X1-be-is-null,X2-which-Which-null,X5-purple-Purple-null,X4-creator-creator-the,X3-nationality-nationality-the,X6-Girl-Girl-null, X1-subj-X2,X5-has_name-purple,X4-in-X5,X3-of-X4,X1-obj-X3,X6-has_name-Young,X6-has_name-Girl,X1-obl_of-X6, X1-be-is-null,X2-which-Which-null,X5-purple-Purple-null,X4-creator-creator-the,X3-nationality-nationality-the,X6-Young Girl-Young Girl-null, X1-subj-X2,X5-has_name-purple,X4-in-X5,X3-of-X4,X1-obj-X3,X6-has_name-Young Girl,X1-obl_of-X6, X1-be-is-null,X2-which-Which-null,X4-creator-creator-the,X5-Girl-Girl-null,X6-purple-Purple-null,X3-nationality-nationality-the, X1-subj-X2,X3-of-X4,X5-Young-true,X5-has_name-Girl,X3-of-X5,X6-has_name-purple,X3-in-X6,X1-obj-X3, X1-be-is-null,X2-which-Which-null,X4-creator-creator-the,X5-Girl-Girl-null,X6-purple-Purple-null,X3-nationality-nationality-the, X1-subj-X2,X3-of-X4,X5-has_name-Young,X5-has_name-Girl,X3-of-X5,X6-has_name-purple,X3-in-X6,X1-obj-X3, X1-be-is-null,X2-which-Which-null,X4-creator-creator-the,X5-Young Girl-Young Girl-null,X6-purple-Purple-null,X3-nationality-nationality-the, X1-subj-X2,X3-of-X4,X5-has_name-Young Girl,X3-of-X5,X6-has_name-purple,X3-in-X6,X1-obj-X3, X1-be-is-null,X2-which-Which-null,X5-Girl-Girl-null,X4-creator-creator-the,X6-purple-Purple-null,X3-nationality-nationality-the, X1-subj-X2,X5-Young-true,X5-has_name-Girl,X4-of-X5,X3-of-X4,X6-has_name-purple,X3-in-X6,X1-obj-X3, X1-be-is-null,X2-which-Which-null,X5-Girl-Girl-null,X4-creator-creator-the,X6-purple-Purple-null,X3-nationality-nationality-the, X1-subj-X2,X5-has_name-Young,X5-has_name-Girl,X4-of-X5,X3-of-X4,X6-has_name-purple,X3-in-X6,X1-obj-X3, X1-be-is-null,X2-which-Which-null,X5-Young Girl-Young Girl-null,X4-creator-creator-the,X6-purple-Purple-null,X3-nationality-nationality-the, X1-subj-X2,X5-has_name-Young Girl,X4-of-X5,X3-of-X4,X6-has_name-purple,X3-in-X6,X1-obj-X3,",Incorrect partial DRS,null,null
499,Which is the nationality of the creator of Yucca (Yucca baileyi)?," X1-be-is-null,X2-which-Which-null,X6-Yucca baileyi-Yucca baileyi-null,X5-Yucca-Yucca-null,X4-creator-creator-the,X3-nationality-nationality-the, X1-subj-X2,X5-rel-X6,X5-has_name-Yucca,X4-of-X5,X3-of-X4,X1-obj-X3, X1-be-is-null,X2-which-Which-null,X3-nationality-nationality-the,X6-Yucca baileyi-Yucca baileyi-null,X5-Yucca-Yucca-null,X4-creator-creator-the, X1-subj-X2,X1-obj-X3,X5-rel-X6,X5-has_name-Yucca,X4-of-X5,X1-obl_of-X4, X1-be-is-null,X2-which-Which-null,X3-nationality-nationality-the,X4-creator-creator-the,X6-Yucca baileyi-Yucca baileyi-null,X5-Yucca-Yucca-null, X1-subj-X2,X1-obj-X3,X1-obl_of-X4,X5-rel-X6,X5-has_name-Yucca,X1-obl_of-X5, X1-be-is-null,X2-which-Which-null,X4-creator-creator-the,X6-Yucca baileyi-Yucca baileyi-null,X5-Yucca-Yucca-null,X3-nationality-nationality-the, X1-subj-X2,X3-of-X4,X5-rel-X6,X5-has_name-Yucca,X3-of-X5,X1-obj-X3, X1-be-is-null,X2-which-Which-null,X5-Yucca baileyi-Yucca baileyi-null,X4-Yucca-Yucca-null,X3-nationality-nationality-the,X6-creator-creator-the, X1-subj-X2,X4-rel-X5,X4-has_name-Yucca,X3-of-X4,X1-obj-X3,X1-obl_of-X6, X1-be-is-null,X2-which-Which-null,X4-creator-creator-the,X3-nationality-nationality-the,X6-Yucca baileyi-Yucca baileyi-null,X5-Yucca-Yucca-null, X1-subj-X2,X3-of-X4,X1-obj-X3,X5-rel-X6,X5-has_name-Yucca,X1-obl_of-X5,",Incorrect partial DRS,null,null
500,Which is the nationality of the creator of Zoltan Hecht?," X1-be-is-null,X2-which-Which-null,X5-Zoltan Hecht-Zoltan-null,X4-creator-creator-the,X3-nationality-nationality-the, X1-subj-X2,X5-has_name-Zoltan Hecht,X4-of-X5,X3-of-X4,X1-obj-X3, X1-be-is-null,X2-which-Which-null,X3-nationality-nationality-the,X5-Zoltan Hecht-Zoltan-null,X4-creator-creator-the, X1-subj-X2,X1-obj-X3,X5-has_name-Zoltan Hecht,X4-of-X5,X1-obl_of-X4, X1-be-is-null,X2-which-Which-null,X3-nationality-nationality-the,X4-creator-creator-the,X5-Zoltan Hecht-Zoltan-null, X1-subj-X2,X1-obj-X3,X1-obl_of-X4,X5-has_name-Zoltan Hecht,X1-obl_of-X5, X1-be-is-null,X2-which-Which-null,X4-creator-creator-the,X5-Zoltan Hecht-Zoltan-null,X3-nationality-nationality-the, X1-subj-X2,X3-of-X4,X5-has_name-Zoltan Hecht,X3-of-X5,X1-obj-X3, X1-be-is-null,X2-which-Which-null,X4-Zoltan Hecht-Zoltan-null,X3-nationality-nationality-the,X5-creator-creator-the, X1-subj-X2,X4-has_name-Zoltan Hecht,X3-of-X4,X1-obj-X3,X1-obl_of-X5, X1-be-is-null,X2-which-Which-null,X4-creator-creator-the,X3-nationality-nationality-the,X5-Zoltan Hecht-Zoltan-null, X1-subj-X2,X3-of-X4,X1-obj-X3,X5-has_name-Zoltan Hecht,X1-obl_of-X5,","Drs [
 tokens=[],
 dEntities=[
DEntity(X1, be, is, VERB, null, false, Query1, Query), 
DEntity(X2, which, Which, PRON, null, false, Qualifier2, Qualifier), 
DEntity(X5, Zoltan Hecht, Zoltan, PROPN, null, false, Artefact3, Artefact), 
DEntity(X4, creator, creator, NOUN, the, false, Artist4, Artist), 
DEntity(X3, nationality, nationality, NOUN, the, false, ConceptArtist5, ConceptArtist)],
 dConditions=[
DCondition(X1, subj, X2, propriedades= [qQualifier] --- []), 
DCondition(X5, has_name, Zoltan Hecht, propriedades= [] --- [has_name, has_text, who]), 
DCondition(X4, of, X5, propriedades= [author_of] --- []), 
DCondition(X3, of, X4, propriedades= [conc_of_Artist] --- []), 
DCondition(X1, obj, X3, propriedades= [select] --- []), 
DCondition(X1, has_text, be, propriedades= [] --- [has_name, has_text, who]), 
DCondition(X2, has_text, which, propriedades= [] --- [has_name, has_text, who]), 
DCondition(X5, has_text, Zoltan Hecht, propriedades= [] --- [has_name, has_text, who]), 
DCondition(X4, has_text, creator, propriedades= [] --- [has_name, has_text, who]), 
DCondition(X3, has_text, nationality, propriedades= [] --- [has_name, has_text, who]), 
DCondition(X2, has_name, null list, propriedades= [] --- [has_name, has_text, who]), 
DCondition(X1, obj, X2, propriedades= [qQualifier] --- [])]
 solu��es = []
 numeroFrase = 0
 numHasNames = 2
 numIndividuals = 5
 numEntitiesOk = 10
 numIsClass = 0
 numPropsOk = 5
 numEntitiesNOk = 0
 numClassesOk = 4]"," PREFIX rdf: <http://www.w3.org/1999/02/22-rdf-syntax-ns#> PREFIX xsd: <http://www.w3.org/2001/XMLSchema#> PREFIX rdfs: <http://www.w3.org/2000/01/rdf-schema#> PREFIX cidoc: <http://www.cidoc-crm.org/cidoc-crm/> SELECT  DISTINCT  ?snameConceptArtist5 ?ConceptArtist5 ?snameArtefact3 ?Artefact3 WHERE { {{?Artefact3 cidoc:P131_is_identified_by ?nameArtefact3 . ?nameArtefact3 rdf:value ?snameArtefact3 .}  UNION {?Artefact3 rdfs:label ?snameArtefact3 .}}  filter(regex(?snameArtefact3,""Zoltan Hecht"",""i"")) . ?prod cidoc:P14_carried_out_by ?Artist4 . ?Artefact3 cidoc:P108i_was_produced_by ?prod . ?Artist4 rdfs:label ?snameArtist4 . ?Artist4 cidoc:P107i_is_current_or_former_member_of ?ConceptArtist5. ?ConceptArtist5 rdfs:label ?snameConceptArtist5. }",true
501,Which is the nationality of the creator of Zoot Suit?," X1-be-is-null,X2-which-Which-null,X5-Zoot Suit-Zoot Suit-null,X4-creator-creator-the,X3-nationality-nationality-the, X1-subj-X2,X5-has_name-Zoot Suit,X4-of-X5,X3-of-X4,X1-obj-X3, X1-be-is-null,X2-which-Which-null,X3-nationality-nationality-the,X5-Zoot Suit-Zoot Suit-null,X4-creator-creator-the, X1-subj-X2,X1-obj-X3,X5-has_name-Zoot Suit,X4-of-X5,X1-obl_of-X4, X1-be-is-null,X2-which-Which-null,X3-nationality-nationality-the,X4-creator-creator-the,X5-Zoot Suit-Zoot Suit-null, X1-subj-X2,X1-obj-X3,X1-obl_of-X4,X5-has_name-Zoot Suit,X1-obl_of-X5, X1-be-is-null,X2-which-Which-null,X4-creator-creator-the,X5-Zoot Suit-Zoot Suit-null,X3-nationality-nationality-the, X1-subj-X2,X3-of-X4,X5-has_name-Zoot Suit,X3-of-X5,X1-obj-X3, X1-be-is-null,X2-which-Which-null,X4-Zoot Suit-Zoot Suit-null,X3-nationality-nationality-the,X5-creator-creator-the, X1-subj-X2,X4-has_name-Zoot Suit,X3-of-X4,X1-obj-X3,X1-obl_of-X5, X1-be-is-null,X2-which-Which-null,X4-creator-creator-the,X3-nationality-nationality-the,X5-Zoot Suit-Zoot Suit-null, X1-subj-X2,X3-of-X4,X1-obj-X3,X5-has_name-Zoot Suit,X1-obl_of-X5,","Drs [
 tokens=[],
 dEntities=[
DEntity(X1, be, is, VERB, null, false, Query1, Query), 
DEntity(X2, which, Which, PRON, null, false, Qualifier2, Qualifier), 
DEntity(X5, Zoot Suit, Zoot Suit, PROPN, null, false, Artefact3, Artefact), 
DEntity(X4, creator, creator, NOUN, the, false, Artist4, Artist), 
DEntity(X3, nationality, nationality, NOUN, the, false, ConceptArtist5, ConceptArtist)],
 dConditions=[
DCondition(X1, subj, X2, propriedades= [qQualifier] --- []), 
DCondition(X5, has_name, Zoot Suit, propriedades= [] --- [has_name, has_text, who]), 
DCondition(X4, of, X5, propriedades= [author_of] --- []), 
DCondition(X3, of, X4, propriedades= [conc_of_Artist] --- []), 
DCondition(X1, obj, X3, propriedades= [select] --- []), 
DCondition(X1, has_text, be, propriedades= [] --- [has_name, has_text, who]), 
DCondition(X2, has_text, which, propriedades= [] --- [has_name, has_text, who]), 
DCondition(X5, has_text, Zoot Suit, propriedades= [] --- [has_name, has_text, who]), 
DCondition(X4, has_text, creator, propriedades= [] --- [has_name, has_text, who]), 
DCondition(X3, has_text, nationality, propriedades= [] --- [has_name, has_text, who]), 
DCondition(X2, has_name, null list, propriedades= [] --- [has_name, has_text, who]), 
DCondition(X1, obj, X2, propriedades= [qQualifier] --- [])]
 solu��es = []
 numeroFrase = 0
 numHasNames = 2
 numIndividuals = 5
 numEntitiesOk = 10
 numIsClass = 0
 numPropsOk = 5
 numEntitiesNOk = 0
 numClassesOk = 4]"," PREFIX rdf: <http://www.w3.org/1999/02/22-rdf-syntax-ns#> PREFIX xsd: <http://www.w3.org/2001/XMLSchema#> PREFIX rdfs: <http://www.w3.org/2000/01/rdf-schema#> PREFIX cidoc: <http://www.cidoc-crm.org/cidoc-crm/> SELECT  DISTINCT  ?snameConceptArtist5 ?ConceptArtist5 ?snameArtefact3 ?Artefact3 WHERE { {{?Artefact3 cidoc:P131_is_identified_by ?nameArtefact3 . ?nameArtefact3 rdf:value ?snameArtefact3 .}  UNION {?Artefact3 rdfs:label ?snameArtefact3 .}}  filter(regex(?snameArtefact3,""Zoot Suit"",""i"")) . ?prod cidoc:P14_carried_out_by ?Artist4 . ?Artefact3 cidoc:P108i_was_produced_by ?prod . ?Artist4 rdfs:label ?snameArtist4 . ?Artist4 cidoc:P107i_is_current_or_former_member_of ?ConceptArtist5. ?ConceptArtist5 rdfs:label ?snameConceptArtist5. }",true
